4525
37098
49900
13575
59842
90551
88466
90934
21521
33338
63819
98308
84147
64616
42086
15520
63993
25056
59935
72834
9142
13291
45357
2539
76762
6988
71087
52922
66715
96254
60166
46747
38352
63493
75147
5252
32944
14965
22101
60207
31119
7175
48149
72945
31535
56992
89059
66834
40870
88765
42240
60961
40940
8462
54989
56117
30828
39678
16494
44875
50017
21341
9141
61811
47935
39662
54493
8767
66112
36993
17149
87356
85390
45323
75194
8228
74957
95517
77310
19519
45485
31196
35875
11227
92533
68226
15590
83901
48062
29869
15285
19348
37422
49559
17563
14680
70213
75716
45793
52488
41102
25282
29011
11957
44908
40980
27846
5530
92718
25545
29567
60512
75859
17147
46614
80956
57740
94438
31675
374
44055
4143
67159
44848
54823
4962
72873
31332
54071
55235
65359
43532
68978
68852
80518
10137
63429
4797
75829
14314
14710
56101
24024
21477
487
73945
64589
55828
3019
18678
1933
37591
874
99039
53060
50712
52330
54066
4784
31843
55358
13776
73131
80141
28433
44221
34930
42442
7541
74291
27278
48306
8006
36892
36006
52717
71093
73086
52563
83511
59767
38305
33455
4593
49327
93960
87435
8691
24255
20840
6185
85603
39600
31041
57087
13135
26020
86588
78861
35157
67509
86689
91094
44153
43144
39387
33272
17696
44696
62311
35618
64597
97562
33891
22543
63374
74174
20786
39600
73675
41948
5233
20647
14107
61088
60211
42072
25382
8705
45234
42766
60365
890
96475
42495
85077
28982
23028
87324
97891
9686
57372
90921
76527
72329
97233
70102
58609
20907
63355
89843
34337
14122
42816
32368
61603
69634
33676
84199
29860
54104
65899
29283
66467
76085
95078
47295
96706
99364
93032
20277
29853
35083
92808
9230
86330
19024
40651
14239
66187
41114
40483
63150
66410
23695
38714
76305
3402
54511
41662
94855
48925
38077
88151
3094
17510
11723
71140
97554
30193
75368
59175
72199
56434
91431
89683
48897
91778
47159
195
74019
4677
60642
62917
25459
12429
66689
20160
53015
26383
38287
75585
13513
36125
22797
71316
71509
44606
68666
13372
4295
15989
51716
32848
97914
9976
84541
12893
5411
25994
23999
10916
58497
32857
12680
43925
60497
92041
68649
38338
51538
34754
6188
30671
93513
28124
38755
11303
65575
86395
54772
6379
28194
60060
9568
80884
45374
67440
80742
54182
89154
9638
4376
49940
10967
96698
61942
54087
28506
21709
73831
48201
4549
6391
82830
57150
70654
10857
6549
85574
98314
48291
38413
14964
61483
28788
29868
50124
71549
58785
66025
3187
56336
88332
82111
67112
95236
17876
55560
15458
1708
3971
53966
4922
74532
65022
69639
21718
78765
28877
75772
80512
3525
10263
58566
62117
8964
56389
4235
18150
37086
6555
40377
60847
24841
19393
69207
79786
73422
52136
12304
17752
32413
63459
64781
94990
29431
68937
44767
67349
96346
82744
29945
86500
59893
46684
45593
79142
70950
51041
41082
38081
84631
35671
88722
63872
76547
66888
45023
12105
851
67885
1537
6492
27573
48864
75772
72198
60929
22464
18349
41634
35691
91533
59419
83452
75431
18114
89321
36888
95343
81262
16791
27073
95784
20722
30446
44988
32679
73705
85349
77829
14074
57364
35907
98271
77716
1579
14494
11881
19149
42641
83300
28275
21214
94599
80624
334
98345
67118
71735
51081
41671
86168
37341
27990
42473
45562
81876
95054
8336
48430
58686
16898
16669
31544
4169
88328
14754
57428
52846
39461
85459
49047
72655
11423
78224
12297
59917
4697
69877
17987
40302
37580
67950
9669
29574
40832
50141
65504
12735
9109
12120
35308
72019
94030
41835
27876
9675
25663
45763
16695
43728
39375
35244
49030
37130
17806
9862
97904
68177
88676
430
94715
83306
47121
35963
96962
60980
69096
18864
92406
63981
40855
66509
21714
10574
939
18451
4316
33316
91642
58049
72547
89486
65535
87383
28800
61858
8833
64772
76434
16770
88035
20872
12556
31837
50736
25879
82159
72977
93682
77712
33665
38616
63196
66457
51588
62030
53529
28771
37870
19646
55133
55363
91702
85209
16463
65101
92434
61699
12531
67196
1050
77108
33962
27871
72429
62164
45317
83230
75039
81219
91472
70985
67431
45925
73265
64699
47318
56040
53851
1092
9590
85157
12492
53164
85569
74438
63434
14621
65281
8044
8881
94228
36941
11295
67117
29599
21752
5277
75309
75124
84429
1721
57377
11661
52113
78320
89629
37552
16341
36000
51544
58842
88070
65555
61856
49810
34426
24195
97286
6326
92868
4455
15220
14155
52566
26515
51714
28388
82464
84721
503
82435
30043
88197
5634
64658
51281
47345
3182
81911
44192
43790
20719
95615
12089
67688
44041
85395
93235
88881
43626
96357
66381
3809
56537
98169
40034
28444
97949
94213
62573
55870
3427
76906
14882
41546
31082
37049
2908
61030
31740
18675
72531
34595
76118
69352
35768
23941
26919
90612
71539
19237
84851
79452
17945
73736
32308
67211
35246
12985
4771
73794
4529
63493
47052
43306
92250
97520
58020
26034
11677
88580
57487
28601
56571
49769
22816
6931
36279
62747
12419
67930
84409
30056
37867
60200
35677
26668
37261
72501
72526
69263
87214
67953
35352
61227
88429
8395
71719
14208
33770
91608
50329
84901
54496
31796
57691
31697
35929
75436
76186
54136
7507
87336
59265
79040
37622
22175
86257
34850
36753
61565
34587
66309
89937
31838
10289
80591
3134
22785
95207
48125
30787
97284
4190
84527
1063
62812
87507
19630
49928
62943
85986
54419
32609
54805
15859
56372
94211
47659
74147
23079
89453
34096
83222
74866
31593
61450
97310
77330
42572
65442
79934
30816
30471
97888
86955
40814
16668
86423
50834
5421
63428
54249
2193
26810
11882
46410
62996
22819
15175
93629
36765
20346
8608
65073
16868
80134
79270
52062
56474
33781
14640
42520
13559
58447
55080
49032
31666
62432
56652
41074
66707
43828
45134
82740
2865
46418
61872
45121
95778
78808
61406
88085
35609
49103
19765
71715
30504
70835
82263
96656
86050
23698
93993
53050
4217
26285
65921
91062
95029
3802
53140
23691
92256
88886
70493
25544
70354
62615
27402
83643
84795
96752
24762
81337
8310
23486
39822
1543
61836
63325
64129
68205
77200
57038
49233
89874
2614
64810
68673
33636
78080
34225
13702
34431
18807
41022
45141
91207
24753
63883
61668
83887
72619
50540
32493
17419
34745
2362
17885
21908
40291
81471
30952
75517
4452
22878
52346
5451
18563
2026
76865
91212
41966
54040
82664
8041
80782
67451
25020
77692
6759
46088
684
46406
40602
28625
6203
85274
74418
13206
82414
57669
54662
17676
63370
18371
28854
31943
76821
80439
42200
92166
6661
79814
23443
95886
37930
15879
99221
88495
61426
84972
90911
4837
97294
11091
44747
65845
27676
17935
37776
27191
58961
34560
5518
8236
14864
29988
67315
17862
46720
97226
71199
16259
75584
74417
24071
28844
36334
97862
50392
55045
8167
16818
51213
6937
24204
60242
66942
89658
77117
4930
5192
85483
49117
20764
87067
96262
29886
50321
45603
84310
46758
41071
42643
21022
85547
37316
84849
7499
52801
82536
85704
84535
64604
57076
42586
15682
69478
14987
35106
64739
36610
95050
23955
13736
98056
25550
47326
31082
64741
94326
30385
65670
7653
80916
56856
29132
67565
3974
6189
74167
45251
67787
85004
93649
45342
55428
55799
36395
24429
88941
46190
61315
195
25858
16232
33629
74931
75566
80821
10124
71367
83129
58288
53245
62944
27431
12361
83602
46488
46620
13898
97114
95632
38927
99096
7811
99522
71684
26292
39423
80911
43097
47215
76831
44465
71707
58083
69540
58890
53909
12494
9864
5006
76700
79118
89319
7922
35506
73929
69916
25540
38488
49207
28486
77766
94034
19040
84062
37221
4573
98031
84047
86081
86358
92564
21266
48639
96628
63155
36251
12628
19623
24136
51175
23526
50956
96289
64821
85433
61049
99616
20041
3928
21739
42334
97423
94476
69648
78769
41232
24558
10587
68904
65830
97048
26814
43533
28459
60600
69022
61539
61107
68580
76955
50844
79785
5368
60207
88162
65907
25599
89209
22387
16703
86961
89740
66732
48621
47291
30287
56223
59946
91111
99835
40202
40855
95750
22700
78711
87515
18229
158
31569
61208
96006
70319
94272
50929
68110
16251
45918
6334
80609
86599
99695
18532
99159
88875
95121
3783
57429
86625
51479
37560
55953
90153
40334
5046
42684
984
98540
4912
98694
84800
54601
30018
47760
50267
94919
58919
95438
85488
64867
94967
5120
13199
52793
24066
33528
76490
78470
88885
42168
77376
2643
70775
13162
21495
34558
68303
78514
4642
53608
58948
14142
80917
50256
83223
35164
67532
1340
73109
7174
65108
15636
16175
73896
62227
71275
80465
85218
25773
84567
73958
47887
29170
4807
2310
43677
47693
94129
8408
23888
97854
25823
17795
49699
22985
91245
20503
29254
8190
19285
31322
95440
67351
94787
69777
12751
65735
31690
77570
70482
54378
15593
61268
96344
79440
670
28421
4278
83106
13896
12581
621
19924
65198
99089
78305
77530
35309
26541
32186
5324
31269
15604
38205
31690
53452
56662
85511
16367
25198
2577
64985
97633
90315
25007
55409
96791
73141
70711
67350
6916
58892
6771
22512
42319
61604
81787
76360
74435
90007
43039
37099
21943
11775
73762
73271
38418
60171
85213
38383
94776
33092
84411
75657
99
94924
57887
4855
90391
44167
21879
21348
76686
66678
23096
86944
91893
70394
18539
87530
70740
86308
94903
94166
61011
9232
1701
91413
51745
58990
57994
99570
50481
84798
28763
3326
54762
92413
57042
84801
85986
4222
20584
62372
71343
35328
15097
43348
9747
70228
39848
70091
45909
37064
4226
97935
33507
84793
54062
45550
70732
24161
95707
2092
36060
67196
66679
5074
24251
66660
98370
27192
13282
58050
82172
28922
83914
10435
11660
59164
6412
7326
92125
78858
68358
38000
96033
30306
13702
26740
77099
2895
77366
62843
45453
16508
72137
47316
65187
57714
94146
22175
54285
68918
49345
60091
59030
49368
67172
8561
36441
52804
17662
49028
28353
72743
74773
46627
29725
61712
49789
36394
95779
75897
98143
24659
21141
9409
68956
42181
68565
53544
85255
39916
86349
3584
20402
18966
74283
7414
65940
81635
49657
34622
24378
48198
39736
61033
78788
29742
18262
91170
96990
91968
45306
24172
72779
58723
53371
43988
49642
43597
53461
15823
76689
96405
34952
81336
53519
1866
49780
44696
33946
15472
27800
41309
51299
72523
80468
3630
20891
77419
3480
52711
95148
20258
51017
31578
30129
99538
71446
60005
21989
82525
807
54465
50741
16220
39607
97282
77986
17366
44594
58211
68093
22031
94270
47761
830
43419
76093
23520
42946
13706
46854
97368
84666
98077
87409
52049
502
25734
64659
12694
13892
87430
78124
77295
65595
93870
33858
51918
13069
59614
72563
19753
37369
35586
35849
75448
68097
77712
29645
50118
96601
73867
55989
77178
53781
45631
77572
29847
11355
77205
61720
20088
29974
66168
47850
42537
14321
59155
86386
52524
82960
12750
66238
68543
23169
7952
18526
91273
84028
76760
25107
85678
72578
50031
69872
45130
58941
15739
37941
34188
46551
80714
95697
47117
40657
77982
83612
1693
44141
41198
82736
98448
29133
24351
75185
58457
4342
34128
8475
69067
632
77456
82005
58408
75004
10189
27944
76721
62726
40560
33760
82199
3200
7668
67159
63913
27981
55817
35844
34849
95808
11601
61048
9208
78441
95665
51549
21920
78664
65299
65748
21454
91279
63118
93827
36261
68424
98556
81415
58506
28255
7900
48680
48311
90876
30879
27053
35489
63444
87394
85383
1795
82740
15093
68195
12294
64823
84857
46744
98500
50318
40075
19247
69683
45269
26046
22386
36210
82628
250
14010
36964
92559
11668
72956
26020
49835
93919
84308
41930
94891
10761
42096
87051
69777
81379
255
53065
64227
89491
5976
36544
64495
35285
51275
87102
59690
28305
43229
45829
25820
63005
73311
19581
52108
99099
5959
49482
94930
22690
33912
91863
25662
49879
62825
39258
41818
57642
97774
79913
38500
12834
49166
45024
69826
27490
62917
68047
33050
21869
53331
16774
47942
51019
38601
56216
76003
90142
82091
51716
4594
86132
51559
7613
25624
21806
35846
89450
70688
42181
24036
3314
48002
26694
20691
14428
76022
69938
68315
6317
79230
35250
58734
3403
79312
69802
87931
81714
81768
20938
27081
79445
44217
5851
43531
37198
32240
15561
91399
86868
85678
14858
55415
38896
77284
64936
879
36218
80028
53941
17713
7119
46670
48905
48348
53888
45916
78746
66382
15949
87381
79551
72921
61478
73030
63089
45670
62255
98673
76093
72982
15830
27607
57842
75135
22663
71795
45273
9829
4374
63668
70467
2283
46420
5896
57330
89863
9464
62495
79139
39009
8382
74937
54308
92281
22931
46748
61087
32416
65770
97844
77549
30933
81620
18213
45231
58910
63279
59441
72222
87973
48791
96609
7614
67794
55901
76098
69961
21023
31201
96698
56398
63947
71091
46354
65899
1644
97122
43477
4352
48090
91697
65655
38363
4011
16224
31307
76377
76651
58355
57310
94405
44385
42314
93173
69463
37711
59825
12508
74632
85919
67569
94359
94266
67379
96033
25395
18342
35238
63959
50434
5401
72479
79379
13344
37031
36595
15540
14198
73948
48732
59696
56675
35873
74891
33967
21142
71645
86317
79973
42051
44943
98773
30349
63817
61982
87531
50452
26651
85515
86077
98520
11032
27102
83600
99994
74853
22168
73709
33672
55050
86868
54127
4208
13263
14148
43589
26871
57849
24976
37572
7049
57441
84220
52640
45320
92912
61970
5932
57942
99075
93228
32258
56090
62275
30249
75307
90228
17476
27624
74879
62150
64943
91283
97783
90435
7464
23267
66086
52708
30979
24009
58881
22699
81899
59757
16220
62536
72570
51392
49075
52198
93927
68018
96345
17528
82879
62797
37458
27696
29067
31594
21515
10595
79933
51566
31824
50808
22656
25197
88628
48008
51345
93377
61500
11511
91554
38629
52098
36887
35177
29636
37912
59315
86203
67051
88031
56837
27092
4006
78343
31930
57094
34430
67774
2977
5923
63802
97994
78331
85516
37277
57708
24808
10907
2551
79486
69671
12223
85068
63301
20535
5634
43523
91973
2560
42394
68093
78471
95000
21124
54748
77222
95386
1302
27199
98023
90408
21173
60786
21748
37963
22295
42504
47034
29920
62493
32569
88260
93712
87661
98218
22100
84738
53781
9103
8615
46415
24412
625
7256
11782
98273
81388
48217
85600
26863
30369
60047
33954
79955
12956
13028
83501
31541
14825
59736
96164
88233
17899
45429
51467
26051
98485
39764
29113
11754
63763
85767
85063
68781
70828
11833
53100
89687
22326
62452
74392
30864
9485
15142
9717
552
12636
78857
23272
70387
72368
61991
38789
21181
52724
29502
12011
24736
65911
2362
15801
64667
12529
41522
31079
46053
38746
67926
18947
31597
78254
13243
52059
70029
44925
25558
26261
89591
64076
43097
85577
51708
70154
72411
8295
97546
42554
89568
65008
94427
9194
975
69707
24689
89060
47047
915
63148
36936
55263
80689
53496
58201
60585
95514
19981
15971
33895
40505
11983
44038
68798
16460
89699
77137
839
86761
6744
72719
73582
5893
42886
54266
7898
95216
85961
48812
13824
92165
75282
46021
15408
33528
15899
209
29287
97775
45983
59238
72365
64454
20794
89989
24022
41510
95262
83568
41047
28015
51055
63889
40433
36897
26665
79165
85816
86255
3046
95389
89299
67346
14015
96134
89962
52627
98138
52263
70484
56390
11526
27951
26308
36530
75166
66752
64074
55681
69452
29715
42168
35891
21582
72314
10705
79698
60114
45809
3687
24568
32314
62973
18844
7680
76690
72412
25098
17243
95430
92273
57663
74559
78904
17369
24561
46396
19755
35635
24493
38472
34542
5624
22799
17272
89455
92494
34626
65649
49231
83151
78666
5654
88278
61821
75205
96409
51729
42820
40447
68715
16550
17910
40886
98984
27393
79131
99695
55411
52373
99681
78028
44773
62883
60190
92897
51047
42850
67010
30624
63416
42742
82611
87159
92076
96206
13935
60429
67294
74658
47502
32362
87345
37360
86902
57062
69382
59537
38071
76041
64134
86482
92528
39914
99652
98055
88435
72360
28504
30410
47828
14877
20130
84194
8607
56988
21788
37575
23473
66137
55573
32704
69141
59479
94671
92228
39201
43749
89033
36096
15597
64506
77131
10208
63994
10659
81230
63844
56826
56335
71282
9862
25303
35700
84874
51880
10432
7624
90023
23316
97343
88311
77264
28881
1530
91722
23691
60019
28851
38068
28973
36893
56404
10254
57082
43703
15695
18484
40479
92594
77875
20151
81251
18408
65921
20540
96212
45375
67409
56851
51006
44411
2798
58597
36017
12632
27972
37158
88968
78613
48406
59295
85358
25351
97490
99534
97400
1839
88760
26022
64177
45784
65605
41582
6817
79343
90220
93164
91323
62851
98841
27398
47549
14397
88229
86646
25686
44980
58295
4540
83393
56978
51431
96694
86043
76456
10043
46344
38906
19829
78680
54006
7207
57363
14804
26509
89560
16967
71516
88797
93286
50232
18949
19920
75840
42064
443
97549
42811
67568
71394
8339
46891
57187
9772
65367
23540
58942
87318
72967
4851
55750
51273
13228
43039
62250
37861
91903
3409
6326
27551
67392
51129
36883
40166
31797
32286
9315
10853
80799
78570
81019
90021
3836
98127
73084
44224
22831
72186
7895
88489
63573
25037
64893
19545
79589
79909
35337
82941
57344
13311
10799
89882
75851
34650
62495
94513
79972
72849
12530
17960
85000
65199
49462
4795
57828
23197
83227
47
39017
40488
15130
17101
76277
52706
63063
67085
74532
58018
82279
85474
7924
40641
23045
836
65820
98978
90996
54504
64240
56236
94769
91612
49507
78006
38029
34058
96009
44644
61455
85368
87901
30461
21160
76511
1645
55110
59200
61233
86430
790
31009
82103
37524
8922
32734
94323
14486
63573
85614
8030
99876
35630
42470
11533
49535
8982
37039
17143
85313
97171
57579
96923
24702
3180
89537
53906
50294
38106
62076
3589
10681
55297
71710
94996
92914
67131
10590
51550
73994
57371
43167
17144
61442
15353
87670
94547
62811
63475
32778
56312
64027
60857
65445
50391
15428
89324
62952
41998
50377
32802
69835
10425
55157
77571
80593
25731
17597
64139
98286
22001
27155
46475
51256
51706
24533
69594
60627
47304
54969
54346
70068
79853
16701
28289
35594
62853
79472
45982
24956
29386
11836
5033
75583
7046
26318
11055
21163
30635
8687
66391
6573
61184
26933
24825
73119
57565
47465
24826
64181
14351
19388
65424
57289
86820
59653
37774
97330
5277
20500
50461
82901
54226
22182
16019
91117
72213
99574
84197
937
86766
4881
62361
4941
49113
40359
95577
26435
51985
5976
78078
24846
85083
81501
55372
97521
72701
3912
75756
61943
20889
64506
11267
90833
16357
61326
7292
70061
64556
81459
30924
82853
20681
84789
88510
26013
7493
43109
57441
32480
28108
503
26851
63032
40909
4780
52513
85825
98314
17875
50250
40743
76030
61126
2510
76631
87035
74376
40169
49049
62333
18923
60330
37980
90007
49485
30835
39090
7964
80567
76167
26178
10139
47197
91923
76616
68027
9793
57467
16047
74350
93138
50209
35182
59435
73299
95661
7949
70313
87159
89381
29085
23226
77503
5918
75369
30876
16462
36202
5435
77965
12499
98081
60538
83852
25720
86533
99608
19246
37050
6699
37294
39520
65227
83962
26723
13710
75721
44237
23013
88389
97535
10636
63171
19436
23939
33017
60714
48466
12744
51671
4880
68443
18101
24166
96308
36195
19213
32118
39353
17188
20022
12279
68892
15855
7085
54348
43029
27745
3496
87688
13090
28902
11257
25364
44261
6523
12320
84977
52439
14079
23544
71542
14337
10439
2078
76835
86690
28309
89916
52792
9353
51178
2223
1501
89156
6446
92603
30195
50474
75222
95829
80800
99646
58257
70713
72482
93603
26000
56959
79206
52111
93407
55906
21263
82126
85771
99737
33807
2795
89230
9593
50321
66917
6725
32815
47443
93865
9945
40015
4420
17643
79738
46240
30395
47743
45046
21069
99797
60126
45680
29909
38187
51547
40746
6593
41041
71195
55620
59683
64200
52185
56142
49689
20975
20316
70528
87209
20252
63304
76909
47748
84853
79224
37047
13939
11903
8041
8558
21375
82543
10926
76316
9301
78303
19514
79510
57401
88374
8321
64516
26933
59599
25743
8627
90736
52358
31800
69732
88889
31385
57123
4877
61091
10035
41636
13054
46794
13353
20275
49160
64643
47761
40672
55583
28341
92702
81058
92893
94915
49958
7805
68463
20141
8405
97272
39
6047
36586
56580
42090
39899
48381
25540
48188
95010
71465
80130
64478
73541
91853
93686
65913
73189
24999
2354
27473
45666
91915
91486
97073
98774
74329
89662
37476
30153
57371
75739
9839
19076
48703
31135
71392
86956
91331
45536
89544
83755
35830
35745
29607
33077
2295
90745
79570
3331
31808
47729
10611
28722
21318
87473
80303
6162
33848
6796
97230
36766
23334
32074
75956
9442
96490
50912
15921
63840
63982
61736
36388
19947
30874
28700
63820
63594
27165
67223
17899
8643
65456
89147
78006
90818
80071
78823
69787
2939
71165
35778
50683
6897
25019
33625
17944
47312
25085
26198
35848
96946
36380
17588
46948
58332
63150
57865
6046
32025
43094
78392
27960
2723
37733
24331
33794
92400
69434
95145
97115
31082
30665
63609
95317
25468
65284
11928
45821
61999
5971
85563
9211
14475
76261
38074
71656
88889
14215
66322
23667
17949
17814
48342
1359
94388
14531
88130
57624
97453
67604
20491
49295
64823
44387
1191
97849
21523
71920
36174
70838
83461
91371
52644
27996
10836
19244
29603
54404
77497
87430
16385
13989
91405
43622
17211
51090
88163
89177
46771
10600
22513
53846
98004
22435
83581
67552
52610
25805
4401
43250
61146
7021
87156
73660
20200
11243
22076
61828
38837
76380
97713
69049
72173
8002
25198
41506
15897
16682
72086
29323
85377
99188
87380
64875
96880
76317
8392
73262
2335
92918
12950
21956
25191
43306
33014
78130
80486
35325
90337
69238
87217
31748
60195
37472
32849
69787
45532
51828
71189
58978
88823
64002
17847
72617
91895
44147
29713
46786
72636
61250
76556
78801
5937
26112
16242
59205
55022
75351
23991
53740
59290
50550
36673
30125
33009
53305
27270
6896
82135
23699
41816
77851
27257
73605
5694
2707
77580
45714
11750
12363
6292
95667
52643
88660
8972
84139
43298
40633
19989
77116
71698
1937
71017
21188
72687
87827
44537
72178
6295
43474
10575
41003
62281
90046
14243
79651
31158
53876
29343
16261
19028
99754
40653
57304
19889
23759
30376
83635
5499
64334
52018
35688
52077
97418
40709
62955
88586
346
65966
81253
56347
45311
30513
68206
57146
28041
68739
83722
69934
47828
59891
34775
88018
88814
11847
52332
49262
28557
64553
44095
66106
28539
15540
49577
5349
97576
98443
11325
67956
8881
29061
42903
28575
3126
81251
57450
54120
10999
52956
19767
116
60489
75335
47363
10628
2128
85308
48511
33126
56853
61254
70476
32901
24717
77959
40226
69131
70265
22947
11473
24622
25729
54702
55393
16177
20514
75082
40129
83934
5212
73672
74121
99630
26075
94016
40772
20684
7706
8427
58361
71476
79883
6453
83491
15893
30298
69433
25030
92547
52043
72313
1933
35094
14097
4427
6833
60427
99073
73654
12036
78901
89023
96684
26396
20972
26065
73885
42162
84717
67532
63492
21293
90412
45229
69309
36662
80953
43778
91472
53023
65765
96614
76624
98409
37011
91034
97997
40975
64156
21450
47566
23859
37049
66151
16179
64767
24573
87786
14792
92437
94511
16560
88617
61718
53040
8620
99703
6069
27566
89367
91187
77654
31214
18134
66277
93728
78785
17623
42487
2168
29032
17530
46415
68168
92092
64040
86837
46823
33925
32583
68730
95274
69910
37715
28150
5561
28653
92816
95721
87287
5278
55145
85414
34260
83531
23224
77719
78081
74493
90541
31338
22731
99154
11590
75583
3928
57600
27526
73844
2526
62161
46422
58800
8223
28209
7867
49306
81551
61733
29792
7050
72650
37125
37740
86728
89280
81309
99305
76289
78082
14811
47080
90923
20725
56906
78393
89163
62170
30785
1225
93132
28045
42419
21772
17094
97729
62450
29959
18487
7729
69867
32008
47788
10178
8316
88726
22270
80094
95384
22626
7634
16408
347
13385
8562
92864
4018
46403
1043
5338
75328
75021
5377
36156
98941
92401
15811
10619
13752
16889
59303
98476
46113
50070
49858
28560
75844
83982
71397
91586
98664
54626
89732
28499
35753
95018
74790
43087
53529
30446
47927
72176
96981
82102
22557
37810
67656
10089
77534
34305
32509
75963
87677
67548
53973
55351
39611
15556
33581
2975
37969
17813
57995
90352
83670
89483
15022
41728
67164
27578
43005
42913
45713
58111
82705
99682
36428
69370
73691
87700
17173
976
54233
46260
88403
41200
70482
76707
7039
66822
68374
81004
28950
98444
22989
30816
28556
65523
98307
10839
58454
91236
81148
169
94068
85181
31681
97004
57981
88674
2478
96643
61800
4036
23506
94793
25909
72621
44690
12349
77879
44610
29843
65158
78148
48736
30985
91627
83061
9122
22542
87973
61837
52455
26543
52952
54368
42825
76770
95050
58095
55438
46383
83883
72733
39628
17446
47637
93979
4853
14564
82747
92344
81238
34798
8281
39831
33911
38504
3727
66362
46070
42031
1293
52668
65390
45569
15999
94428
20959
80188
14958
21899
82716
89341
73103
80840
45170
52045
70751
50018
71554
93890
69392
51690
46313
74257
28159
54203
15320
91413
97564
29611
91749
99879
30830
88082
75770
33455
36762
94876
40235
30737
71493
5139
73394
54289
73840
12663
35648
26855
67310
31126
12973
10293
55654
30327
67084
57495
27643
23914
64269
85292
36104
51459
94087
46801
50008
49668
43083
42825
87225
47491
61178
68337
36162
18442
45269
32121
32831
65114
94621
86298
22000
41703
62731
34003
27720
6802
28541
72553
29040
47539
11114
59056
80736
41801
86426
18688
17432
76184
19002
71719
4070
8312
22031
13771
69890
7701
94128
37717
88586
46618
60080
19357
34098
96051
321
57034
76163
20861
10282
69121
72634
539
20993
80
76547
14282
20768
94167
89411
71756
92243
99818
16459
39169
61356
29598
87547
60453
21682
15413
19231
42035
32991
89038
11504
38876
24926
46060
41536
94743
77245
77372
44773
78055
96915
44974
32409
96383
266
63231
6651
10893
11113
18713
2490
82376
85548
32578
25481
31018
18532
47065
81582
48778
48948
16591
4783
9187
69313
69781
48100
7229
87263
34583
94748
60194
50673
20485
40962
7705
98074
14918
14417
8507
47340
68149
91401
86103
68020
40823
43321
37262
5671
23799
31693
62623
70919
93156
46726
13127
6680
50029
56323
44599
40867
1900
82464
77306
56294
29593
52852
64390
6152
49576
58692
55570
32321
87048
64797
96006
37743
98402
72977
75478
1964
72295
53392
53587
78637
21111
71203
45691
96055
66020
49926
55418
18109
71184
92116
28028
6421
33523
30728
50974
16257
81572
73305
37768
80587
33611
39867
25925
83211
94001
90033
70218
52685
27584
42246
64266
79588
19037
87590
22546
58067
66445
30003
41907
35243
53429
85410
28546
42865
81839
48173
54747
24560
14578
71609
92453
29030
61372
27892
22040
45147
87486
50384
87262
46346
35303
22263
90780
13509
14449
61668
42442
27080
59866
94336
56106
65094
20947
89444
86529
23035
91330
21018
80598
48177
78648
72968
95003
4400
34587
84340
4762
71846
17672
81532
35800
98544
26533
53707
86810
83815
76528
11407
76130
98523
47935
61888
19762
87016
49161
39177
65861
57025
84394
89618
48851
26978
9323
78311
67120
19189
30424
5641
36828
69696
37048
78184
99717
16966
99039
89746
2011
43047
47513
71870
6117
13256
41374
24868
2177
6913
99912
41319
56209
44880
43164
70019
4129
40246
13918
55398
87528
71577
82965
33289
49380
51828
24295
53925
82974
98819
48836
78202
49813
63031
97641
50991
82147
33936
8292
88916
10071
76677
32024
47111
33926
88709
22057
64950
12322
34939
75956
96067
81395
26810
3854
176
21533
29250
80046
19364
53741
68959
82166
34368
57570
79406
93094
69945
90354
45341
73881
33982
70543
1810
88960
10423
52218
78377
95722
20090
30594
15867
9598
9270
50549
72062
36252
72697
65532
57207
60004
54512
72914
44299
98122
55215
84390
89852
49302
42258
98132
99782
74854
55558
88013
59352
99534
89987
62195
65739
16312
71326
15393
95696
62310
49283
83809
42445
81044
71843
46277
34538
66565
25776
45032
42255
66709
78158
1502
2608
66823
78787
52560
10031
55867
58514
64641
24520
20779
22200
16656
11270
11398
60642
48821
59499
14769
76303
81676
12018
87861
62768
78104
81437
75516
59853
10418
74574
14543
86929
56345
45574
69364
99957
96705
15982
89799
4162
53569
29133
35986
32355
50765
6958
74620
24126
51034
62669
51135
82981
71796
89973
87857
25498
20711
1236
1273
45799
70954
45399
39563
20291
35985
50645
28643
2260
62151
2929
47784
39245
26834
84671
38638
12189
97271
52311
89190
8417
4246
68866
21746
3513
29605
6749
79670
53096
54213
66861
38997
49988
29774
27251