1648
73072
85678
68254
50971
91156
6937
4722
25199
23282
9403
77904
79568
68775
75174
61829
12176
288
50694
55486
22107
56768
71553
30562
77751
88166
45540
81746
28928
24052
87949
51076
28103
75265
38607
35553
85913
21314
12165
25037
90346
89258
97353
79943
40179
40854
81786
70640
88644
96363
95859
37704
68506
7477
46201
30026
26273
72407
12332
74442
73840
99683
88009
90320
38588
67413
16459
78480
89204
96759
84781
39132
30335
24628
8059
31701
73190
98036
76081
74522
4737
6043
76051
89404
35532
31558
44525
74374
25134
3942
24535
93686
53580
87886
27699
65915
26116
13371
75775
20309
46766
71382
17623
54754
94092
32406
41301
77758
73240
6230
20047
8615
4279
28847
34216
99843
46829
44960
18813
68678
81737
97586
11710
25018
88299
60426
50672
79505
11594
7340
21785
24770
87106
52901
44620
54068
89669
54603
8739
66335
51544
40812
32611
92114
85392
20996
5438
49494
70532
92298
89145
1540
688
61753
62984
31315
18032
42388
44090
44121
3424
40983
1111
16715
59243
2644
39797
47477
47183
74769
6215
51597
39881
68927
66140
37150
82229
50586
91027
88639
57850
35954
1945
38746
2977
29036
37401
7629
87470
37516
84866
60228
90968
85582
48390
63034
40232
81142
75171
25528
85862
28089
32817
46277
62310
62642
28824
11230
40454
13322
70247
14578
21988
97561
22041
64174
33751
36276
74879
77862
7164
89626
78694
39812
24029
9923
56939
96060
27537
26578
71871
64629
33968
56959
66049
73690
86593
50072
51523
84618
51276
88373
35584
3571
32990
17872
31299
39757
3752
68084
5135
12495
78874
57577
13089
77130
772
37315
27256
11374
36494
56535
33947
42068
48477
15670
19042
76849
21460
95952
51280
58649
64004
60804
78844
69533
90267
7699
24816
9899
18405
76278
36899
69316
8173
20013
52435
68659
82529
14386
35528
31685
53789
17851
78169
99576
67890
66968
31856
91694
45930
73888
68321
74727
35682
69033
63118
51246
70641
72347
72315
16317
58050
63577
18554
9923
18484
22946
85814
64367
31519
62273
52891
46718
75667
29647
2319
60134
99315
86299
1420
68060
46386
13149
96422
33064
73665
35721
24765
7379
60234
11119
32535
78965
55121
89337
79934
61008
62532
20341
19354
8805
10153
36740
8053
23978
40421
131
24758
72075
9777
3608
12790
44603
99964
23690
59918
58494
97756
52111
72599
24216
51188
57947
90509
13418
41206
3555
99896
99385
62878
67898
73803
52168
31012
52505
16495
92328
18493
72840
87556
86916
64653
88609
49179
66518
64727
98159
36527
37237
80370
77140
76354
55551
15394
29701
26788
40022
13909
53286
96439
36019
75915
302
21111
90234
6848
57645
8230
20756
51230
39351
93904
93739
17507
39120
16457
78146
81001
15694
96207
2759
60008
39830
7463
29877
77309
78837
52433
78269
99165
88268
23353
49333
64895
80328
21396
35679
33030
20790
32920
86362
69777
80349
16573
93795
78454
55962
20950
24923
52090
88207
22645
93210
91005
13947
38604
67268
45302
66401
50284
875
20538
75870
30675
85781
52639
9825
87452
46857
95067
98568
71098
27395
20457
34397
37330
96711
10272
59403
16828
69476
11892
12468
32995
44024
4789
35161
65204
42811
15991
89324
83622
83038
43399
5356
13167
65202
10300
58717
92709
71413
93906
94523
99721
45271
20984
29935
24979
77328
78628
36698
72166
90604
2060
87082
81560
66308
31577
54654
78497
60715
39623
98759
73691
86505
36706
37136
37730
45256
28780
22927
74018
28318
14883
79300
59332
77045
71794
4519
66382
12561
4128
9776
28723
34799
22760
13914
35496
83395
66840
41875
89827
53629
7452
59818
10880
98113
73050
68582
81432
10345
68001
91629
52801
82011
55021
38056
4329
24435
4194
49528
47025
95544
75382
80572
77279
47738
61895
2513
73209
50894
23140
56798
5163
44928
92405
68261
96382
79449
17025
63990
84580
43083
20495
91515
77041
95304
80244
1828
15288
85307
8471
26481
57736
86758
9184
20633
43564
42870
35291
90012
490
77376
39101
99449
77448
73189
68849
73864
47808
49405
15446
28720
70597
74115
38649
87073
53912
5852
47383
18252
95347
74674
6302
57068
37102
31842
68665
17174
94498
24816
86041
83498
91803
69695
3101
33432
69891
56230
42000
82697
15911
97191
35855
65286
56795
30441
43508
77879
99652
54704
96274
22714
15298
22809
57695
7173
95951
44696
90669
71276
11251
42291
86458
35297
48396
98765
17227
94239
75225
77139
28873
74165
6372
32219
90140
67842
75080
15633
12969
89191
42646
64910
65840
75030
5049
73457
54631
1122
91657
19014
51766
89286
73444
36035
53058
65123
21741
30455
97309
635
48758
62447
16595
55929
45440
22989
3949
58335
92479
55849
18282
32174
53139
70218
97142
6119
18246
11709
17462
45392
84888
15075
66117
72605
46080
5792
55409
8247
95364
51653
59766
46071
9955
53522
39319
98497
13432
89891
82188
19623
60609
43869
96035
52259
4156
74038
31804
18432
89544
60410
16273
18208
86076
22649
33276
43674
28365
2596
11960
39456
25253
2538
17482
60244
55874
34877
93518
74741
3207
67958
18233
54694
15443
21129
64019
44960
25267
14930
62118
82353
43477
81345
65863
29109
33932
32914
20177
91685
59718
43155
25843
43912
8212
61765
77729
9021
88845
33141
8732
62254
96395
87649
67480
48466
20257
78934
32627
12492
96073
92070
58683
84590
57666
45057
92890
46910
69090
32361
4249
62388
48343
76014
3293
81798
64581
64688
24998
18156
41425
92094
81191
21659
86008
33345
46553
51784
14861
34883
35693
96754
48596
26018
6861
69955
27605
24754
39172
4975
3175
76310
82215
98711
21593
31372
95508
82036
66423
63293
31335
89643
22956
44841
6988
69031
89290
62734
87575
13546
97654
37856
55415
81148
85819
48191
48678
40704
95480
18089
80535
47969
4670
84575
31664
95844
59078
21979
20344
18011
99359
75092
52171
52796
18876
93687
95726
26945
72972
85747
48354
45838
4480
83201
13341
14712
95576
35116
7207
90420
91036
7150
8810
95380
77903
45396
27040
60122
93962
13727
11064
19255
57105
76145
99577
28784
1875
53663
91635
55189
76403
44586
32647
76958
62276
21790
13895
94444
96941
78855
31762
22939
48206
37126
61453
455
21307
80741
8148
58927
7926
93542
80510
38325
31425
90962
64745
11292
35173
5166
48690
3066
45624
32986
98989
30384
85128
21682
18426
73110
64259
22922
92529
30366
62707
66499
27695
56554
25157
55121
86798
53076
75885
67618
26039
72480
47734
41789
37217
33974
94781
71271
68112
72652
98011
98329
54417
65856
26584
37351
72347
81390
89160
92201
43510
1409
6388
4209
79970
66998
91188
6556
67449
13755
52351
35807
81295
34435
1400
89993
86036
38450
63083
97412
31349
67199
16901
38176
15964
742
332
55895
90868
62657
16746
26221
26586
9770
30874
13249
44881
68869
14816
71691
93657
24246
73724
52434
58704
45560
73155
60820
82906
30779
44587
18860
32246
228
20477
70696
69408
37395
71741
98389
54880
93818
21665
90672
15749
15127
96894
86215
52057
70727
49895
23658
94744
57349
76791
64101
77770
88674
42004
48414
1968
97850
47716
81506
30224
44309
3754
66331
78809
75679
30760
63795
68097
4346
24368
81492
77013
14393
97870
6043
69856
31829
61770
66888
31907
33943
9973
95767
13174
58288
17630
40978
94409
36983
12600
54318
88905
3662
95195
80787
37539
90616
8962
15746
81429
3328
34088
45913
65902
60797
7182
61467
457
93543
45504
2631
85487
14683
31196
26570
30916
69432
39299
26745
98272
37754
46295
33728
1339
48421
71649
17421
43886
54899
28211
86097
30490
64157
49565
42394
71112
449
92044
85574
30228
51345
2423
25273
82020
62349
92369
67336
43488
33857
13572
87898
18444
1886
59963
77631
615
21713
20224
69076
9210
95398
6347
86819
82501
88333
2300
38433
87038
74700
30366
90121
20748
52878
78200
80369
60331
85651
25012
88705
46878
92539
99551
88339
42498
3883
53130
76416
12037
51103
30592
33634
81388
33737
19037
24046
89910
30623
87464
89377
16272
97119
83254
33842
10780
90092
93332
31748
74420
52714
55365
62433
28717
11977
4224
48202
581
42584
42264
62786
66062
36590
62851
23538
86803
93276
58455
94243
42376
92646
24816
49032
22635
89001
31901
85075
19565
97461
8760
59929
26604
18985
58806
8247
8434
13850
34722
76139
63922
50677
61200
15640
69335
91605
93455
35790
79782
22568
1530
17293
87083
2774
19052
81771
76402
81216
79660
60089
97419
47082
92452
81450
90839
54866
82863
31152
74437
51929
59664
43316
84065
85192
825
3413
47398
83632
65869
97974
87125
35651
17905
59434
92484
87767
76806
20713
94882
55906
4034
34830
54402
81231
54858
55963
61655
7528
6804
74407
30631
59794
54078
19709
71582
11041
82161
90456
45032
21623
55599
91626
60781
66282
54694
92167
47159
82047
50280
55375
84319
30060
40614
95495
40206
91968
40575
74618
93103
42881
27768
58823
51083
12243
20739
36849
89149
45131
58039
85277
58976
61427
68975
91084
24815
90029
72307
35646
48018
47497
78540
47105
29977
79427
92884
74055
13587
65427
88300
71525
97332
770
57024
62121
52574
3635
61345
3436
94194
69775
15049
52118
94419
81091
30101
48861
39822
31498
39222
68029
44069
9595
28782
76275
86892
25381
1149
34507
10419
96079
7820
86286
59829
24004
10550
79482
85252
41060
65021
11523
3264
7106
20912
12548
75036
46202
4163
63305
39577
21746
75683
24967
34575
74063
48772
56593
49916
27561
12711
3694
75601
70135
16618
6152
80811
7567
90591
46204
17586
89710
5632
90062
71648
66134
77743
85150
35122
80488
54108
60141
87504
78368
66828
10176
54339
88209
71565
27232
77470
3739
85861
78622
60761
68691
22014
85583
64771
95867
59891
24857
56830
83625
44876
73535
92714
45206
63430
31696
66475
45100
21687
63511
28392
31355
62441
29212
84696
41186
7057
98946
26370
8816
32614
19665
8988
48408
8437
30891
13625
65933
93167
41627
13410
85154
42473
97095
62123
63665
17428
35720
74657
72971
41359
49899
31438
42827
69261
79996
79889
96331
62799
18632
88656
84255
60981
10561
85621
61752
37482
84832
26195
32599
40128
3447
13215
62257
27875
73190
5513
39754
58657
92806
98244
73339
38180
64989
19913
26935
87712
83723
39185
30112
25619
62890
58716
38647
66573
21114
57706
13170
50359
48355
81347
20552
85739
16826
77626
58567
69017
41482
49667
18410
63616
25451
89743
78053
63969
36598
49020
81499
18990
1498
63522
89581
85131
95295
18782
60584
44959
87960
27926
40383
58821
9286
60412
79151
44981
48689
8050
42893
53149
40782
61387