2730
25760
68428
71751
74177
27368
78813
35172
10943
31774
90183
60448
47268
55388
98173
99794
79316
67246
52214
6127
74084
48893
31309
92864
64734
71005
73178
69617
41876
74636
67621
78680
11436
28877
63495
28473
36944
78346
25835
10356
43980
69873
1069
89507
74857
6799
8607
26399
50006
32948
12554
13568
99455
80991
95161
54995
82106
87911
42849
54040
1922
25027
53891
19582
42324
6812
58622
29765
29515
6407
99391
2909
35536
47884
10965
15748
2267
30998
37993
13412
5298
27390
16880
41023
85185
98750
2751
31690
80317
79919
810
98503
34583
12001
9117
12159
84897
94855
2470
12106
23986
41148
3230
28922
42491
51706
4521
40904
38678
24298
29852
66483
45344
34413
34822
4712
95533
4664
71206
84948
30214
60346
4578
38677
82162
13666
78383
80331
96770
80884
33130
97423
3230
36366
93289
26043
96664
49907
16508
1696
6315
52043
46157
66333
40722
25383
80050
12469
65282
81929
9029
66172
38531
96805
22595
38113
49260
19063
44718
15397
23852
81191
83477
55780
94579
54468
31727
51816
85145
85744
59492
99239
16994
85798
97215
61968
83138
82994
95916
38001
5816
63822
86322
86001
38111
6525
163
71390
85360
75019
92297
22976
83385
52967
89033
94521
47437
2651
92936
51293
5318
76935
37015
23306
80437
33746
47461
63769
77278
20742
45774
27590
27612
19976
10374
523
82709
70035
47880
54831
26956
78825
45946
8471
86543
56634
70273
31205
73569
84321
3808
58247
69907
28070
98137
33144
46816
19954
68273
38532
50177
62693
45643
17421
14895
89261
17261
46800
37662
9554
39069
64616
17812
22054
82259
41204
46522
31361
32400
21505
59080
78958
14237
43652
62554
14251
74873
77713
91786
80362
17434
82155
76642
24355
24467
91058
11032
36607
86520
35354
96675
16071
78540
97057
49034
11806
3456
17450
34764
1062
20331
63165
7269
8265
98775
4367
1989
20620
99522
20523
53165
73013
66185
66388
77432
74335
14619
94462
70161
25770
80859
99080
33633
41503
66687
27654
93144
23146
96289
95948
50655
80122
96477
30562
87738
35775
43636
28063
27235
22823
25917
24759
66308
37120
34120
48894
82094
64248
27831
31748
86277
8238
59784
6484
99601
6662
33599
94830
40425
71532
63115
83355
98377
17329
8333
99590
90909
12783
27352
78811
97267
61886
35277
3490
83284
50709
5808
32372
78852
99118
25512
81733
93959
21714
91829
34096
27225
59362
83464
87955
40140
88676
9481
6644
18611
45363
28836
68825
73699
55707
24796
25489
79351
29773
88547
72928
40741
824
96159
29178
88935
24844
33306
24972
32768
86081
40788
4912
12689
30705
19224
12194
62969
59088
19942
82443
46500
86079
90853
63837
29126
12703
2179
57363
49094
49298
36647
88313
18975
76159
5333
38894
50430
46999
1029
85362
27377
37901
40744
81873
92169
38512
65720
65585
68081
52643
75610
96388
73650
56421
74765
64670
81519
70623
5705
91295
91134
96289
74547
57930
85377
41828
11138
9617
55290
93046
54355
95117
90131
24567
70141
83345
40626
53393
40778
66251
49589
98763
59408
14662
1993
9456
74653
96020
87726
27536
5526
58133
27847
15905
88060
84041
48777
74052
86426
52834
75262
81331
13237
52275
58581
94421
20902
81499
15916
450
65513
75835
33512
60981
72178
53383
35434
88099
97494
53889
88040
3478
40003
54822
71464
51542
99858
15517
938
29780
93937
17789
18587
48584
6444
12557
44783
12755
63807
67289
77963
33294
14298
13452
88826
54504
75108
38147
49365
53949
35879
52995
67046
22657
70787
77615
18849
61483
25340
34362
34383
65088
35954
65644
94052
89204
95571
75465
24393
42043
90242
79793
89975
92468
38242
76339
21956
89061
66741
20853
95684
32777
41701
30561
25604
11205
31637
98504
61419
2071
34796
38249
42667
20814
50515
60291
25314
69330
38962
81846
80823
16344
26888
30224
89619
27120
51015
5405
58726
68841
92997
34203
69173
88657
90588
93628
21544
44391
98863
94083
80760
64159
33115
94306
91666
78269
56765
35960
73807
71269
5543
13643
27715
2520
55512
56257
86966
5433
57451
60771
74878
56744
78895
13352
96846
72732
85684
66502
85020
10334
5584
95319
28371
25415
23068
68987
8982
48466
88516
46107
60209
19105
88227
63335
13378
25103
20407
96666
14570
97069
9734
82186
73662
48074
38623
77817
27525
83951
33504
54803
6960
50632
21558
75815
12629
67604
26101
65179
84077
88294
62540
94250
76829
64847
94955
78505
55625
16477
9928
78580
46735
52162
48960
89922
28976
15839
39078
35728
90247
97479
50266
58258
98619
63040
12371
73149
92731
92123
22768
74222
38741
97854
26464
84739
53257
54898
62513
66369
50588
84897
86944
9483
38236
20780
21799
72544
8189
60413
27612
65704
48934
63672
2976
67570
84641
36346
54378
64052
67965
64545
66385
3107
61388
47580
90712
17259
67662
52581
20933
38795
61090
82401
69283
86596
65753
70674
56954
9061
51680
1478
33375
40596
96796
50947
17877
80065
48460
49544
40768
61494
4509
32970
70396
50744
47477
53447
93295
52336
12077
92856
98089
96031
34107
23082
36596
2163
41313
98731
28968
47626
75281
8076
51915
68573
41388
40819
75661
93561
56436
40796
59944
78593
56826
32981
74240
93341
94352
63740
95981
25990
39234
40209
46935
28055
58243
24096
31751
80862
72988
7265
50800
18012
33716
33509
20451
98238
84495
11417
3188
8340
47830
75860
27744
56652
95424
63402
31253
48900
30736
56135
88316
18337
18244
79803
389
76208
93949
55828
79561
76132
61724
4459
96632
71276
12881
54983
71057
44037
43250
72466
60665
33500
23654
97912
59616
52182
89874
5148
81512
37536
85268
88715
44451
97450
56369
5046
77391
57015
73276
82372
7064
34985
9635
71878
49544
17055
46252
27038
17995
31431
56397
59137
76382
33077
70931
58309
41431
76873
95138
71755
92036
1729
2571
66052
23478
54050
93346
54278
555
68052
36199
62517
23350
5145
23604
81118
7264
31373
4113
74854
18057
46509
97865
41334
73576
5042
80343
13127
39002
13606
50424
1341
53346
5971
83143
95934
1758
87467
79701
85007
84554
84748
73620
38191
18983
16201
50373
24043
46255
467
14304
66381
8926
3528
66761
52649
21033
1747
48997
10464
34268
46587
98322
74770
46925
31856
69534
62287
5759
72864
20853
39730
23071
42367
92948
6663
72903
65721
89240
73229
25910
27129
43620
55626
45440
82045
37388
45883
38881
30216
57035
31349
90926
40241
74591
65668
37396
82574
31456
95825
40425
8309
98410
51186
23245
19058
63121
66526
56875
3429
25385
85586
39224
58702
50860
19145
32090
78990
81137
21096
22517
49398
23516
71132
56499
13504
18261
90450
64676
28332
25663
77043
22037
97599
79409
34537
36013
91222
12894
57007
65536
56846
27907
15869
25721
30010
28498
309
6399
48901
78461
470
97610
85159
72706
73561
56124
84170
7531
30173
51080
18913
9446
81946
36023
11600
6374
5867
38604
6482
81251
22425
96352
86974
61673
18716
30482
59472
83797
82255
17844
4594
77618
11608
64891
99500
65164
89333
63408
24173
28462
54477
9019
66117
78210
93872
66965
57554
80949
7271
63937
38856
52568
71383
43225
63573
91560
74909
9852
27158
67749
38904
43577
73696
15959
43116
91512
73718
38994
81488
64984
77017
79260
96193
31403
85755
37160
46692
84595
34001
57132
21867
2871
57834
67014
38392
42896
35910
98753
74652
59712
39355
89901
75575
98686
48977
17241
50338
78703
46012
65425
41374
33892
69752
45840
12818
68416
91762
28452
32813
3265
3326
30160
5052
1927
23773
28929
84807
61148
6139
12353
18838
37581
70259
94030
10078
93403
44145
36359
68000
90968
35265
80089
51743
68530
7242
32401
55500
95791
36795
69726
82054
43693
15879
25253
43543
73566
59192
65239
37037
99709
11961
75225
22343
89247
82188
16733
7847
28847
69063
22393
39174
60791
84203
81590
30113
53429
53030
88568
72569
22518
25569
98399
58431
48009
75985
14058
61395
92763
12717
84314
95541
11617
493
54858
22656
5603
4384
48231
89776
44625
94754
81985
95317
88865
33490
27485
64331
20154
63624
36261
30364
86241
74634
33025
57947
31510
98496
2996
75739
41282
81260
59220
50405
25575
69928
24267
88461
50346
11098
87963
12815
7706
78744
72508
10679
28725
85755
754
58273
20183
36466
5097
68967
38512
72548
14813
81194
55845
54785
58296
11574
6381
17055
92702
62710
80428
30791
91645
13075
6552
38776
54102
41965
97031
53968
82415
36846
85964
25932
47873
22474
88202
95482
78317
74358
55371
95396
29182
74726
57737
26
87787
64665
48801
50207
96405
18950
93344
7082
80764
43970
44469
89873
33370
40726
98846
80817
75218
32539
6368
43919
47071
9976
3416
56639
57404
26027
66412
40534
3096
26081
52464
36531
91217
24386
72658
93511
57197
67672
4737
50137
70467
91892
34620
17880
43670
46159
51091
25230
84179
2224
28242
38504
2308
70187
96534
54494
83236
50303
58413
30208
79088
49620
89902
52402
11596
90059
1241
86817
21628
60711
18251
18895
69652
40907
80095
20078
6604
59668
38531
66217
5080
16287
23361
71901
75995
19552
85140
82991
12157
9772
72892
9837
96647
45707
13109
56599
64938
45148
7380
22796
61886
22689
43280
54143
6896
754
73043
53083
53685
14045
34915
55126
98467
58816
29424
25319
13606
94399
70737
97479
6968
55523
40876
86923
58111
98438
60058
79565
17070
4428
43596
98846
37787
86387
18115
12412
86710
99442
94886
25065
82691
16767
13315
9562
51973
79570
12543
25713
82936
73514
23543
77590
26423
99231
60296
71604
4639
10391
91637
17583
83825
90390
12093
63204
91609
30003
53340
71420
40873
53480
53400
29899
55809
15632
79234
51250
51643
59939
16925
7846
2788
65776
8265
53413
80271
46487
9937
54222
80834
79798
62388
91045
81915
95691
68204
74208
83643
29377
2573
59149
84220
73612
58172
35635
66169
12486
72761
4318
16468
68340
84389
83421
63562
89937
96752
26717
65497
82406
21520
36932
61268
2858
36875
4939
89964
45315
97240
63037
443
46645
61113
52077
61119
79074
8284
55010
70816
85252
8002
2157
50389
61822
82425
73904
259
77693
26567
82120
79862
34952
61520
5147
76260
70888
81566
8542
91913
44279
11945
66293
23232
64378
42599
52365
22235
59505
29130
56108
56667
56476
79673
68590
64670
49399
72436
38135
66666
37108
50581
87730
63615
80852
64764
42718
64694
45538
14767
24982
31072
77933
35566
12252
68082
81827
32708
27026
44558
72454
22221
40193
37838
31860
20652
64063
5418
25049
9399
81284
44938
16267
75448
95645
89681
29886
20893
41977
60370
49071
67571
32005
19135
30587
59195
9064
32548
87529
40795
60825
4340
89709
45380
55648
47234
95658
60501
50865
20734
29311
69166
36154
9013
18422
32239
91730
51773
92480
36216
71060
54233
26473
65410
75855
96225
98415
90023
48182
26662
60973
57364
91297
88292
38176
68659
67314
64135
37846
22399
58691
41204
15299
99551
6485
55391
4162
17170
31594
72370
77740
97441
21094
37790
71113
24489
44426
76017
3138
67843
34573
72380
81967
26463
34960
69757
31594
81390
90676
58007
12356
45569
74465
14433
63517
71889
396
86057
94980
66550
44084
51789
76866
46005
34914
88523
93840
21277
2327
75125
52863
93771
51896
36517
93629
5601
51202
81957
26763
47660
62154
71110
76227
99144
41681
5940
19059
67567
68752
22344
31398
84565
77784
1707
27678
66909
63121
73789
48162
82972
94480
76925
67290
81007
77496
67341
79136
35908
46741
61881
37748
83821
43382
38599
92402
6100
20670
43838
72310
4397
41380
13601
49683
64087
57639
401
98182
8027
85970
14747
85874
6467
37618
32531
60393
14733
23891
4029
76253
35928
29108
78812
91445
50020
73671
87839
501
54275
11418
16232
34176
45115
14331
38767
50013
81646
65298
17112
22522
53858
76485
95913
55681
41313
73216
96528
68726
50784
64506
29592
82583
46016
4778
35310
4809
11094
71082
16825
84049
84504
4044
9100
53492
3332
9021
64001
48113
69795
97619
85739
53385
64061
20876
2551
32936
87524
40034
40501
81408
63061
66933
99178
95216
56729
42560
22148
59218
24068
69047
69070
46831
4338
61373
50200
54098
86686
14084
1157
62229
45268
71767
43621
49119
46626
28160
73494
10838
85900
97139
77173
50794
27516
18999
2602
65009
84159
30029
30230
24685
76295
42487
27011
66564
84352
9865
6023
73002
58390
31982
18823
48784
30176
98061
19510
4313
78221
6869
53451
24632
85772
37787
48629
1073
78535
3384
46115
89280
96889
375
49850
40264
96941
64406
89444
29720
56973
2951
70817
22034
50157
92533
83026
88867
16717
11414
46984
67239
55922
180
15066
97879
12992
47893
15501
46775
72369
1095
51956
96809
26481
95962
46931
90184
37494
84246
51019
67551
70373
91129
80090
85819
36728
13852
881
80073
74174
77106
14693
22073
67787
71013
56609
73438
4493
51356
96451
36406
60260
17417
48646
99400
19364
41910
78062
31185
88377
34913
87254
68890
3468
26380
84152
21566
72506
81791
63357
7635
33930
34974
2910
58106
377
10046
53209
31676
44074
39678
30882
55450
46284
22753
99259
49871
41951
57224
32416
81232
37720
8312
33467
34821
87458
18831
13480
8508
51604
73942
1122
62726
59308
73815
20257
52152
81598
53538
35657
37668
17202
73605
64184
40403
56251
78738
64914
18840
72638
6035
5729
7375
19651
21472
93220
44904
50408
41715
78147
98063
33246
9527
57385
51502
48818
51863
23295
9029
78098
68850
73092
54322
58560
85053
56757
73344
57179
97158
28981
24801
47420
95515
79178
99246
71622
24126
97106
21605
43175
67463
53021
41877
30590
99875
75426
76258
42700
87992
5127
66766
63050
2091
7831
50206
6164
24908
72810
23753
45189
95811
89475
85334
25949
9626
53949
37233
23953
60681
52034
63671
79426
36979
4935
28414
45439
49911
74443
5617
23367
27601
65026
62046
15931
75763
99927
79758
47162
22695
44321
36381
47385
58619
3806
93624
46223
89994
93422
16114
5033
34065
35168
91381
71349
85357
48578
26161
68883
14231
59115
74434
48417
82792
21030
23864
625
66618
1419
14847
47031
98736
86076
11207
60760
69475
74786
55241
99256
53963
54898
65959
47559
82551
74995
48058
89721
49097
22039
22094
57337
55838
59859
2871
13025
98975
71398
94361
24777
15113
9111
67225
33890
51755
17089
50427
75854
18654
33104
97986
74208
30994
60021
51865
73158
46325
51720
94675
85561
82132
21749
4331
46448
8678
3276
9676
35323
12701
63401
47241
54413
56619
20283
63472
21161
79872
66584
74276
30246
89999
94731
53931
85287
26730
96258
60428
9451
16505
35692
37153
39507
44870
10073
29438
67914
61959
65505
21257
51354
68652
12827
47471
24477
86029
10765
40304
31455
17609
31380
2987
46456
67077
53575
14731
34839
58100
35371
54352
86338
48418
88053
15499
97309
64779
60267
16954
69555
31763
17601
89594
50858
376
310
82071
47318
73374
47030
69051
85158
56398
46912
91910
80649
14043
18256
39104
26950
89232
7746
72312
52590
15589
51001
32255
89251
69179
5062
18888
94619
63918
72630
98022
78444
55057
43994
73485
46782
34601
68471
72558
34811
86779
15026
51724
22963
54067
75707
76513
12193
53644
32685
64291
3052
35634
84225
35439
22240
66566
70648
24003
58082
431
55064
58631
30798
89576
29151
77864
67967
43823
2344
83154
34041
72206
76619
31385
44532
22425
93445
33036
63671
2005
44928
47660
52728
91569
8726
62456
32733
13627
20187
21499
39029
49724
73943
92305
99050
33655
974
71651
37259
23741
14217
95208
82397
45636
36541
41054
75495
52225
74163
15844
562
91830
29111
66397
81080
39635
58030
53224
23793
59606
47506
56733
63753
45857
28790
69345
334
12815
71767
69969
42284
25525
54518
35173
54692
59240
97948
40637
69070
79055
29977
42303
1594
37451
75587
39979
90525
80943
68383
67003
97267
11267
10010
5980
57233
86519
76273
77141
95615
84174
57467
35980
68496
35461
89441
80066
68485
76537
80990
69213
412
36304
17160
76815
57255
96686
56893
99
15675
73265
59285
11150
49228
94503
37688
68555
56582
74030
25077
49922
83573
25753
64559
73017
28612
84431
95993
44446
93602
92780
24346
99246
28437
34703
17202
91957
71176
40405
7325
13541
67871
47837
14275
13818
69329
12480
67568
98230
68868
86003
62981
80914
45820
99440
23660
13511
55885
38856
26352
79936
16501
26196
30126
7138
71690
29559
57110
10749
11859
17644
10750
31894
2527
31191
6854
70529
16908
6274
69379
52187
56003
63609
61703
50623
83453
92430
78368
20914
88040
87559
43953
42976
22341
72781
79160
78546
41813
77325
2217
82338
91477
65032
46723
88218
55215
77338
74625
21657
66642
30180
78697
69494
8070
74917
24951
81412
98898
83908
45816
42575
95901
94675
20718
34229
69461
30861
56635
42399
6428
1547
58993
47923
48859
88050
91098
12476
89258
55040
18217
55493
76020
8773
44713
87566
45563
94560
85760
48810
79958
88218
74681
94752
75521
83442
79446
66970
88701
14864
59123
78698
43789
55194
36579
98681
56942
78840
2965
20395
42798
68293
10180
89166
43004
85755
76779
99182
99441
18931
9538
26641
76890
36902
40244
5060
70180
24555
17853
8709
85563
43077
18952
65467
9988
38217
17573
16339
12024
51025
56004
78167
60489
88108
36450
91579
31341
4663
84306
83246
28521
85132
13010
22554
14280
97171
66235
98867
68827
65377
9486
15886
52101
38656
71677
80278
412
53538
58117
21126
65217
17739
85414
67074
62700
59899
28121
76522
48753
96348
99900
15102
32245
41676
78886
1814
81076
82582
41170
21311
48129