4162
92758
32126
70256
20045
73100
60858
13327
39190
86735
16945
60459
5634
31902
51408
93709
82298
78575
18128
77422
32871
62942
20252
83882
53247
41836
36809
8005
31136
11914
6399
7151
11118
32647
35477
49922
47780
33797
62587
66128
43045
26673
40691
75735
71173
77529
48134
31181
56232
64253
43624
54487
29779
15693
60334
35267
77318
36694
17118
38039
39722
95381
27056
35841
48344
13900
60972
69124
61315
57947
19060
77907
32960
2951
35359
11224
24547
65469
99147
78429
85662
25856
30529
84421
37916
32815
81630
70541
63287
28646
25121
211
74221
58846
51309
42343
73738
462
20008
25213
74842
49580
84908
61292
31762
16025
95380
39286
70316
84029
22997
92921
24613
3211
21601
45205
1757
92328
14284
898
87152
94568
53510
17015
35528
23273
48608
26721
39590
51625
89051
86042
98918
85436
70942
83558
35881
88215
25905
87649
20797
40125
40299
89618
29371
86235
17238
63746
29678
48399
59691
49810
86199
20814
4972
37512
16396
81150
61103
58150
11434
54112
86237
16214
7830
95968
99846
95734
37950
91619
33242
33744
81018
96452
21759
15593
21258
25240
23021
51073
10609
70377
25073
57581
45002
34121
84945
19286
46224
16373
68947
98578
28332
22052
93146
66373
41326
3207
63304
28087
31879
64993
34178
68906
42140
85009
61520
77080
35249
15078
96623
42616
22517
4632
91828
63133
9842
1740
84714
35902
45286
87792
33226
89869
80692
39842
65280
51910
59332
83979
16688
89930
26922
83019
21239
99389
11381
96809
5875
4177
56740
98276
58455
75908
89530
66136
14886
98374
88760
37242
92694
70803
87259
55717
79034
8642
77574
14102
11252
77226
99401
55170
8846
15030
99857
415
81863
1095
1847
38028
60827
45366
44122
85674
12866
45168
23512
45545
51577
35834
34830
16878
8758
46940
27743
67300
80844
25635
25557
89302
26516
63190
93504
63413
45080
95959
82080
75844
18911
46418
79774
93327
55767
18712
27618
58085
24794
4382
12699
12582
28931
55402
62267
72800
71594
80559
70815
22511
98161
24452
29723
25820
6501
38803
82122
21052
55455
28264
67853
6112
28115
99904
24081
54220
20395
5230
33689
46906
13148
52715
53383
69169
36239
30029
21472
4758
61205
86177
15682
43935
45908
15470
43910
27983
39
31847
15231
36962
2721
25960
82302
11255
79008
50092
82396
2253
16743
49271
70926
9408
82081
46671
9207
94471
484
73653
41998
47439
78306
49913
70371
93369
43413
54495
16748
67743
45147
83508
45710
42071
59072
82729
41527
16592
80292
54562
64943
26837
49428
29226
97454
71708
28701
72839
7155
88235
68259
18088
80752
3603
70490
7612
36925
74437
4269
52087
33004
58383
31378
48257
6820
86996
910
48934
11922
8090
25044
29484
18365
97341
20560
2176
29112
2973
84709
53011
97180
27115
12721
12549
17342
73640
38356
91038
72160
10588
75463
40359
31836
96293
13782
24795
53782
44457
93011
47430
93931
87149
97170
50234
60802
8012
16294
26520
35952
68452
51071
25071
35840
12782
41428
24111
46361
11482
9619
95452
5148
29672
67991
10774
69997
16337
74449
76181
32061
5322
86708
81521
1734
30881
23184
8748
20983
24971
56866
59363
28540
86741
85466
79857
69519
19409
85963
26106
35032
42426
65053
38456
30590
39030
31687
17744
68560
39735
93933
98726
58364
30646
28807
67581
31189
83527
70420
4836
84680
4792
51049
34329
62669
55017
63330
10928
32638
68941
46401
70958
19030
58519
77757
39236
96845
94738
60708
20326
62369
15210
58035
1218
72828
64037
73772
86
76638
91182
4441
31035
3997
16282
57083
37220
67156
65937
96280
29969
65240
42152
92021
23336
31898
39167
26214
27360
42793
47466
79070
25943
83557
89736
64021
3410
30913
76
58133
47375
33919
37842
20244
45607
96504
11618
75158
34040
69374
28574
13201
9644
15895
96813
58530
22835
29557
58420
53859
44217
28975
19716
22199
47982
90977
35567
57822
82602
57894
80298
89559
18476
62348
61222
37216
92115
98096
52950
80453
94694
85241
31639
2584
79812
80680
81184
38549
37920
84556
12679
72084
6137
34242
84681
88840
66255
99571
82745
62165
43000
91754
63186
86656
54278
6431
96160
2613
52404
3278
17206
16320
77983
34733
22104
32570
70181
59370
32764
56819
42239
36936
94117
41843
65426
12008
8215
80615
87895
24389
33987
38957
30173
7380
55510
58420
2204
31139
3757
16301
40236
39919
22693
19163
86299
26533
79246
539
20949
32278
86503
20291
46968
80161
23449
81181
41509
15513
25600
95053
88899
24102
343
84700
78848
13917
87073
59775
64076
94878
55450
20438
24743
74963
98927
93470
37181
26581
58742
93790
48740
1637
86855
56617
936
87619
13433
68927
46818
60757
87250
44272
89991
48374
21602
3314
15586
82201
32018
7432
73447
88019
24632
26804
17465
30070
33180
77075
56856
64550
65886
31791
10872
29403
67309
83388
14963
77036
61497
43828
27621
58650
5678
16189
44437
63722
83729
71601
4607
50607
56441
31210
65787
59971
39265
129
83914
55324
71379
17867
56490
52304
90089
93414
13039
24472
18298
15078
57484
68388
73426
37141
93108
94259
74869
87664
70129
90950
11925
33442
62839
13210
3378
94903
38279
61285
33230
49659
2454
32524
66647
91454
98606
93071
8555
10692
52129
55785
38043
76398
72482
28486
79165
92924
64868
48408
42386
18889
62088
68764
6135
76993
40973
37879
78573
88872
64032
43596
91471
42119
84221
28325
55326
44516
24053
40986
10973
35455
92322
13798
69341
14822
2378
76968
51076
90179
127
37719
65049
68136
62472
6084
39984
20888
73610
48533
87058
73618
27635
88829
52035
33428
30673
69681
7344
34181
88753
4568
26243
66499
98535
67510
4303
88557
93346
90314
31277
21829
58853
90464
22503
77931
78242
30669
85594
57769
71842
529
37245
52886
14957
6421
24900
88603
64198
59328
84447
50562
22306
5659
23543
88613
52851
28564
67915
22884
95320
18950
24032
13463
22356
50583
97670
26048
10972
65957
20206
86081
94253
5966
75850
47031
71440
696
74136
86371
92067
36637
54285
28153
39696
89971
50614
55174
68613
68207
9205
84666
40839
13132
23894
10717
91541
89065
9156
65209
90679
31742
59041
74475
20624
79453
56001
39931
9331
31293
91381
45300
51701
53697
46855
84359
35943
24584
41357
20892
15397
94262
18934
51779
61569
96021
72866
32241
12764
84904
88537
55117
76625
71483
63009
8076
96946
99284
97121
43128
3073
44330
58511
74804
88680
2533
28263
93694
3418
63289
17900
47385
80857
92030
31810
58374
40882
8271
65443
27517
59438
70243
9434
77733
70931
63297
94207
8196
34739
65941
33061
1911
76460
57483
67314
44405
99135
57151
1813
13442
17717
2905
17917
60364
62997
72074
52729
35808
20191
46804
19140
67143
3034
27893
53165
33448
27217
83525
70574
63992
63093
76982
3495
51830
76448
79462
1742
18456
86522
48379
83232
4239
38905
68747
12125
25178
22011
16630
17289
65062
51721
47002
41538
53845
17027
18843
31426
42552
27557
25101
16585
45464
29562
96309
6095
43907
33377
88369
93245
31193
68767
96986
82725
70500
96406
29115
85855
77059
59397
56671
28694
1564
52742
16429
68075
85872
92069
91024
69895
43481
61019
93871
40032
67881
92495
35867
39435
12479
16760
65121
94707
7433
11484
56503
86876
25814
63795
31595
97819
30267
83116
10522
41147
49430
68112
59458
42217
39373
29713
10764
54350
29466
85797
45541
18759
79224
73205
12008
86653
85451
41300
64427
27016
44693
62562
10682
38058
1054
5316
24684
84925
5517
58059
91327
14699
70107
96134
38176
67327
51881
27278
91599
69474
51595
91767
31828
46472
22276
65073
24055
92310
2208
48531
1029
70651
62898
77113
70530
56352
76758
32466
41054
72592
8013
64261
23885
46384
27275
53061
36657
37483
30830
3168
77356
67749
89492
25762
96331
29586
88304
45344
91696
32591
52135
93653
48726
26010
81218
73971
18731
95365
21499
89833
78864
66
67118
33914
62475
43252
84050
25691
45408
38086
17507
47197
653
44091
3665
16311
46371
35515
89760
90319
15554
44922
62441
69652
39967
11796
63105
87062
83994
8192
61122
70792
76315
45304
42793
18785
72784
29146
13734
1343
79251
19344
67619
93079
20936
84852
92390
57594
74961
68552
90264
98516
21978
5268
70257
16399
68937
53724
52968
86256
93726
96136
79887
22925
93560
69134
86699
92717
59848
82593
55028
34124
25001
55840
92446
41400
64665
91245
67045
31219
602
1821
38369
94775
84544
79703
72844
75646
33048
49730
76677
17868
55158
26705
30747
1578
79859
32247
15592
70458
24981
64317
13615
51264
57578
85179
8171
42420
56385
3450
99233
45949
13025
54755
30269
82188
56683
54117
2626
54113
44339
75954
53425
7152
72035
92415
59767
87806
9626
65089
65226
13168
64890
49794
25615
35441
43388
58500
162
83863
76022
71812
32471
31260
1922
5621
80902
46697
51253
63354
65347
29269
91192
89112
72872
92112
88041
78963
83420
12149
75039
45416
6256
67721
60099
33312
65105
76953
35262
79372
27421
21259
39953
92410
13775
34002
11765
60917
26309
21133
85203
51359
2120
471
69021
27850
12364
79622
35230
39999
23232
14816
60749
83213
10319
49299
88711
43016
91066
49313
45979
25154
25120
34336
99223
89801
83352
57759
20907
82471
92194
39924
28023
61304
85322
18264
74481
81595
48531
11989
74858
26659
73351
54963
98899
81459
19355
28065
65912
15636
97835
55786
46000
533
71136
55993
54804
56162
47109
27750
19453
49064
33125
53045
25499
16169
3064
1073
80013
29956
95166
70542
42558
85481
11770
34118
74863
40529
71345
45572
99106
85268
92087
27069
5750
90495
22402
86842
53888
30056
93359
21399
4537
51194
9364
51599
20255
8190
66317
73091
70111
69450
77710
68536
51484
22554
61614
34095
91137
60435
5009
12628
75063
95704
74287
6168
62505
97860
66658
4882
34891
12777
56257
20227
83940
62247
98899
98988
27449
27261
30260
67056
34701
44464
24830
6497
35756
85253
78026
99601
3959
3240
25455
83426
74231
25538
3419
1510
24695
81492
88520
54088
52714
85925
37718
76921
26163
80570
14070
77119
82972
4738
9681
78991
59141
29243
71179
523
5909
66177
76496
45349
12459
36809
42396
93929
22452
49559
71457
22689
23641
31642
45030
59250
13403
7295
4133
71805
27763
86103
80241
36732
54674
69645
97599
76668
27138
98379
73681
99010
8671
99587
47588
30107
29816
78335
23077
71350
6682
21627
85123
52099
54707
14144
6167
52504
83201
57409
80124
88056
2471
64678
96001
18090
95131
57198
83412
75382
37012
47805
94668
63590
30263
21064
35330
62128
52358
91990
53714
56821
39493
38927
58611
91865
98001
96821
65368
11267
67400
24103
88945
93063
58392
17642
10867
87124
63450
82652
71982
61036
78351
80119
43733
11821
80890
18043
70450
33277
91323
41977
64334
51647
34211
39849
33636
21060
69880
82605
79014
17108
44454
51088
65301
33537
18421
69964
25540
71002
98751
81768
50060
13583
70123
50127
48081
35607
75666
33950
58674
25786
86555
72902
25974
72541
57184
54559
69843
52691
60248
84377
59612
67194
3217
59874
20895
41413
4238
75782
54150
81859
33862
68478
25164
82702
10543
25340
74171
89946
34521
47961
23044
38707
66152
19579
95359
38554
37267
33063
44287
40848
79350
96226
35108
91
47383
46606
32901
20251
90610
34630
20154
43424
68910
16177
42051
61939
9209
35932
41802
50871
11754
2446
61256
64937
31050
41795
64092
67887
88985
94640
1494
74761
13895
7297
17467
62849
36750
11611
12312
10951
89654
94242
32944
82906
89637
68429
47040
42455
53130
22487
41763
32319
99461
75468
23870
39821
14230
48032
9843
60203
67967
66778
8716
78265
11389
44824
65069
4092
31380
42397
60008
81777
9651
52493
21695
58098
82615
73790
19683
23168
41864
68517
12005
59137
80797
48624
22953
77892
59206
83224
768
11223
11993
81641
97330
95606
90564
63583
92461
73706
10063
50194
3413
90491
87423
39124
89473
41273
33263
46268
1360
49335
9141
74921
94669
75543
58398
1577
82447
2547
38253
80758
89981
82445
68122
15849
17457
96815
91001
50294
81408
8137
30542
88572
60303
32201
49272
37209
73935
93428
55160
92804
26770
22097
90855
6411
92356
33343
60992
60951
97252
29624
64135
58997
15911
67382
77659
81876
38296
45880
51520
13591
59156
90592
37227
9570
49063
66837
38976
45785
38250
22230
12317
35206
79741
94959
33888
11720
36749
11134
19902
33023
82064
95500
18625
71730
68400
22035
21156
70720
162
73738
18132
87902
70161
18053
6203
51713
18655
76533
20851
25691
33981
96047
51863
51301
36926
42345
63559
91397
31265
39639
92543
82830
42084
12983
40847
25375
65004
21457
74270
77015
76104
67995
6527
50151
1737
71862
99885
65521
58031
73564
85341
92118
99714
50508
90214
54235
47492
75226
96326
31905
14737
69150
69824
59045
60744
72708
72137
9465
12859
28842
34568
65439
68468
41330
8517
24874
11656
37680
63884
75934
33492
9794
6633
59995
86552
22165
57940
16526
11714
70963
15565
11623
94881
16315
33698
15281
15718
67567
61924
84083
84034
24431
84441
98345
81710
23780
74762
39689
40408
15652
59686
90789
40099
45007
13915
478
24417
98130
6346
6047
66787
86084
94048
43618
20599
30769
58963
43876
30867
54872
18527
92266
93881
10998
5629
13297
39625
14567
17160
86444
55086
75645
95670
99914
4565
3150
56875
33679
52510
37169
95392
95644
32118
93423
73557
68413
74665
8991
20695
16263
61817
30963
65008
45322
44387
73018
7786
11609
8160
70625
58282
5159
87725
7290
29873
78619
42829
80277
44555
46962
98951
81856
65136
72533
37663
5376
18591
60144
14376
40963
45273
88917
28924
89408
85023
25049
93878
97380
92726
24945
71325
61797
87177
52808
96087
4486
37487
88296
68956
33759
17476
85932
70942
93598
33432
48126
44405
86155
86758
79702
78193
9757
90552
4695
75707
87360
97879
9713
74539
26285
53581
96791
38983
28067
26848
90408
54936
56554
35362
46475
74861
54702
61538
90502
23854
7490
97129
83190
80155
53073
3470
20895
80828
38449
40701
47324
76469
58188
41153
52066
75553
81888
73386
47781
35500
76999
62714
88350
79433
64819
38858
5321
67519
43554
89625
82101
31300
26122
6075
49153
32687
95030
26375
8234
99292
42143
16238
67074
47614
88033
12719
6670
46671
65433
59018
28734
99781
7767
83665
29647
39707
2432
26969
31062
69359
75760
93400
72912
82897
92708
83446
49891
1639
13141
59195
12034
80484
80908
68812
31587
82578
93383
13000
46130
58847
19394
78703
37394
37218
96921
79952
5836
59131
76604
36441
26978
59233
18511
31615
81758
61881
98963
23177
4730
98181
12776
40604
51610
48143
23763
45715
88750
12318
17966
40761
3322
79169
53386
38796
5432
26615
2706
62008
51986
62872
7306
15458
7699
2724
51847
56168
20597
34210
73081
62163
86349
52880
48407
62310
97658
85917
13142
75481
10167
47258
93953
5656
44372
15747
29163
27634
95796
54994
52947
34518
54294
57308
22219
83697
72682
1731
23232
63106
57612
9550
43331
18607
25322
50857
43249
18829
77953
56809
75621
10553
33553
2518
1488
45408
48664
39226
35023
67647
75055
2499
15546
26125
4138
8135
59326
46094
61873
51817
18272
92239
9888
59378
70065
8064
20319
13995
51842
87209
79012
87119
20499
64105
15353
82452
68768
96285
36844
11591
11250
16510
39580
27899
24554
99949
52869
25553
59434
92679
9943
62149
44414
80575
62928
20362
48277
10731
21032
43690
18711
42896
73749
45311
92677
68565
44414
4053
65461
55934
54082
50459
53211
47803
28540
52660
11972
89692
71208
1833
36581
3006
65665
71341
65043
61587
95378
69008
20763
1327
44888
62355
49783
9849
83261
79741
85749
6987
40095
97034
23550
13639
4196
81721
82230
50279
76538
43034
65215
44506
88950
64124
46145
64276
24549
18053
15721
59241
96862
12231
96119
33746
7650
60551
39950
55746
2313
39306
88644
41630
80504
9411
11554
91699
88625
7192
89776
44817
67339
93782
21997
58392
41175
60510
26285
84098
78244
81841
83501
57499
7792
89086
60765
16568
57489
62310
57904
97903
9891
45210
99879
84116
3837
60969
27308
37722
44864
35735
89609
77400
5715
99590
13676
59467
16692
45423
28509
86438
89110
84018
20798
63977
19434
2661
67930
58680
57173
13465
97773
99551
82295
77564
85208
67851
23064
17951
36873
84039
5316
56334
56026
12357
28642
15115
47649
67582
67236
9597
26064
78726
7777
64925
88284
49186
29693
40297
64998
47411
50634
62323
46214
72846
68361
33186
81991
56317
23425
96621
75184
72976
87199
13800
2225
24062
57852
59098
77888
19311
28555
47535
52052
66045
86161
48572
36624
43368
6946
63178
26125
91445
64007
86541
96404
61850
34239
28682
93873
79788
7600
82424
65285
14330
67695
47779
39859
12060
4302
66443
54834
90275
73043
6875
78260
14683
80683
58436
85191
29404
40079
53765
38101
30390
83632
29812
28249
94240
3976
72872
13008
10966
6017
70402
47999
31380
46881
96853
41137
98960
25928
91888
92112
1554
68993
63372
53277
92168
13776
84055
58673
97836
89687
61328
80093
59240
52399
65213
96180
56740
68950
65300
3266
26533
19151
84466
88900
21867
95336
45125
18702
5819
40463
5913
8747
99513
57037
58094
72718
74114
61398
90189
85166
49352
23407
19128
56028
41875
98068
85807
97108
31436
95906
88277
46000
48881
93443
38909
27536
1970
399
28900
754
54494
25503
51606
59820
25721
13477
79633
50988
14759
86111
20675
85929
88179
98307
60581
85143
35410
87931
23728
95694
6133
42918
13981
77522
49733
84421
29483
33892
10793
24982
60313
63791
63999
361
5651
90794
12382
115
16018
13224
58788
95001
6004
42024
2672
11684
35203
13590
57314
1394
21168
93475
16263
59434
41761
62150
15329
45040
2288
83425
59931
98384
2863
62111
26720
87670
39559
76754
65559
49729
23622
60549
31550
70501
6684
56521
80499
91747
30350
52825
48241
16102
95714
51864
72888
97732
64512
80198
70339
94058
28111
26120
91205
16294
25817
68264
55466
37767
6001
27283
17180
3464
63959
8381
22498
41951
92632
48555
17673
7752
35936
96134
91278
3612
22435
11851
40425
12997
37483
67884
73401
75525
23793
54345
24078
21185
11491
63817
44233
96703
95660
31513
47917
11478
27195
62936
34796
41630
35726
73397
10115
86602
96918
71956
52450
77969
8757
70091
33723
68704
52026
79743
96018
41456
35043
35886
49999
19012
78215
27785
35531
89936
28011
72002
26571
27917
64689
34801
71809
27559
14832
77077
30008
79347
43784
47882
34791
16379
2940
85448
77652
70535
16474
98600
55399
31359
1341
72880
71954
32305
35986
71383
61125
66040
67953
39454
62842
92235
55190
93246
56610
4945
64675
59777
44358
9029
50891
59649
54811
11463
78723
12617
41147
69553
86772
30048
72266
20441
98922
64491
38460
54295
94368
48542
22280
22879
47242
48039
4438
56899
69274
87169
78946
73586
65464
59727
84925
17575
25501
13577
71907
91983
92759
75727
96293
38519
48925
44979
53735
46883
99301
62027
90833
99235
61045
81141
38067
53356
96368
80855
37448
67359
42406
69783
78233
50929
84779
4293
62842
43189
21668
13744
24761
2643
88348
1374
11885
31794
78844
43167
7297
87214
90369
72583
60337
60030
65514
78171
84981
91890
85727
35625
12934
67112
84372
24515
43999
81527
36027
20782
23375
1439
50048
53146
64662
29873
25576
55790
99133
43916
80249
50914
10032
37824
1333
39393
38253
96261
62161
7962
30734
21323
22765
38871
30462
48795
5978
20202
63731
54946
78411
7031
92499
71347
14222
29101
90539
48645
65079
22510
62673
79633
74052
36547
1336
62387
66320
81232
10974
98786
33422
959
31852
53247
78349
36602
84735
55519
59335
33821
86790
12540
41127
69874
17842
49759
83017
82437
31219
92867
22904
16068
90234
72629
34290
54252
35977
69134
70085
61695
8357
17079
68627
78131
22595
50547
86162
16875
22272
52768
55271
76523
26155
96254
59931
6970
641
8534
28592
58550
64963
85023
30463
87623
10622
38925
20001
49210
5184
77476
50263
18449
94112
61205
46590
6034
76860
37352
841
82094
81452
27695
51745
86029
84628
36344
32981
40534
42738
73082
89789
34798
21505
22189
24815
26402
47178
37310
54232
1350
2540
64375
28515
83662
90601
3763
63270
88826
24775
2679
10280
26820
37676
20528
51090
4881
48266
704
85646
93631
78303
99891
17165
30003
11425
98283
3866
51100
25180
93232
74664
19755
25708
1619
62886
52918
29764
28838
96632
38505
81781
20105
34004
99752
36922
22222
50603
59881
49097
81234
53598
17085
21580
79413
38981
75775
41066
27543
7271
55179
79067
10791
27342
78315
9864
27910
74806
22327
52604
6321
78713
51346
47892
45654
55633
80329
9896
4980
26831
14339
25350
24326
66243
14691
37586
10634
64219
37774
17788
77566
43210
81186
5757
13368
42150
12279
84315
50357
15875
79998
95089
93688
39089
34038
14602
23349
86053
99682
36701
86029
27260
99625
79845
98021
17224
99007
10798
94400
31769
10404
65124
30501
35249
84746
18176
28894
63624
84873
98413
80131
13707
19623
21679
50745
80641
25906
28892
56310
34032
53258
39219
61241
63996
7401
71079
30274
41198
23738
68184
37416
40578
22141
7855
65734
10124
30515
50111
68283
86010
62678
3876
22800
13534
77056
95260
70373
21282
67678
12920
31072
7290
34981
22725
11962
99841
5267
70804
79138
5900
46477
34377
89723
2859
99921
53279
89673
99859
56829
91064
70279
51147
76063
52391
45939
23991
80804
80352
31423
40451
5452
2482
82312
3349
82113
50009
54157
65274
90906
35783
50161
84707
33912
43285
10440
77764
72515
41338
72462
6548
21023
18649
37167
39138
6850
5836
57188
93492
91342
84862
18716
14797
94320
20903
54870
33655
90777
75380
681
34488
91156
44464
43355
88198
11492
49459
12509
55386
78896
36635
29583
23884
2654
48010
59523
56924
55843
55202
50799
45190
91717
70706
33348
79193
84241
71106
62260
67065
29582
25829
65631
43968
255
80535
6640
7027
42187
21587
94977
45974
40363
46677
16102
59783
44872
29886
42948
77605
6039
95573
71464
40521
82323
25862
96893
47630
99864
95057
58210
68469
69602
15236
15997
77102
27657
11463
39888
91239
74834
35467
2993
53159
86679
54430
13897
74044
63099
81149
11082
71420
92363
51215
98866
58637
49172
66487
71100
71595
45950
78478
54880
18693
20202
71912
63543
90273
70851
4784
67391
35794
12452
77020
12401
11519
73354
16746
49619
57115
28516
96244
5103
41918
74567
89118
11594
96879
12999
34158
25500
55237
17529
6804
30186
59588
16992
92560
53516
48168
91043
59424
78327
77240
24435
7554
76843
95324
55879
82509
79537
48295
50853
69993
95458
94022
43703
52378
94325
32194
71610
61006
4955
1325
93802
41438
23520
62493
90091
97789
84948
59688
52863
67222
79171
70079
46103
48292
88946
9189
61356
2221
6514
62341
53737
58657
1452
6631
83207
80302
45823
79766
66430
50551
40751
40622
79490
31330
42808
8018
91539
94595
61013
82922
39361
71807
10661
9951
3135
97862
40152
40419
48167
16115
87092
52141
35429
96705
16709
19965
19762
87723
87012
75751
21044
57676
27957
39344
24100
52407
91584
10788
5547
16746
62339
42154
78194
67719
15166
40309
53911
83083
98301
35504
7946
66926
30171
64187
87772
113
28698
34513
27607
83880
76245
71509
83994
57641
6522
53699
85125
66497
34576
2789
19743
99096
16923
81115
16507
97248
21402
27482
37520
81726
5687
95553
98472
21552
46024
33858
63190
14737
11626
27916
22109
39707
67167
59150
2005
79550
80681
51760
16862
95536
55702
9411
68715
54605
58818
37671
26496
82761
99663
42857
90454
36754
3650
43322
81940
35290
28809
68079
98188
62971
17660
62591
45328
55447
83851
7865
9403
86862
43607
35298
82998
28206
45057
82132
81953
59918
34897
39460
97542
68128
75195
21186
40063
19399
91690
10563
81183
44344
97813
24890
33425
92396
90469
22890
3551
93276
4033
65184
29384
71303
57576
87431
46401
62975
1720
14650
57888
6784
14197
50310
77473
16267
93118
59104
64404
83609
6511
11165
1835
27216
75869
81905
84551
66336
87167
32482
72425
87803
33513
9127
23122
62402
27243
79554
85705
87904
41014
16989
7383
82539
99460
39438
14955
39687
44105
72437
18380
3699
52875
73269
65442
39809
69091
83663
14162
70050
23359
3159
14482
27195
8711
18805
26650
95640
33434
70314
70716
46166
64187
73352
72550
66806
59222
29260
20872
1781
46297
66527
64064
50255
81573
5366
8753
77752
57201
24761
43696
94843
34273
86809
21249
14980
23955
9435
97095
56028
91224
44200
68652
41810
71473
13004
39439
25622
13799
9662
66396
24410
87639
74833
53057
5355
9396
34850
43139
94476
97711
68227
71863
54526
59064
90720
63262
48390
88834
53066
69005
66846
32036
76957
11404
9192
29486
4906
56929
72750
72191
44838
95224
73629
86399
70054
98209
46536
79238
21896
51301
68939
60215
22343
58474
55615
93690
64121
53433
26143
93359
44623
51736
73992
58275
50836
89838
54078
9827
53621
41783
8851
69501
23195
72303
72072
85054
59343
1237
88348
5435
76069
54173
536
82997
68682
92290
65011
94246
24900
54211
99494
85119
57861
11018
988
33042
62837
89502
93178
66750
74178
72423
88088
64122
61121
45876
28944
15618
35060
93757
29034
17086
635
99002
88271
29388
1481
55239
92108
59895
55073
95567
3825
90390
22346
53099
65621
29478
60181
76117
50058
40203
18208
23063
34097
27673
36733
30421
29651
22416
75740
4080
78310
60594
75717
75722
51660
68493
10121
76813
85387
32496
22850
34451
96620
97327
21580
67299
15444
46622
53744
54778
73514
27648
64435
36094
37127
64636
51557
82188
54518
17053
98309
63910
64650
95850
16135
8674
54182
7994
94798
39002
75352
6844
85593
58107
12643
42400
27567
77460
21190
89692
8998
4870
51887
72516
72720
15173
75492
77945
22472
65641
38204
30010
3018
57546
12119
46175
23722
83750
81537
52778
31185
49305
52561
34034
24526
65958
63734
7356
87159
90649
12495
99744
97516
83922
10287
6329
25940
42013
78494
96694
26650
93295
18081
76562
55657
82041
60013
8844
79913
38462
65625
29204
52423
42036
60540
29054
6093
45821
33141
37133
80018
4389
44688
87849
65124
33606
86336
77223
74632
68630
15652
18429
91695
87195
31203
87631
65554
35224
77417
35845
1413
11338
72670
64435
62576
46477
10621
28155
31744
84512
27165
23354
47676
70894
77676
36239
89514
48466
12710
45829
95340
99415
54081
25487
98264
52806
94627
25962
51063
94730
478
4303
41799
82961
30964
66175
64389
48409
16044
84948
80223
3104
49209
64024
70004
64309
3402
28376
22449
90278
39614
83488
93253
94957
91698
7045
29024
38746
82601
52651
42332
46098
43870
2192
40705