5818
24183
50341
38824
22365
89630
12143
10049
69249
46697
95983
74888
89675
74464
99464
64603
19441
36068
17581
72811
67608
55229
93326
89566
1499
92323
93237
39524
3904
67886
41736
62695
29149
56310
60041
62341
42126
82625
44811
92749
39602
34083
77950
90818
67594
49034
73254
23149
79933
77074
89749
93688
17513
4934
56893
92635
49492
55936
71344
68622
98658
31089
82810
95757
73971
73972
89063
37984
74778
44267
72590
13120
92774
86948
25800
74697
44327
91622
96703
81327
69928
16812
79476
23720
8356
68783
83431
90827
95527
80824
75142
73763
52525
71361
54494
66212
79422
81
39260
77075
30616
42357
72010
74816
7054
5636
64199
57055
74991
60854
13693
96517
68504
56680
22829
81468
6146
3434
66069
6276
86975
21887
75769
38541
8148
8131
2211
4995
35775
69907
89753
38399
90397
76641
43939
80093
1897
3737
79757
7215
25150
35513
10250
85785
99645
4447
69611
42200
30568
45366
59711
58892
37180
8271
85304
4457
52887
16615
70669
48981
63879
73182
30783
99635
28995
81728
27801
815
36423
86659
54441
20672
14672
16925
80528
46574
14363
60462
83303
4128
85103
43487
20099
38031
43385
80922
70130
17710
43761
96991
67593
55395
85514
54801
80927
50197
32113
50223
22112
82723
23733
86320
88525
10280
11501
56234
4083
16248
49092
59145
71869
11674
35652
47822
78732
88958
22634
41504
32088
83792
51669
24089
82192
82531
12682
89414
36268
30052
43796
90739
71115
86508
41343
70612
50946
88056
62257
84674
43340
25185
17857
95673
12289
17368
72912
4113
56383
17368
3304
53850
21379
35999
63770
35821
23450
84779
21205
60184
23785
15736
63685
97338
43094
21202
13901
84230
19003
11938
33868
75743
54615
2798
48517
82325
73177
24105
9418
62207
59232
21776
27670
78625
42459
57408
79733
80716
89342
66801
30255
99331
21217
73388
49029
78613
60701
4655
87938
76663
49818
83716
56422
28071
98499
66332
45645
31049
73559
65497
8840
97976
3975
30451
55281
62647
29496
31220
49486
3313
16587
44685
63505
60135
86715
24003
85843
92961
77571
19038
8213
41855
1516
57461
80601
17993
96585
441
81249
49647
74922
38794
23618
88331
32201
33603
28453
96
4646
21940
76718
40438
20188
49148
73107
89494
39467
12143
7467
38705
66910
54686
77398
73070
60162
50532
73004
19523
90611
31955
96724
26488
70922
46609
55075
5820
51428
36673
89472
12477
22363
22165
41819
17968
74381
36276
23279
34263
60096
55832
96840
26895
73314
91174
49848
11551
12382
74510
48405
22022
51565
52402
32716
11491
91765
1830
79365
87951
10759
10300
40622
74599
38671
92327
93549
62818
50254
31241
46980
46177
92865
91451
3370
51538
32475
81136
62860
80996
87777
76796
78959
89708
86795
68527
16996
34392
91539
15552
69747
25736
55862
90657
27988
42461
25221
70990
41552
77580
14230
36317
55416
66741
91360
42288
43737
67913
94531
97764
93226
63410
53242
93193
37093
47261
36388
42006
26670
44530
78382
55618
15203
23648
68486
67999
59796
7467
67477
31797
35650
73776
63904
50909
85337
88641
16986
6790
66611
41317
58697
85028
84409
8390
36006
33738
25033
32393
60192
37411
38760
37290
70704
50622
49631
97844
16250
92385
17133
26964
68422
73728
40137
90932
95435
53663
16639
20484
45542
19676
30119
71656
11092
822
47699
31234
19698
46882
54159
35366
57295
64648
92220
33655
60875
18973
67117
20241
88810
74089
21175
24975
81430
96881
3483
33321
88495
97240
34462
65141
20832
20758
84124
41857
30182
61050
91610
98589
99249
91659
17724
57579
56615
72885
61051
8298
67639
29152
14337
76941
15486
60542
18952
52531
90247
73248
60003
37367
80762
27627
84672
11308
83347
66620
51187
92242
46965
18112
52877
83157
72058
16861
73322
85214
56551
94320
34558
66982
5970
53437
13628
18623
45553
57986
32641
47295
92348
16001
41348
35454
17845
16725
44182
59547
51802
17521
32320
63869
4650
85880
55574
46045
87605
99463
55360
80964
12988
95778
47519
94845
53836
40876
55314
98453
25134
45575
49219
43683
25794
93574
72973
25671
71255
43518
49898
53479
34603
97156
48776
82045
22737
34727
24896
19169
26705
69030
47121
98854
15250
39194
12843
82011
4800
87200
28953
65184
83608
76590
51473
56755
43999
48204
58668
93402
77424
87798
96024
66255
49392
58767
80531
2433
14770
40032
66310
73789
44694
85197
30719
13086
63617
12560
86620
48947
49610
82052
9046
28389
63968
65959
40931
7092
9180
7514
31961
42907
84546
39581
86119
85716
94730
80138
95850
79324
69214
84585
4447
10731
75178
37124
63882
93474
44256
4030
60835
98055
8468
70008
61969
41958
894
77070
20765
29623
85844
14914
61010
32332
62039
2593
12153
23699
75018
26380
68210
16763
83383
37604
39904
15789
92624
60153
59269
14066
28674
89841
78031
68758
24750
54620
14602
46274
85876
59231
22765
40061
79174
25337
46665
73899
99897
14602
28517
55408
95413
58904
57602
85719
23902
73385
76944
14268
43476
64157
32784
47176
37822
95085
92785
20812
62916
64526
34970
43666
35429
77917
71066
96259
34029
13645
79500
73120
3889
9067
60180
66358
587
50375
72411
35602
55768
92962
10045
90731
94313
79561
5879
27345
49702
75082
47173
27806
4327
85999
96942
68494
39340
71956
86787
92538
56474
97849
24119
79991
18485
9929
94533
96245
87000
6964
18496
50925
12518
21394
77004
36839
20299
20229
19179
90882
19312
2511
51880
22019
37716
8332
58786
30590
64548
86014
47467
69109
73348
64396
6192
54676
49159
13048
7867
37664
74102
82483
20682
44525
4333
79943
21667
5755
58096
37376
71367
14715
37389
69687
78133
56919
82651
53162
43184
2671
61270
49325
55812
11606
29456
47519
54405
55345
62471
77519
15502
8742
5018
91316
12436
98790
2734
21737
87047
90243
9482
3551
68092
31418
15894
4457
94780
1562
27662
2485
33213
14622
60100
74985
34771
82458
81325
15943
46051
64254
95401
27576
76946
58729
76065
53266
90038
31969
75432
16704
58465
49691
93928
94738
20460
49564
70598
56949
62191
43033
38440
89010
69469
80319
7126
1603
65798
50500
76963
37276
77612
6070
38540
64908
9922
33869
83456
92668
63885
87886
33394
14761
79052
60508
33166
18971
740
17165
37882
70692
61735
77284
78058
71654
33663
90695
5166
4008
21338
17688
86868
4238
17921
45206
61763
19618
38517
68658
27002
26977
23921
20252
33764
18533
18057
32380
74617
43159
38759
20930
5421
9800
54019
17721
61759
48978
33398
16905
22755
24414
48887
70514
45827
45096
54256
17446
52869
26996
1893
80125
98603
67020
18582
91166
96440
42989
50665
43839
99695
27412
18564
33963
8473
71649
32497
29056
65869
50120
91357
62168
86055
32227
13227
20546
88895
33094
34932
21107
55632
79645
95779
51534
11969
25836
67660
55120
21225
38196
35459
81613
79297
81180
55629
79857
60079
25727
87429
31775
20916
93142
92065
89883
31445
96076
91358
19308
42037
48149
50883
69737
92085
48889
62001
68855
46336
90535
87628
55342
78242
63759
58951
61073
84777
31844
83622
97033
18960
58420
77492
21066
57124
98372
61665
99056
70040
21311
74271
87849
71625
44775
44351
31206
75516
97591
47284
19583
8169
31379
9660
63528
18842
86296
18993
98175
16022
5959
302
89313
24930
89774
63251
5101
24006
67452
57406
29685
74483
89774
74909
17380
14763
63078
34960
7100
31008
67315
50076
78033
68233
46223
51690
60442
88965
7166
36935
8181
90698
43593
94017
90724
67815
9718
4432
66106
47953
16026
49158
50455
11208
19247
44367
65760
49559
95272
39502
58496
15697
62127
72613
79943
42487
85867
74167
91332
52959
55224
62031
82056
85432
36778
52137
1805
76956
81998
40527
22649
5505
38079
1208
73860
72801
55522
48224
35886
3484
68458
41499
46156
86581
4128
93014
66884
95247
65016
64232
68566
94514
47599
26243
43167
96889
95955
62457
56782
27758
87833
12760
93344
21982
95718
22917
92788
41532
60387
52220
48786
64529
4871
76041
71125
32952
28619
85442
84345
58783
32166
54458
31942
76215
8499
4816
20696
94545
27841
32861
84553
88045
78627
15466
78628
98194
11238
7172
74304
80048
17016
87265
56395
35595
88656
62267
39402
515
4530
47705
24397
26346
83969
23802
34216
30094
75611
59002
67606
16953
94474
49686
83830
39775
28368
18705
86096
65783
2902
32571
13583
73466
83390
7588
67762
85482
26050
81019
15690
64537
80257
2421
5561
2541
836
13722
41598
4763
61216
16495
93975
25689
80961
5758
23640
7411
24602
98046
38223
47774
72618
19272
42793
45601
48264
14489
20717
24901
23504
61152
80915
146
71092
72630
1362
65949
78925
65736
601
27056
70200
34408
23426
90385
52154
87657
25856
66333
62056
94592
54102
46593
21813
67910
99986
80778
18977
79224
34431
41095
54999
90043
24270
35513
57973
66319
90336
13443
95512
41097
45402
76001
11190
17088
69085
12080
91051
20010
33389
71844
20861
4894
69757
8907
45219
2028
99653
63528
26271
53187
95981
74367
99365
1916
652
67289
56368
84805
67370
25549
2142
22214
83831
73091
46996
84520
12576
32917
80353
36309
4332
22161
6332
18725
27062
93643
27115
99848
2684
33729
62601
60302
62816
64025
36854
4120
18856
4472
88790
40301
74933
64089
63649
21424
52215
39635
37794
36312
48054
97673
6466
45742
45119
70150
16845
59097
47920
40033
41180
40421
90233
78943
28835
14301
37192
69601
57928
24924
74955
63620
50268
3080
80844
98668
90661
31248
32635
10279
97748
6643
44754
70832
36522
20109
91427
64018
76480
77094
58061
4417
19222
87279
26632
90156
70313
77705
5703
97387
59487
45390
2328
40445
29872
68857
22956
81178
65002
96374
60445
68685
62994
42243
16325
27282
61108
75092
58953
5933
51826
2415
56696
58620
21625
11108
97553
10255
31845
38043
25625
42299
94996
76050
46382
6333
10304
2243
75272
1722
99479
97804
9088
60386
83486
99674
74265
49082
58715
72402
45223
35880
20760
60085
11978
37446
32638
84203
48885
21773
37952
33479
42618
1159
19709
73671
43151
22645
78845
16754
72207
28836
47136
72603
90082
88101
37148
76925
70406
90844
17953
89958
36160
13581
30973
36363
13694
14470
47444
8447
87472
57589
63654
50560
58537
81686
98729
6960
54942
48377
9378
44244
67011
48703
72971
9151
56694
59493
73
93200
443
11777
18943
52809
34368
56787
5010
90672
85401
41703
71702
38964
29219
89564
57863
34938
50328
18727
85880
57303
87769
10842
29238
45153
19609
51130
51976
78313
11742
59726
60069
12473
60843
20467
52174
77926
33236
39713
92080
58212
5746
34534
99178
71917
20968
32418
7407
85808
69697
79809
40416
56056
79325
84028
93902
34340
74607
26789
17533
58986
32390
22863
74511
11641
71320
14082
78089
44594
27871
73280
6037
86620
8392
77883
67662
14266
22630
64650
35276
93019
74544
27949
52308
50946
726
8312
70293
95371
8893
93883
54895
26422
99202
24140
8588
3702
47868
56821
32376
54369
48773
38154
93020
38413
45137
96344
57585
24016
11531
57367
43761
69872
24468
584
47699
4071
78907
29470
28980
48526
4169
91157
69064
93814
71359
25294
11670
94250
75013
95171
58775
69703
50889
12763
22193
59659
50584
28232
67272
86420
76913
31674
29124
46642
55009
53337
85384
96150
43877
47975
68001
35404
94920
41584
87117
45562
30726
55065
30409
82748
84904
7059
59205
67417
62157
49380
69486
78383
46681
85292
38441
36912
23663
24397
14651
23311
91805
88907
87348
33387
82264
24741
31896
52533
37443
4836
49274
52184
99980
10007
50580
30990
81459
84586
32658
95835
80973
19100
74288
70657
23664
98544
92302
6884
62531
17849
67603
49435
30575
72531
75423
62012
88470
11175
11571
14896
50670
35759
2821
40789
62611
41916
65317
27803
43735
37065
50785
70032
26504
87001
55792
64719
65731
36170
65117
43432
74325
59223
57532
67950
21175
86721
16649
67086
23029
94235
6477
93518
52618
24708
77193
32850
54455
4781
5068
26042
30120
46064
26929
14659
92596
52957
48173
71232
61342
34488
58856
68084
42693
90808
37734
37325
27986
34958
53961
77106
31701
54198
44712
856
7833
40800
77664
82179
8106
99464
60440
19151
19945
8600
27549
30988
19664
55979
10359
42978
35236
99911
38794
38884
7323
26054
45152
70253
66251
34207
37675
51288
62687
31584
84570
65488
67627
12669
37422
38107
60473
39385
3185
32052
56104
82385
1805
94706
59825
21584
43983
49407
72868
3948
46350
76586
84872
41286
14214
46106
83713
6682
24624
35252
83283
6564
80805
77602
66238
1664
11270
96841
2745
27060
41240
39335
50456
19571
50679
52358
95852
33860
36100
96360
54950
6747
32181
85058
27851
28753
42063
43309
61190
5050
26513
30208
23414
67678
48610
65006
697
15308
49163
60350
77681
69456
46362
60322
30108
26571
11017
389
21653
73228
90264
94904
81795
85412
96472
57866
95363
24491
15625
81265
9251
66085
69200
28336
47944
70710
79267
1435
77364
14409
47309
33573
10420
41962
20764
47667
49578
13834
72143
84046
21246
34014
89336
4088
97826
49113
52663
77845
19412
75879
44428
16436
1481
87027
62454
20403
60847
14455
5159
12799
99346
27105
39927
22858
89216
83146
38584
26237
76135
762
83901
95161
72969
80858
4448
54555
29269
84021
24788
92233
15751
26327
7404
51922
56463
11166
95624
62577
86670
89371
34715
27414
35087
76789
44397
66209
10720
67559
70057
44633
96207
78581
70783
60607
35167
15126
3703
10660
97560
99103
59842
68592
32058
16127
72778
21645
59043
9581
4806
80483
71173
66754
20133
61300
76521
91749
59695
41480
59451
13716
99318
16029
24738
40698
87926
65379
19561
40584
26243
26488
92495
67065
22611
80788
52376
15163
57032
2493
21732
25299
97387
38297
85538
94291
66876
62377
18510
43804
64605
35753
30466
34873
2375
77769
24407
12999
85964
66474
31121
68873
15042
44254
67425
45686
9922
74164
99401
99527
94657
59027
78646
64452
50446
58349
67762
50703
78324
51984
98866
57326
64211
40722
85398
46789
66799
43550
1558
30403
19390
12402
82545
36101
74781
65162
60535
53798
84739
2969
52907
16093
14586
42785
46545
19820
32086
5919
25503
81760
89051
73854
25523
80865
28261
22957
26426
39762
37638
23294
14234
58284
98834
90302
79249
87007
88113
92872
36135
69120
10145
20100
37144
95212
29317
81832
92660
23015
88507
22870
92210
98146
45235
42837
87318
81222
63390
12568
12674
31919
35813
46835
48778
66328
51131
6093
47678
18236
75579
45697
7552
43512
48680
96758
91994
33495
42494
83527
85698
95162
80821
92952
63604
14522
66075
25890
86371
48042
76727
9183
63914
35205
85836
81408
31712
91530
1156
8086
60034
61956
57388
50241
80003
82362
97299
41280
41733
44242
37934
14125
25526
57488
3850
9655
86446
41158
80150
56408
21919
55874
57359
77271
7185
44139
53083
53245
63092
64445
40835
76007
88301
49965
22670
91315
74571
39951
89987
31562
4085
54742
88009
50070
99059
9959
42829
22455
95314
77239
8150
45121
30847
73840
91995
83411
12841
73302
43162
25618
20530
35621
80021
59244
95159
21305
58795
16653
36812
68117
40597
53569
37160
73679
13522
75151
70482
92554
59027
60822
84064
98900
45459
25294
51722
37012
93279
40099
26249
13481
52391
77877
67073
85109
5460
48646
38448
80968
92259
70627
53374
18922
62992
24818
92689
84689
45379
364
17870
25181
8432
24658
95999
41581
92939
45800
31691
58190
87506
84480
99882
62356
47345
6779
40508
97744
66189
78852
35101
65577
87582
50553
97811
72912
36244
30095
15908
73102
33939
94281
34939
8573
84964
8889
4067
29243
26624
97657
87469
78892
5415
76572
54365
39414
89017
99921
11745
76571
44946
63555
64093
7711
40475
21016
57859
86096
55451
97524
196
13610
54152
97557
75624
14111
86436
23780
65789
92448
12464
75332
34849
12191
21789
84390
52989
62678
48434
16210
57725
88575
87350
84613
73139
73367
5004
71114
3617
88712
83851
62721
79035
37930
99806
76592
87105
78550
64830
17027
60802
247
65228
19422
80278
64321
25300
67203
25294
69817
48458
70788
20964
38517
45189
9635
39239
22758
5380
89408
90353
5958
50327
47604
59504
16580
36208
42124
85995
47247
41093
368
90497
54753
79863
52950
93333
33998
93940
87593
64111
19385
76102
46338
24311
28094
33550
94681
29347
58705
56526
72603
70994
17601
80282
84733
4708
52369
28779
8595
93458
75319
5236
84585
28879
92157
74615
90982
95588
89447
53380
9899
68800
91461
10893
46312
78630
63555
98802
31348
6157
60107
71244
81711
15377
83773
16555
94494
75559
62192
93886
92847
37233
97836
65832
3275
21010
87851
47021
70256
20632
14068
44192
67251
32721
40196
16616
55035
6447
84203
93066
85147
28239
80661
89803
68140
90294
75269
10208
31660
77960
24388
56344
6460
32257
23907
69156
63490
23023
39009
93441
86965
47297
43308
43492
98085
13682
43188
67950
77822
92356
13045
84370
88002
10614
70255
20495
23539
25113
45379
31912
90948
88244
71283
86681
52606
19421
11755
80233
4874
24396
36000
70299
97859
94369
69080
62562
48555
47629
64653
55458
40123
61933
35401
57119
71618
98918
67230
92741
52605
18707
57659
71079
38205
71121
87451
6996
47486
57170
9922
84766
85197
3654
64489
22389
74180
83900
95806
2617
42171
91325
66005
60673
66220
55758
40728
10258
7670
94609
36112
20135
89431
80730
58008
17729
12278
39843
46961
37309
91976
13054
16235
87186
96781
21624
97994
64247
86808
6011
58421
43258
24041
81591
24053
19560
62368
88377
80531
1538
81118
55839
68005
39375
87958
19570
44684
47429
20535
83651
57563
79100
39441
60424
68244
80490
22834
15397
7925
49521
29396
45180
91272
79741
71146
24327
18376
7671
74015
90800
53823
92190
28328
69785
3820
25928
57822
56518
32414
48223
9219
46974
36197
1711
8404
46864
19605
83156
47167
85334
72706
51538
23357
75273
32146
36157
54717
89745
7248
69274
91411
13186
63340
48491
48632
71605
29928
7753
33209
77098
25854
12159
11057
5219
10259
4269
59953
35447
34647
18305
70033
28737
56384
91586
2612
77401
20953
84651
93505
26791
66985
57480
62428
83683
45775
27105
93207
74200
88722
60502
93769
13168
49521
81791
80337
54905
29281
67269
17051
85462
44983
89698
59451
3823
40559
22121
26905
8662
36773
43765
56671
37832
10242
7441
49612
62617
28684
41593
60510
4287
33280
6197
89130
37211
21426
99554
73195
20327
19873
62080
49177
37056
4391
94125
69999
167
1094
98968
18254
18263
70154
70358
21919
78700
63318
27981
62521
43087
16095
64875
69999
56064
95509
92951
65915
35217
73278
75075
17709
80842
68937
96948
72655
16102
93106
52774
84272
53547
46797
69909
81630
58386
41307
54950
40592
75747
70712
3453
13538
8503
21811
77479
80729
69894
11668
62011
76973
75716
68403
10749
66872
22707
24395
15009
49595
66556
15658
2743
81622
82911
48211
29948
3136
50064
14609
95917
7068
64248
39898
29215
93506
41266
18198
59188
78577
68026
7149
20942
31956
77188
52540
7252
53646
59766
7071
82382
14487
5630
94982
97093
37621
92535
54540
66686
51497
49889
41385
33220
31253
13496
47282
66068
44279
78310
33472
43931
20446
55702
17058
70947
76768
2486
27689
27045
59382
85569
25243
6779
8869
74578
71245
73445
98854
59760
25122
48462
4141
67298
27655
62473
29069
51224
15902
68205
5731
58937
75622
82987
89239
8783
47543
90724
1463
34380
72560
24147
15964
71263
54847
38693
93143
31533
34796
87685
79248
24243
97219
87223
99092
94011
10422
76743
51461
58159
53742
70591
94378
61985
31929
52008
19769
81176
49522
57541
32131
4419
58034
25760
57708
84748
9342
52983
80685
15113
64508
22736
81169
29846
55017
21338
45376
53758
8347
37248
13327
70252
5468
94835
89403
6821
67545
47889
45177
89129
66700
48695
58317
61255
73115
38000
79288
35184
98198
34921
44494
82550
80639
80322
25669
57073
65818
76518
59715
95552
21729
68503
77566
66720
29090
7344
5281
2837
57115
65652
39891
29812
85402
75329
71299
36028
3767
58260
22470
13176
54762
74977
33303
5700
87310
14639
95148
43667
42192
58519
87613
59980
85173
80756
40513
81263
51057
62168
70111
83603
44686
2296
85302
20067
70362
29753
5963
62675
53491
99357
92840
62876
20673
51509
81351
73676
82617
48804
22957
88465
47956
72437
96047
17920
36570
24422
54238
26259
27617
21136
61293
74955
78328
42884
67219
24133
81013
641
25336
21418
29820
36645
70365
79019
32197
57024
15446
19876
41527
33814
5354
23390
70477
72086
54599
79369
91086
64452
76650
21658
38380
10365
46692
5665
35533
35622
97816
47436
37438
77434
80126
46287
59522
25340
99039
36824
39128
6344
91084
41843
38417
77081
51875
88058
15083
87670
18265
76471
31107
26725
75013
94486
67270
542
13305
11134
65245
84760
60896
13440
96912
66920
61307
44184
6459
16725
52936
55112
87077
67741
57632
30609
92200
1798
5740
4455
1421
95698
13913
17545
44401
45699
64905
33774
86693
89714
18762
29361
62681
940
84989
5704
74048
38150
34552
84491
5808
673
44111
50124
11933
45177
4338
43990
14568
7401
52107
4432
74067
20691
26952
43833
33645
49600
30402
14690
71077
13230
69821
76744
99873
51552
40941
40861
78604
88229
82462
46580
85193
94469
30823
52724
59759
3354
29859
43137
80767
41866
19007
40637
88964
56266
69600
29472
2716
63894
98430
20992
29868
56441
21825
91067
82651
72855
21582
77849
62169
4841
90564
31238
26240
17619
29738
55432
42225
77574
5769
57009
15950
30205
77937
26640
31661
50326
57018
2353
96283
94055
92669
4953
44630
13679
42994
99904
98206
52621
91501
39375
35329
86056
66605
89868
52070
8363
82596
73075
93362
20280
3551
85777
24692
27873
81596
16805
11382
42397
37483
44735
27474
63139
29056
35713
79209
40684
80072
76990
32262
39712
94901
61526
29988
12879
47840
36333
58717
90880
9307
88173
45792
74394
25721
18752
97178
37166
12778
14934
61632
49037
49218
11385
15927
46324
77892
15660
72095
19732
22567
94165
11975
9608
93320
96279
30698
97474
78184
66679
39906
34352
83236
9927
51288
5134
12564
88987
17763
66853
80721
64895
90267
72778
46282
89821
57037
17363
36415
23058
41164
52995
97811
98955
80753
36472
79181
94231
47036
46578
25998
58381
29375
45547
38370
32615
22738
68267
30456
86058
83537
21875
82453
29639
74157
86864
51556
35887
33752
16774
64036
92001
50954
3518
31724
66951
88898
4277
49666
92805
16111
24027
95104
68926
31621
89722
16684
80351
5314
33211
17153
21056
2156
58953
82899
80280
89731
56488
49606
54085
32138
87509
79606
59115
26760
44496
45598
87631
39620
62573
15325
50301
67044
95220
30476
80692
59314
9358
71336
50518
95770
86543
14408
74765
22492
33792
98472
76324
70990
47524
8568
55297
55523
70413
72456
90439
35359
8113
64142
81576
3075
70134
31212
69559
92524
29380
6591
12247
66600
42748
52667
95079
63127
25267
56536
14101
43255
36974
9854
30497
74882
17899
61454
26548
41155
16236
69093
32696
71577
41471
33162
44924
32745
22560
80624
24426
11375
26870
49174
33588
65552
23443
80875
87185
71361
85643
37220
45567
8077
22322
14220
34035
94733
76269
39992
48763
3786
66107
50012
62029
19191
29761
40202
53249
67795
59167
78674
27387
16515
87671
30640
54140
92053
32709
16615
89414
33154
90167
86320
21072
35025
1617
9968
34466
2712
78720
18236
3415
42906
35552
51945
35428
96238
97882
39809
59614
14239
44928
96942
44354
75792
87311
55711
58512
50023
27348
70451
59327
29001
95318
29371
7520
90083
15747
34326
64709
81084
87
79949
70000
22671
15750
34387
61278
27216
60626
10809
50183
14812
1529
94510
66170
77633
35596
45072
81908
1310
2331
77538
14695
24762
74555
91478
27748
44662
49730
28871
51047
68065
73528
72699
11763
59920
45052
97129
65600
95872
14792
60544
31454
73340
64470
27683
84800
2612
17220
43936
46434
87115
42857
6963
23398
27483
74359
34031
26673
88337
31628
51480
69246
59238
24968
54736
66178
96783
96150
45437
1108
95005
51787
18510
34870
96394
98864
43158
23626
99682
33118
86918
34458
56385
64650
24520
61104
64651
74925
18947
64205
90746
33526
88738
13453
3310
52390
18958
92768
52115
22303
14098
55110
97958
66057
98576
43326
60260
3894
2140
69288
50341
49059
33331
9758
40283
36801
15956
44939
97447
52599
78065
26175
21308
64689
62203
72068
68987
63234
43503
44925
21031
9589
5921
14321
49257
70051
55068
63485
71887
97797
88471
97183
61167
95344
48082
30119
25875
65688
74930
17644
23253
1159
33101
96133
16579
88997
36422
69303
91102
37496
31572
56161
69440
5085
8525
66901
62030
80945
25509
43436
28632
84768
30151
76841
53285
46738
67397
91748
76589
36944
15763
61662
54054
43272
94790
4495
56716
44245
9979
4872
4765
74704
26653
26548
74487
46271
67413
69048
14146
97366
6203
14216
73747
34269
29441
90682
26537
30055
81941
66916
29550
36505
93956
89466
83570
82625
77870
46268
46709
92291
24179
64963
51612
45788
86452
25596
58526
35918
5216
88219
14797
72243
22630
38315
81546
17338
84624
2554
83328
81772
24121
18902
41277
64362
57998
93365
42727
85569
87780
8178
96117
32436
22619
92253
6940
48827
228
64707
70770
89171
20863
45820
16198
94803
22085
82657
51702
21993
43936
16896
92606
33987
12821
67903
76400
87180
64484
44539
24844
35332
66104
36923
52024
67007
70481
3778
17915
31226
69278
25544
87729
34155
89447
23371
63480
11258
80275
44084
36710
75730
21598
56564
78172
51728
8378
40320
86065
70470
76611
24978
29290
17582
94546
20772
13901
71430
3510
59493
67680
39184
43737
10378
52199
22437
32607
46599
82944
788
38300
79199
62449
61028
5383
73795
42804
67281
89993
72500
80449
86228
86441
73304
16869
25294
52564
6247
96100
14788
97030
75011
24644
36085
41994
89268
57090
46877
32342
54464
29388
66264
77138
52122
22033
71744
85097
76552
89423
36729
90054
93869
84935
11854
47825
684
81037
60280
7085
74183
68315
74375
97509
51347
58778
60685
44155
95172
36503
62268
59610
59231
15706
43110
3727
45244
55549
89737
75355
3624
33152
27695
7706
70841
62740
23590
77546
21292
38613
24546
64535
53992
88810
33567
47916
20586
44010
316
52693
18802
39188
11263
63514
33329
33825
69619
90166
16478
55714
93451
48622
87921
97065
70815
90121
3538
99617
46303
7719
14473
23612
97298
44427
99892
74804
47905
9956
22476
22569
70530
3917
97001
47589
32918
45970
33004
74609
91010
34933
54880
29242
63859
60428
35456
2893
42571
1217
21178
40668
63293
41445
68912
67114
41444
71228
37884
6591
6555
44832
23651
25452
47905
63435
51164
88844
14840
78466
15337
45909
73725
67192
41070
69705
87182
76994
16280
36528
5610
44703
50563
53343
58324
7266
56484
69943
52289
48575
96430
46851
41309
31104
64342
97688
3913
48877
31751
99344
20336
38926
25542
41381
75409
9585
2461
12249
65841
50617
14347
42268
86275
80561
84387
72604
73150
82859
93834
39538
53762
44190
76816
43529
4402
92303
69604
81087
30926
65037
33031
49349
81643
22838
69146
10169
8526
72196
70762
46386
2206
98186
13454
95578
34840
35324
922
33073
20223
28095
95687
29997
18921
87390
43831
836
85513
88869
2932
50946
84555
75613
14483
2768
10256
90681
44711
41341
76420
76171
81655
27563
235
53003
1783
65202
42088
92058
59716
77933
89862
88699
48261
29591
3877
79348
15533
88682
50925
79460
39645
91323
37403
53315
21922
5235
14148
47403
33677
15076
77531
4332
72496
68782
15129
83817
88602
40927
20823
73198
51538
82348
64246
86105
2978
26500
40943
71542
29496
40074
12633
49976
47476
91457
23877
14296
71069
39285
74922
36050
39140
39388
8738
79123
98998
62885
40536
48853
60710
2748
65608
22770
71672
88574
26325
62098
73210
47478
59450
12454
58219
82626
22019
53039
33021
9868
25959
64517
50039
73424
38489
52375
77057
42799
48042
80786
53260
12673
83251
12354
90650
35573
70495
84522
99382
10940
86705
27211
58282
95519
64183
79758
27574
78059
96048
48008
81476
98507
71142
49476
47612
53374
44232
25400
53995
23082
554
2235
29786
24091
60740
67485
25159
14102
40287
86473
68750
9822
76429
64401
49549
78065
52367
84615
27270
39501
89355
68414
42631
71403
35770
89381
89672
83234
41153
10580
36287
27425
87800
10189
36879
27288
77333
63431
93944
39803
26538
14665
77682
7043
55193
70282
33492
41826
8489
13427
30195
48622
45844
62798
61708
31172
97025
56419
5885
93333
23562
73578
25767
35982
54891
90140
87504
55144
95751
93666
39942
59372
52149
57845
41907
28337
98249
17108
96918
71584
41806
8308
57441
45096
4989
44628
29280
67240
20018
45202
5674
60510
67119
77888
20656
21244
27754
64176
13864
46034
13435
70121
78157
93939
67681
81930
26992
32120
24161
95737
98973
64669
35190
26781
18845
33707
71730
41431
19521
1507
86489
89488
4152
24485
67992
46818
72746
40830
53010
96465
14913
26981
54297
92105
9392
21015
23686
55603
80866
51328
23324
98102
52791
84596
21044
60221
30364
76896
45288
76693
69712
52390
70677
46941
97393
75921
53895
80801
14157
89277
10405
63451
45782
6048
6813
50754
60809
46507
42162
77669
61148
94840
19155
89274
74686
13818
10241
51448
36064
77059
94978
4228
16104
80949
53238
62740
18539
94566
42248
4386
1586
30906
88661
31275
32244
59764
52156
99931
38329
43955
50168
78351
18663
90003
7220
2692
45989
67481
24887
63982
73584
71775
52729
79588
51037
35507
74405
15727
85999
65044
89799
63377
10063
61009
91760
51318
88234
85022
4065
11041
54580
3213
18311
5898
80457
93349
14325
27499
26120
90565
97629
50724
77836
282
22845
42054
67
75766
57219
49354
39895
89707
2628
87021
10062
69260
61472
98279
68963
29156
83367
3155
51748
27602
14252
62694
28350
47364
67027
68296
27739
11963
44511
52327
3591
12929
21277
82170
71386
95474
93841
39609
90462
4707
7604
28022
30492
88184
11791
63159
43602
38945
87040
79067
46052
53830
92431
12605
56422
91289
59991
2978
57718
63959
40149
15269
11578
40064
51204
98544
47908
43542
58298
64625
9194
91830
6049
60802
47665
36282
56940
86440
27547
49471
24661
125
1116
51637
4426
4910
17851
87501
15521
84836
13913
58320
37577
80643
81250
276
87439
23346
4394
4176
51076
61616
18351
10419
85397
54939
74470
667
81717
50150
458
59811
12259
30121
50898
57224
38902
88492
5684
22708
3178
44269
86030
64959
39737
89950
29647
13689
27247
34926
49239
16462
229
94059
63018
59077
21114
90588
61204
91237
33611
20544
37298
59552
31289
165
56646
26808
90701
74498
29937
29768
58472
19873
81469
46659
7985
68129
38060
37125
56633
74683
54630
60942
16524
23848
38799
2580
74710
61646
94462
69230
23782
38580
64644
45661
61488
9721
15505
12084
57368
19288
18024
68374
20982
28351
7633
11077
21000
98850
70032
17158
27926
56122
51246
59273
25136
97302
72794
59575
26116
96210
71779
26822
70959
38805
77761
54667
33196
33937
42491
24104
52858
98302
84290
50694
93063
34856
92675
17262
3493
88563
59532
41776
83547
44865
67483
34342
68695
68659
12344
28614
80437
83593
73531
75728
65429
52988
96748
57787
60485
49617
32503
14702
5280
9170
57971
74176
35201
24511
84291
31311
41508
3655
1369
11123
86778
96742
98753
23034
82784
56531
79259
24709
21091
2166
66977
55858
83058
51968
96010
33299
15114
73534
94997
87712
31261
14595
20961
85315
83239
89291
22777
7134
28009
3886
76863
259
28938
42913
70399
519
72072
35047
73130
36146
63290
73613
78024
18712
50205
10431
91637
86073
24931
96434
81617
88117
56243
20166
44087
66931
92770
29995
24073
38663
86884
3134
23616
88713
73583
21862
79190
19505
80196
62508
41641
96569
73994
74012
665
76888
21510
45369
86116
30502
52697
32648
55497
83587
62970
72297
46754
47767
48737
77351
44790
36907
21702
6103
80924
52484
90787
35761
12484
29351
94818
76042
46686
25849
22744
54473
5104
12450
69944
23774
26170
66478
89549
19461
11465
74061
41230
32768
44816
72413
84428
27809
5260
9712
44778
58970
95907
47494
7141
89090
80850
97967
9256
71791
38678
65183
60752
59846
65561
33118
45502
89252
98385
29468
34672
69651
47119
50752
28687
93658
92371
35539
4418
89561
32183
46619
60771
73891
12975
24392
87669
12345
8851
5208
24373
58
64723
27825
75739
45850
48546
61711
32488
1804
99249
29344
5421
77452
18141
6413
13715
80325
69463
16674
93698
67982
40541
66243
14700
7237
25956
88318
75132
59715
5974
67510
674
2413
90269
41767
17083
94480
69674
225
33494
64333
79031
42171
46349
47031
96470
57933
99430
74285
84908
67921
24146
79558
41492
67015
11006
18912
85689
92423
90426
15674
1740
36258
55199
45050
49939
27792
69439
30978
95626
7184
17610
20122
22212
25758
55236
35150
74940
50346
27686
38907
34698
13912
64623
67284
12692
44456
41131
5773
88167
25876
42966
33137
5348
23956
63662
13870
82869
10630
22809
771
9390
31426
15175
8597
58343
50340
89070
29732
65203
55397
19234
55824
18283
66213
98194
10879
20942
27484
81615
3744
7458
55280
12749
23162
28985
7584
5763
83209
12527
86369
16586
30188
21839
90688
46023
71042
5202
33448
6544
49481
2650
70761
83540
51278
42643
8635
15383
72902
69647
34563
15811
72453
1774
45677
7550
25347
69960
1774
25230
68873
30690
68436
30461
5004
46433
5837
13670
76443
58977
63517
34078
49386
21840
1292
26186
52675
34722
97624
7438
6163
99666
54854
23447
35444
74178
34190
38158
72346
40488
16222
11354
33929
57176
3979
68856
29541
11871
59000
63079
76137
10514
60675
39939
34326
72977
67134
3403
30728
11329
30185
23069
96626
4158
7630
66843
12257
87991
58468
33805
66536
2586
28237
7924
77318
86490
78594
73067
48091
5193
31457
7162
73817
92229
68439
96588
40285
49063
55614
78682
25245
85584
78917
7186
92456
81350
93328
19670
87582
18508
47211
55610
72126
66223
59434
91578
91117
1287
17214
68710
13305
35972
99715
27466
49319
30384
51775
98602
29375
87095
84238
81693
4178
32539
6634
73320
24858
22406
98152
90862
94628
76344
56859
12761
53666
64979
92869
91174
75972
22846
22004
58870
26603
386
59734
64116
74638
25258
30066
87785
25650
66446
29110
72683
10769
86430
27411
96524
89865
61
7214
37446
64056
47215
81808
33678
93807
62804
83268
4084
8937
16099
19375
35180
78187
82363
19240
29091
49093
45513
76297
64527
54222
40522
37337
23752
81144
45378
42107
27106
52562
11330
52718
14837
12510
64049
45958
92164
65937
82544
43701
77487
44364
82074
27781
83693
22735
4329
65900
70799
45120
1384
65062
78921
58578
96192
64525
58990
22515
16719
81911
67869
23988
55149
52576
79258
79616
1540
10785
37785
16882
39933
66691
86449
59557
76162
22636
92958
22023
20911
48955
20183
21851
98058
15567
57390
34023
81627
78767
10482
91482
73791
44068
13847
46284
91061
63153
92887
19691
76234
64711
29377
13866
2928
9358
3398
60067
63112
5496
25099
89128
32726
83195
5792
34858
47330
3561
35156
19082
13722
66316
12524
27284
90841
92068
55606
80960
81063
98191
43581
1433
79319
78400
55909
9124
22160
65308
85918
96877
86537
87094
38120
73152
30146
22399
18960
37014
23160
13051
84971
3105
36732
91911
64872
13002
45578
91217
53679
34723
89501
73813
11739
91932
39661
57597
66274
14074
98665
66796
93874
34281
90155
83151
25974
43950
31103
78585
29708
98574
45637
70306
87544
7585
48798
22101
64083
25211
60137
74914
60518
47519
22547
75632
22348
16927
80858
54957
53309
4845
16126
2969
97956
50732
12110
65535
63712
89170
22327
66368
7912
54264
10327
61344
54808
79349
26842
17334
74545
8923
36012
34445
28240
24474
3215
22163
1827
46742
34615
44878
10229
16065
47479
3452
17755
97667
38794
11193
66016
93980
95201
25857
34590
14279
99758
80054
18635
67958
3647
70032
53313
27278
54970
27049
99003
60011
53953
71042
77091
2898
46979
13675
30725
52714
3775
75480
36927
99206
10215
61438
87852
55334
55134
21289
58473
30175
44634
30690
71928
94993
9154
70680
80675
32717
19622
5477
23859
30284
56497
96332
94847
26283
55989
57914
67201
51131
97077
49071
88432
41175
37171
60436
30218
54112
8309
69040
30458
19522
38796
60069
76499
612
25608
99428
25718
41918
54201
71608
341
2898
18970
4405
80068
98888
67384
47469
37709
60509
17604
28872
5578
22980
9186
79849
88244
40120
30131
44357
34520
5320
53200
64855
90556
29145
13107
7095
81894
54421
6197
94557
96158
46891
8643
51315
64523
62001
31987
81595
82190
23910
39964
10982
66104
29563
63887
55750
67779
8618
98084
5190
52227
26351
92081
90077
45071
14153
12004
18876
89351
55603
1658
84467
36192
49015
45570
68253
95045
60198
95970
36109
89564
89232
90435
82393
46722
63571
24928
33783
29794
59554
34804
14517
9061
85230
43356
3950
58387
90106
83275
22138
10749
66753
53203
24500
39241
32256
53171
26473
7053
56113
24005
30698
28541
20672
65630
2488
65956
82103
35002
95881
26030
37513
21092
35840
77876
20483
34672
89226
34523
67596
47807
10003
31608
13558
76461
1798
23205
88906
81513
91280
4066
35595
10953
88711