9630
38777
2591
90566
38439
55534
28775
56498
23819
90457
1718
14488
90258
47758
59711
98949
30854
92408
23965
16251
86939
24907
55542
18765
41581
25100
93244
7775
91988
27814
56343
86194
32085
38943
82736
21256
71301
55961
39221
74233
43613
24622
50135
19869
99196
34863
55802
59741
43966
66608
82564
96876
46522
9365
84396
29176
12313
80482
58290
56724
87532
2964
52136
7256
41404
75707
21971
32243
34814
80952
19441
41324
93479
35952
57606
27539
12998
32560
27307
85996
93608
91174
18082
86541
82964
67153
71363
15693
72398
23167
44661
70241
8905
36886
79306
8409
93252
70908
31749
74219
12622
44493
35357
54232
52961
16644
39330
15006
80158
37977
1535
1917
32167
67612
97249
48135
46420
34899
17743
29299
1217
15726
50823
40788
82029
16997
36939
20774
77696
15344
5354
3597
49134
37267
48026
52436
70134
99448
16299
81796
36445
25090
82206
26518
10572
48146
91250
41518
22017
97644
2836
66051
55659
4611
25619
40182
18230
25400
89989
38397
10152
99779
55732
52774
41563
89853
62394
94175
89199
41819
24591
37165
33742
98914
64828
73351
27585
74672
97521
70477
75187
87443
41769
19811
84052
51370
62907
81361
4850
34265
78398
2791
55884
43384
8098
21506
19075
53815
49917
71317
12262
19846
9709
48299
68492
40282
59795
70308
55092
11558
44851
69431
95854
96487
79620
48879
91389
70201
59426
37405
64520
75631
36873
18347
29309
44724
31768
78650
8988
96930
91798
77730
40274
76174
41720
20687
66802
59320
91564
43338
66493
73175
4321
47828
70961
90028
43550
8639
78444
6508
44092
28235
96041
58553
699
12854
76325
39894
83428
17530
20666
15590
16402
33880
83322
74535
45782
84522
71971
87056
71289
15938
27604
71243
11966
77435
2717
52149
95540
90170
63994
22102
321
65411
41075
79966
88434
75126
84491
70974
74789
96024
19716
70832
40870
50436
89706
31280
34860
64859
75519
52242
78076
97808
32855
37472
44404
58502
9821
12907
44690
74899
76838
88031
99817
49758
89007
78229
90611
99936
57140
57545
23522
67989
1477
67946
52905
66570
23068
71942
13901
77519
62689
92003
92140
59621
39105
66807
45382
74218
81635
19496
87181
16520
26981
96492
5816
99415
93573
81524
60260
53603
92483
38363
89069
43024
91892
91757
95139
84575
6207
6730
60553
11692
66514
83507
64264
39226
79377
22253
36384
20621
62421
36905
33842
77905
63662
22307
77738
65688
93761
16437
33854
76534
13160
78107
19467
20502
18185
48610
1784
4580
21329
69615
48837
1890
64413
28073
30382
51869
8433
18252
77268
25925
8867
3289
32352
41451
97444
94777
73873
5184
16290
48178
50366
33669
40760
30987
59110
38329
81548
95608
69695
81109
58674
48417
27277
52075
65863
65698
89054
95040
24954
10071
9505
67612
5038
16419
67745
44034
27355
79253
91107
31639
88197
59892
29368
95664
38921
56992
72390
29174
86368
63391
62850
52901
76552
15871
69160
75752
49169
3472
76616
88735
5800
68407
92412
62165
64809
9874
30352
95696
86141
66512
34594
30369
53696
59634
96982
42353
29404
15537
48855
25549
94877
71290
23273
9758
44068
11394
44999
9140
78416
33812
13464
25103
40732
34925
5000
38204
86415
89804
55684
60675
54446
31438
89741
17193
43493
12467
93152
82651
54087
63271
18430
33932
83163
87127
60309
1457
22638
63044
71589
80289
75794
40413
73233
57894
41681
85483
53550
47270
45030
96535
93405
74625
77768
1997
98732
73726
52990
94959
15996
36989
4223
7473
99716
23062
38941
23976
75696
54483
23634
47641
54133
68511
74386
85730
23022
62452
12453
90854
5886
81095
29779
85511
43544
46632
74872
32029
92718
21016
50513
18483
37791
96409
18947
96360
86432
85329
1687
45837
23485
65657
36604
94760
42266
43666
40840
88590
5417
18944
92695
42280
62192
66848
36409
50047
92708
74633
17180
18703
20660
69765
14077
81124
8388
55012
45423
21586
69931
90960
19416
62388
92189
47410
95479
13344
75688
87261
48734
21864
39236
18378
44910
24789
32161
79080
47499
12683
33577
37643
38279
64258
58341
78489
91721
98207
29174
10092
26780
51649
29716
28640
70964
39413
94471
61214
80734
48622
83566
25699
46506
77181
54955
24439
29063
10676
40322
45074
24705
69857
87545
89331
96412
47675
12675
22132
18239
99609
53555
89045
25258
66162
96615
66943
36405
29620
94903
5193
90674
22135
32781
30034
47671
6949
1848
269
48935
89563
22484
98736
9549
92059
78010
40824
13139
32668
25632
62320
47041
543
39851
94899
37463
79606
94060
331
5222
45749
65901
86266
29350
16215
93089
49869
69025
79410
53320
37696
84401
5375
84851
55874
51849
96577
73215
73726
80183
2728
22630
18165
95856
5746
3355
72022
77231
75459
58374
37933
86147
46235
49478
59809
13468
4803
9913
34150
19122
4761
74993
4461
98433
66231
30344
48965
94434
95245
30755
33540
83061
11557
55996
60126
62772
32358
92363
55949
95788
72026
34000
87871
33030
36023
18900
25621
5129
5475
45972
24367
86217
95186
95358
43132
196
85801
76760
88413
70331
30289
64727
81013
97330
51854
36395
4682
18
9865
20006
33117
60872
16643
56522
54944
11341
71420
48268
97190
98497
86260
35246
45414
78265
50237
33207
55949
69207
19155
36333
63391
25676
53169
68791
84632
54367
74741
2544
41090
87591
62250
36330
17919
33795
20134
90057
76117
66941
59810
2769
81432
31416
1493
57169
34648
2010
84474
4498
68496
1736
16051
13588
52974
91274
96353
20723
11102
65120
88438
20330
87622
90918
45072
9574
70025
74086
23329
52711
95840
78082
41349
80371
6862
11030
53322
98688
66618
29913
70508
44966
26139
75778
24785
85280
81330
63050
5243
31662
36558
65968
6947
77412
19510
69427
70403
76306
90157
74970
40909
77684
3046
28076
63350
69349
11392
87884
72244
1318
17529
92815
76403
86128
41289
61048
67588
86363
39824
8301
5852
25451
28695
93075
83685
38803
41532
96584
55743
67199
72948
69768
80079
57674
91878
57416
48038
85227
91410
73230
289
12961
9505
52708
99303
74192
74310
88032
36724
68207
70467
64648
23172
84772
93147
36995
54302
99616
36288
8674
98869
80244
71256
78051
716
2432
19651
65460
56180
50626
50333
23449
99460
4264
94372
44269
29735
15989
40514
2073
98891
51430
90713
895
5391
84823
8671
14937
72382
71528
4221
56276
97088
38421
69984
82475
47166
90344
52060
85047
37368
68433
72798
67075
37292
88714
93037
72278
22249
6773
48556
13494
99452
22172
6538
95686
58121
76752
46752
46809
56240
55732
50613
37906
16118
24715
77535
84244
82157
4471
60359
78725
26335
36599
40606
62614
73971
7524
54134
11337
97727
77733
57015
64240
56274
23737
32560
18384
84910
93963
12240
32680
51841
77451
21512
9700
35073
21534
53560
65433
8613
89819
61433
73559
75579
9161
99485
30719
61019
37909
44652
67875
43336
83539
75210
13667
30710
58061
35841
59680
20836
48994
46533
62490
78734
5258
26123
9703
67620
19040
93462
44907
37383
22434
63614
2456
42930
51460
49504
4448
60428
17188
74018
45857
27813
82119
6585
39142
1980
62197
76507
618
58928
9968
7962
41686
12206
72645
61577
50788
32788
46922
99880
48613
1948
67696
82801
7962
33398
90006
11263
55773
33449
78552
81377
40483
15013
43504
61911
92501
46152
48736
44343
39364
367
46338
24523
26113
57413
19378
33694
70305
75246
41032
93362
97739
85299
71886
96504
25949
83401
27624
37209
22999
67500
28995
54990
70444
8658
18131
83404
22644
55440
79235
90783
38528
8538
52475
29616
61397
6002
64348
67697
91242
75852
58471
32259
93578
31650
5028
55230
44198
56323
71412
47403
65199
59387
6697
70242
14699
11859
19849
23396
19795
70041
8999
88755
66210
8447
41955
92465
70924
67556
43543
19087
12859
4636
9493
21409
99280
92037
66184
26788
72579
29643
64473
28124
15013
94020
39525
32710
25900
96947
9798
22724
22216
75895
82811
45912
23897
90716
49622
26935
29982
19206
38230
56907
29745
25579
78635
2511
40968
67924
89823
79591
97490
60755
62941
54607
60623
14278
71737
66112
69784
85607
66697
76160
68051
81135
5904
68967
94292
40799
6722
7640
78899
9447
67168
54995
56337
21089
66286
83583
46153
11364
6817
76928
18460
96125
59096
10704
38276
72254
89531
14947
79388
77034
25202
14282
67054
16127
58133
19027
35864
35888
43760
95193
45234
52669
67765
47628
25924
85143
39365
20722
45808
28950
9813
72015
27514
21372
25338
47267
39634
24225
28511
85618
7606
31564
31653
76042
38792
82319
91505
97012
66895
5096
59982
18562
65672
11669
89608
33849
33045
22814
80088
78045
18109
91062
11411
11615
69823
48358
2354
17082
10850
23700
16251
91595
20983
94391
97254
33621
17943
19408
85206
46857
62889
18487
71230
56799
70615
64033
73486
6604
13012
89357
70333
69320
74053
4849
52004
77466
953
8136
35056
68108
15633
42218
70986
16696
664
78779
23683
18477
37150
1505
68102
28975
51633
13139
3331
75843
80052
8353
67015
51523
42277
870
27240
14579
58466
61599
29321
84263
79280
5013
97027
51204
6074
44830
38592
89535
26780
28803
74374
91288
28299
13929
64568
43293
19991
89597
69396
68847
34728
39427
61383
91116
1804
56177
52182
68282
5892
3833
51077
6887
19231
52735
23369
73876
90738
86503
13306
25325
94642
88492
29103
8774
74015
21871
91762
9279
64525
91182
58964
54310
7848
8604
80913
48804
12743
21307
49863
58546
25945
41183
22592
4128
19261
24046
56861
16581
32930
34144
94212
63250
24355
29374
78258
38407
55871
39253
60913
45371
65282
18336
86765
50619
95275
65345
92422
62043
27708
73019
82865
66997
22230
96501
46781
26149
71763
88221
50325
42378
636
91304
45020
53760
77774
81294
86556
29201
11085
56081
15713
41308
72182
29556
86504
97888
8661
41236
80952
48303
369
30285
47729
86510
16683
56820
42544
32756
30107
44635
91324
67432
84236
12850
16794
87150
25277
84954
39804
7901
50320
74928
86754
65256
48515
44757
77714
25514
89784
79958
6881
50185
58119
54562
48992
26971
7584
43775
33092
94835
56757
38124
91143
97299
48502
6735
73171
76639
73897
42455
54648
53803
15800
55669
23292
8737
75651
55825
56791
65171
72653
8321
55669
50766
42893
11557
64188
38148
12856
33090
21985
88852
55794
78857
42424
99645
50164
28039
41098
27544
67784
70512
21592
378
19953
1217
2780
98249
76348
30029
82049
26305
29983
98863
31334
74198
64300
88263
87374
52951
11600
17024
74012
25313
1822
60803
50953
72509
32266
80182
96874
43549
38083
85881
41025
46371
87466
92024
39998
74615
95739
55425
76869
19108
73787
845
29486
6081
93474
14353
46108
71193
72121
18923
97327
57618
15178
73999
64600
91130
8692
55942
28018
85033
58536
57439
25844
36735
12979
48565
63155
87878
61884
41289
70178
87669
73822
37246
6327
58667
6860
67530
94867
21188
11313
77271
389
82170
52385
52074
4387
59057
46448
46548
26302
48506
62571
67310
82684
32985
74850
45302
1594
33633
13025
54866
60703
67864
72920
18834
90297
14982
51262
22076
58308
99846
71943
14833
47695
17548
33368
42539
39250
21814
79170
2054
69371
52590
31361
23764
31159
4022
84073
44272
10557
7824
86829
95825
81652
42591
94193
6040
88817
17947
54539
60818
32635
12812
55020
94049
90173
37740
61267
52927
15688
359
23603
47644
14297
54424
49103
67751
13730
70997
39790
34650
6635
82452
6439
84890
17063
72141
45576
4604
57379
32891
77817
85277
72858
53016
78546
47227
55023
61970
1301
3817
53631
56933
58359
16009
9689
58053
18604
11762
4359
9708
42608
49293
69988
51353
3705
4954
80534
48859
97807
1991
94857
77495
160
69989
90132
28887
50809
53370
59469
16236
77163
83744
98415
5392
85614
81844
82828
11957
63059
90481
56625
27208
74872
13217
1355
63312
93488
11149
82807
96597
80203
62631
50802
8173
98600
28050
50950
58343
4441
76632
77748
35222
17673
71514
78517
83489
7539
3829
51263
23159
29707
79301
13688
12343
622
8071
71409
82406
48731
33262
78547
38486
4990
75031
19087
83214
70857
29097
72770
59638
32997
41200
78588
16366
50857
61470
64098
40914
45223
87634
56736
45403
69013
92065
98551
10287
87326
27156
32591
96587
236
89169
89951
72694
46161
90547
52469
45679
36964
4638
70188
49631
14855
25048
30350
394
21288
29142
7502
7757
54152
66972
57273
21287
15855
61273
64028
978
24756
77190
40535
63324
70555
88756
85329
85075
54530
50437
88619
63264
48621
76794
69486
9176
97462
22303
30823
21691
73490
92781
78817
27040
88
85143
3013
83722
16937
60842
24500
8020
86209
84658
98052
26526
2715
37313
82195
24329
69394
94920
51725
15636
16984
42433
79865
80839
89324
39974
57609
47250
65524
46575
31074
59127
69744
12040
36749
63519
92253
62486
46794
52401
71432
35740
64041
77201
41974
43722
97175
60247
3736
33915
23812
37696
72245
51878
43710
9555
87999
85875
5127
75712
80787
61850
9248
3643
90995
35496
661
18574
74688
43383
71305
81077
56000
76638
45096
69098
89733
65302
61787
96481
3813
90848
29484
24017
17171
76264
8392
88118
54709
15412
94706
20020
78166
85457
29326
14860
25613
76268
61760
94559
62787
91131
9826
71910
85147
31350
96681
26788
85304
60186
76608
47178
78009
80946
97488
27918
22437
50391
95033
97440
69462
62964
77065
85950
65814
97651
57981
19175
96008
16013
24356
30182
33894
62475
13150
88524
13405
49688
89300
98570
7093
34341
36216
53644
82276
2526
91197
94436
41024
85025
51507
90460
4365
30093
91777
11612
23619
57012
17464
11449
86484
60
78553
55510
45837
94849
76070
49126
51402
46496
66329
15114
23589
55830
16744
79651
10160
97900
91094
73980
55464
60695
1533
85292
87180
45858
73371
10231
46167
74897
16459
2849
97463
87461
41629
57391
66239
12055
82932
18103
53083
72109
92459
40447
36327
45959
17759
54320
75764
4533
37140
11250
77161
16813
54036
31272
99957
40599
79297
52705
76821
23792
30436
6626
82699
2034
2022
68567
42231
14775
10336
96507
43950
55767
73722
5164
14126
8678
44650
82347
89447
474
52864
48379
89375
85642
63164
34640
20162
94904
61384
50756
5014
61196
40769
21624
48095
93244
23755
21547
53134
80153
63926
69126
74794
46265
10180
38286
68492
46085
65566
12376
19473
789
81451
15727
30485
17518
97665
36986
61172
49415
98694
37464
45691
74180
70145
6848
61505
67189
9554
31355
77241
70852
29999
61435
94705
11698
80347
58396
28057
12310
74880
27271
62878
10552
96438
97407
77363
4052
16511
29961
21565
93836
62932
56855
16578
14601
44329
29142
29196
82702
53287
42631
56502
55846
38784
59883
22207
17539
48690
84198
32742
21994
36663
67767
41312
93960
67234
61580
73592
34187
52419
4470
26332
42883
51446
54670
30971
63772
49902
2741
28317
31419
56192
72209
63418
28450
83860
44904
51569
83152
22871
22208
20709
86192
65369
76555
80771
13174
55785
84441
54473
43163
77313
43423
20586
22281
15110
92707
91641
81639
49223
7426
5226
54519
78490
21549
36504
82415
96830
17614
1274
88995
96004
61406
62561
15140
5401
25592
87614
66059
96277
68697
93044
79139
74606
80481
83944
31698
15336
45468
1075
61670
54359
66173
93456
96853
32080
71011
49925
61424
56421
28643
28051
49317
25432
22876
70076
55896
11302
23687
11738
56657
69963
13205
57404
24889
99006
77300
43840
89440
35987
70321
58141
18149
31620
46327
17030
44930
4333
33286
93624
73006
37936
6089
42279
67963
59900
85776
92593
43227
54224
25361
73576
50951
77065
50822
36103
680
47332
71991
95963
26517
54192
60045
4795
89981
39117
8989
42202
47925
42126
75013
36271
75407
18833
86298
97187
51436
35930
41098
54693
66966
76557
15855
40971
71858
85584
51435
57695
80739
3396
37286
97562
45816
10538
74847
3768
38038
75127
69559
66816
99414
35186
19971
2105
50363
19620
73578
42389
70851
14304
80243
82450
16628
90755
64954
51760
41157
29714
83998
8145
1178
6185
49549
73414
9779
83279
20812
20952
15863
55413
99482
44999
14178
4692
29739
42791
41796
37911
52382
33602
69389
39860
4426
64047
31176
77870
86618
5754
70573
8730
64841
93432
31738
53401
40642
49055
53207
1807
34184
42553
84505
90957
59318
50562
29400
94963
19494
91191
1797
68524
39604
51075
72842
58469
33827
26498
86099
15532
43255
31709
12410
11125
16582
36030
88007
95406
31784
23442
50539
21375
5905
81701
58944
58219
76019
25206
79721
13748
82050
85427
39584
90818
154
30217
84441
59240
14475
37963
78831
64017
89731
97250
5872
98020
24478
41328
86716
68945
14846
71941
79770
77290
48551
233
30629
95565
57983
9001
11300
19270
96211
62476
93132
29794
5560
75924
7202
60076
21143
69722
18301
65438
90020
21904
83488
87431
62290
82225
88930
83870
71605
76279
94721
21279
54637
70239
1455
78187
54093
21227
34546
56315
59403
83887
32003
83595
26664
17904
31304
65535
58520
51311
93264
93052
72890
99106
39078
24807
63799
87651
39798
58871
21884
77784
35627
13268
22814
62680
33070
17241
69070
30271
26840
45594
58053
79294
84686
77534
77219
98170
79343
63611
83362
27640
8938
64255
34847
3700
29875
81887
39187
46171
78578
77951
45788
19337
10110
44069
45925
35854
97004
53737
35926
14360
42357
77851
2728
79075
4807
4610
82909
24932
26218
15326
87720
37997
69293
99212
88067
96444
6544
37348
29012
56477
83307
48984
10155
9470
18887
20146
99455
50085
83398
66664
79341
61943
4370
37834
10681
31855
41175
68067
57056
26779
40346
57837
51990
38541
30022
29870
88984
50045
45511
77926
9213
25162
3644
87697
88912
27927
22732
27131
45122
845
55599
57924
51391
15943
17728
16685
23333
64613
39496
70836
95941
57578
38090
29635
9994
69551
40690
52925
94896
99143
4752
25789
88338
9630
18870
75142
821
97783
78181
1836
5471
36923
58720
1616
52432
87440
12040
16115
77753
45013
45921
51173
30114
65097
94532
82620
21006
73537
52333
61379
60255
58716
16117
18286
56154
21319
47487
6686
66273
40671
14679
7302
11055
72561
21402
83056
33591
14993
44452
91045
1397
3947
50688
93679
17928
72058
675
84106
64117
40304
65972
20037
85299
87286
81048
27044
36561
51901
88744
40516
42756
5424
43610
9874
98126
8550
90927
37519
58855
43143
26517
80116
99001
56118
58014
89585
14316
20980
30077
70234
30067
22473
34594
42853
68476
62933
55993
69649
28438
82345
45049
15093
53116
60059
24889
17787
65841
15455
27627
60546
60576
56006
82340
9758
61683
91134
85772
83948
52729
71330
74863
71798
84053
84682
62222
57690
37631
12404
49716
73602
47040
39473
95687
91195
66530
49679
8805
86795
71016
4972
38887
15654
78810
53579
28764
82036
94392
87921
31433
31545
3400
16377
42261
10544
72862
25466
23257
4169
20745
41635
97686
2673
88750
53467
18594
63247
9718
5740
95556
78847
1992
18933
7335
75581
14549
20128
79386
37350
93610
75752
22006
90965
60716
80994
59581
52339
73051
16614
15320
301
44842
5122
84407
53688
78197
58046
7219
98313
54215
88227
15986
50879
50499
14430
8140
10161
4735
59687
75930
30724
39441
40227
43178
7795
83283
46306
44193
857
6815
54833
62086
64111
95254
12563
84978
52655
22339
36704
75909
8924
77394
32931
18902
5627
50855
61403
96291
96727
82840
55618
49921
55953
6268
31618
14543
51238
9910
5617
17853
38344
11578
2735
91656
66620
27349
62008
18077
9558
92090
22726
84353
69572
90375
9963
43990
11660
34293
54908
59359
18592
81625
24687
64390
14144
82751
81480
30386
87075
545
44864
18442
80344
31546
49597
96243
16310
59365
69350
70042
52147
24874
38388
59999
39725
92421
25248
7064
47273
20449
77851
59071
78625
15903
29593
62804
67211
38261
3661
92998
64135
43732
3357
93561
52757
92007
63196
88950
95350
21931
40315
60665
67641
68262
64525
34933
91062
88520
97189
92655
52091
9665
80971
81793
85996
56299
7249
72752
15813
50167
2562
34717
79015
73068
71601
79903
71233
86787
22708
24104
89670
31060
5432
48556
47832
18931
33429
85474
87755
54149
26098
12799
23794
45150
54656
77868
53132
29300
88259
7984
80573
55413
35215
92637
39993
85714
5129
91272
23339
429
14212
39829
58292
93160
20444
95922
93786
37275
62194
27532
46249
47314
56875
68674
43994
98370
43111
13318
70657
28112
84591
24451
91188
8880
73452
69875
40720
87153
12135
6442
27657
75644
6584
9664
91803
86554
40808
32429
66654
81447
432
85009
74369
37609
16616
6398
53101
81970
14290
45015
45228
2451
40912
36841
42071
30027
68207
95487
65712
92270
39737
53458
4515
86903
80751
64599
91531
19983
62527
64524
97074
34858
36519
14510
96415
28163
79216
16978
83657
67260
46974
16298
33802
9367
75269
96064
94132
18739
15579
9708
85763
18455
39386
24298
41093
65365
13668
50823
33580
84413
3367
65033
61306
98691
74254
43456
8339
75809
8459
17200
74106
40376
71696
925
22144
10969
27918
60373
56305
65129
23637
59218
15889
51740
33823
8654
31576
44558
72355
85250
79839
44128
61278
39298
25156
48234
96888
66807
84336
68687
77837
59687
60561
81967
39004
95203
86057
29288
57369
56538
6567
268
79588
87931
42247
79844
90648
66824
79425
72920
45556
70697
4681
49643
13986
82569
66650
38159
42831
98883
3122
78034
75195
89844
33953
36955
63303
92984
83395
41214
18602
78397
45513
80557
85188
87978
72331
92457
34860
45734
96388
89749
55435
2419
41422
79710
63541
90181
88687
66874
47014
56566
16438
47501
1751
62688
29686
75813
105
55824
58345
67746
78280
13324
41800
97866
33715
34131
93230
66388
48132
83749
78920
36134
26024
62500
74156
42038
9770
16837
16726
42013
2576
9463
91211
91080
67755
6009
71176
29705
92255
74984
82798
3319
29651
7780
39702
63184
21597
22282
69239
32426
36800
63042
38898
80701
7700
60362
44160
7545
11604
21642
33478
18921
1255
97057
89898
8547
21395
9662
55546
8648
66236
84765
20435
26840
30291
68388
86314
40608
12440
40337
185
390
16999
49334
2515
73701
18073
96247
64057
55811
91291
677
99801
28307
9608
23015
23898
40950
14413
46420
13374
80285
35333
52495
67264
17833
75366
45313
45128
50084
76632
81268
40384
4983
77450
15332
17421
75069
82663
36847
47140
12907
60650
25053
37306
85723
45054
98695
79003
39978
87861
90444
41028
28592
1771
13105
46645
12078
33885
74928
98873
91819
64392
3364
40032
31137
92516
6366
47166
31615
98265
42754
65597
77188
32136
40434
30010
76306
26357
64331
25730
45755
33010
57260
88494
62434
60436
46380
62003
8018
44131
87012
41831
24270
43343
68337
53381
33934
47603
88386
58932
41461
14413
6567
10855
51839
79928
29510
74736
37983
3611
41675
30425
25873
96813
14328
32534
72367
7666
23448
65559
68181
40410
52282
91633
19075
95355
42151
43003
73310
86942
17551
51272
78543
15069
45730
5496
17877
4279
43103
92881
50243
70466
39073
71831
7343
44479
21539
64883
69356
43404
83967
32267
67766
30732
63453
65645
54441
3335
69136
72483
73781
78494
87354
21239
46865
23718
94983
65400
37814
13123
7205
81041
43402
97667
18815
10856
67444
68592
66441
59995
6478
66072
2016
80809
53049
93511
48321
85921
60270
59023
89733
66106
55322
6960
27379
49656
12983
76822
52506
18294
14935
60164
33603
48829
96289
79617
52287
10645
26707
18133
64515
51760
60927
30622
99449
27464
64980
56474
18460
12151
61706
27487
91315
24605
60130
23246
96053
21207
2905
44509
83051
67551
81437
15202
99500
35095
14578
88031
136
61530
4642
34806
65923
92716
88569
4558
29164
28979
9912
87178
28324
68465
7179
34269
64403
5292
59241
69864
44738
95180
3017
35543
26715
15063
55030
7229
43911
66044
88614
50997
40184
62067
47544
55335
69567
91665
62618
73956
96558
99780
60865
55287
41964
33000
19048
34653
6763
64187
30519
82732
91342
42330
18895
63221
87515
60428
14401
31663
55995
37155
46619
44121
97688
87239
68814
11928
3258
46103
67934
63288
97569
89201
61883
57454
15135
9855
52497
37695
26721
38909
33516
20904
8792
41037
50045
70973
27759
42426
36534
86066
21699
29103
64504
38062
17964
13051
42187
40316
67430
58669
68615
57269
79076
78287
41596
63788
8724
96213
81145
75886
71441
99312
54952
50527
19906
26266
14431
86279
42674
94114
13031
28585
62691
75797
29204
61105
72149
42732
26918
15635
69516
61174
61357
88486
62965
73384
6354
93138
47963
16625
70450
45809
38335
42236
83959
42834
45797
63215
85017
22003
87420
94211
27863
97851
88871
93539
59068
28780
93078
89023
64750
60206
12849
21794
94818
41744
33534
67697
14412
8692
54500
47436
85409
62148
94130
78796
94742
92256
94356
68429
63894
11837
12732
35350
8104
34720
13667
54398
31361
34497
65570
12711
55531
52937
77483
31035
13349
43128
11240
76141
33191
63939
83325
39080
39131
33077
75247
29756
97610
16487
16581
84639
798
14198
90260
71992
12335
4975
72895
95020
75401
10758
86808
36284
78054
87258
36198
78931
93869
85169
64801
26391
57193
75005
72185
53722
75366
85528
55579
41512
37037
5504
23140
54283
6956
2935
87109
87605
45049
76330
86754
4134
17967
65866
7098
94419
25045
21935
14826
39620
44689
65170
87387
55279
63301
2104
74077
39716
5852
39897
22205
45322
91510
60053
34969
43050
79277
54184
43250
81085
16883
96037
46258
83077
56532
41774
31407
46809
42748
43843
58099
88155
7062
13633
44734
60177
75805
98061
66819
25037
26777
65996
14867
32130
58512
38025
75056
90888
2545
65563
96565
60865
22959
16469
25601
18301
45104
658
96377
62428
91816
64904
91897
89809
23018
11780
66032
10308
82266
24197
87215
20526
61863
836
16403
86633
57831
28166
21301
2653
88115
3932
27974
75758
61686
113
80622
3500
30370
69273
85428
95049
7847
68338
480
45646
99818
90656
85648
96695
54934
14821
85998
29030
93603
41793
74298
89468
79166
73972
30377
3077
76192
96498
80731
64786
60024
44621
26684
34339
35760
61804
63192
60609
30802
78899
92158
31379
6094
80979
70178
59453
71678
6597
67066
66720
17284
203
55752
51564
32189
39050
91438
82513
35213
93035
54318
95294
65358
34689
37583
15544
10364
69733
68404
15650
70599
51596
96631
76179
88465
38652
68540
21291
50665
88156
53092
47538
6697
43287
51424
34795
58728
29511
11042
59893
18426
82522
35309
35328
53062
1051
21472
89312
45943
2628
61844
31415
45772
39764
17431
33020
24381
66755
92678
25673
77156
27555
33036
33278
87848
38105
96059
35412
64277
74059
77063
97029
52641
25902
94586
17181
54880
97218
28168
48903
32279
60506
48023
58472
78971
25836
8936
33357
75490
61150
80175
47620
1047
35504
22826
63104
29356
92126
9691
40030
90427
67406
73556
56288
98547
44114
17058
35518
85063
75681
37473
19277
76507
54405
64919
80173
78114
83608
91732
34872
85757
69085
64072
13040
53763
36564
10036
57192
86104
13773
3107
58701
87107
23462
83724
86222
49938
35127
73738
15203
85606
90390
40823
47535
66999
42719
92999
88137
29758
21981
44171
89990
29529
14504
77923
17809
71046
42368
12155
95715
4496
63296
14575
40207
13091
42895
44159
1969
2972
84664
70049
79783
1982
3698
19667
49265
10260
95263
68656
99160
51283
45867
27207
23724
18332
73154
8381
73960
69064
35025
10112
47732
84510
12294
26772
54630
60096
46368
69349
51685
53230
48078
18569
88101
36456
66265
8462
61165
14500
26807
9713
50317
44783
32936
88769
11161
78683
25060
3496
19843
7887
73197
43407
23681
20848
6418
16586
37322
4372
75086
25808
17432
75917
93820
81115
40708
52195
69653
38418
83263
45316
47628
53226
4309
19752
52487
49983
86972
32782
94950
67064
51087
36969
77918
72953
25502
60624
85661
24403
84613
64165
67310
28911
96994
59586
44799
4162
87725
62817
40072
94167
85857
68807
72229
2141
38533
7464
95201
16086
54993
57600
68880
48824
5429
45722
35685
64920
46439
47256
92070
19140
64266
79328
12259
11194
62303
83052
93907
7639
6910
85830
26910
11037
9197
11406
40155
53984
44925
12845
25612
22366
6213
72407
46377
14798
46039
62966
53837
16178
60305
34995
18150
88938
2990
24714
54085
1874
9552
3922
15806
3746
96402
34111
49886
77061
46558
4551
18842
61484
67086
26197
32257
82738
63537
16387
22106
52710
64394
68341
98661
77478
6675
86709
41951
48143
74817
26628
76653
56443
98557
16136
42272
71207
36394
40947
96167
10203
50795
95056
95181
20349
27380
79141
75454
90926
26691
19505
57614
96356
84494
22374
26381
6695
66772
67076
12258
46588
63174
34035
59066
89315
37190
69844
59483
80449
4798
54797
87593
33335
97831
3148
79713
89105
75505
19356
12587
29285
51799
41288
69257
93749
73532
66650
59014
11023
43955
27966
3127
70560
42331
10019
14083
19320
53736
61412
4587
51300
81878
87755
81510
38311
65438
64804
96492
56159
16431
18112
95470
48295
62158
29874
18629
69083
11751
97618
67610
79272
70488
37161
90516
63745
69879
92886
69033
96038
22979
94231
39462
62534
25024
55443
1371
27477
80687
50713
80326
5765
67074
53841
28211
23883
50837
85416
68793
29931
26269
73963
40087
33794
33711
43932
15454
4492
90547
41189
48617
85444
13463
55001
39288
73869
72682
68562
23127
94762
1073
87177
83662
20983
21461
70418
87704
36015
48583
43171
99332
48569
96802
11397
95557
33626
58330
37571
58739
91831
47750
50414
65368
98243
47964
98669
66539
38645
18878
79420
26096
72141
75536
2989
19823
99707
41157
33967
93890
9532
15017
38925
58203
51162
55221
98309
97662
74857
74865
5992
96896
85755
49199
41503
97193
56014
19138
83629
590
99007
14906
67523
21178
55321
48843
31032
76455
24808
65101
56394
23911
89160
96457
34515
32134
31324
3358
96598
63123
82757
56099
58719
39474
3827
37469
94970
1808
3744
19195
53076
49950
62015
63455
95762
34280
17044
25604
82840
89707
36419
14326
4660
34264
94843
78865
11148
99525
7368
36044
241
32997
977
97900
56861
47651
77602
52479
24629
41251
58906
63079
80738
44385
87845
63206
48416
34905
71092
68066
99842
61552
50095
19708
20604
91979
44673
97520
2182
4502
95414
50480
74498
31678
55322
4118
48015
46212
73744
17530
68520
57098
31117
71276
95579
47384
76707
34350
33434
13702
75323
72162
33675
7859
87805
660
53379
46137
53320
66523
74436
36999
4487
25099
9360
89532
62122
73987
3744
63036
52889
16651
93067
72866
91420
29965
45048
78852
7201
2721
73309
79150
86943
42965
62475
49562
94695
53817
84468
48082
42531
54016
11332
67115
42089
2560
77073
97287
67913
86358
49202
40679
30602
21784
94938
12676
38411
41959
14976
5270
27501
77880
73697
60704
77588
40877
37131
16844
56177
51648
37389
23624
66986
76786
42977
69880
16205
66171
68880
43790
59264
35252
98183
30742
59996
32782
19861
21580
4821
43701
45367
8462
66401
97836
9725
74270
58141
60265
87995
63701
13694
26478
86132
12730
55401
62143
17860
83749
40436
11518
35857
91331
81268
87969
95706
68795
71433
33146
52737
33116
63544
1682
41514
77944
90860
19241
48823
16315
6993
75842
20111
45861
58817
13456
13468
29227
31498
15191
67674
3852
36612
95646
77795
15508
8377
93185
23691
86579
875
44314
98879
80731
9771
21882
27412
18198
35664
93798
40079
2751
14873
70629
78443
79768
70725
71313
61570
78679
44251
66095
99646
58884
90730
45442
6249
33817
69900
6544
38339
32831
6118
18494
361
18085
87644
75655
21992
27712
91103
53041
15687
55905
14821
75620
85965
36313
64628
41789
69020
36033
39629
75108
10740
16526
15848
98291
55624
17846
45283
97656
86690
90189
40667
3346
20378
78826
46006
93749
30165
48651
63732
85861
48584
51532
52883
916
50414
88270
5816
77624
5349
20562
5500
28525
55298
90421
1803
4133
36714
79393
16181
9844
2710
48967
28768
54476
60480
80110
3370
73638
92115
41593
22372
93681
95198
24824
29786
67076
74618
41287
97343
67038
92203
25559
32645
55615
21736
16505
59446
23020
62622
96164
31897
38177
19603
78106
90242
29899
4043
769
35244
34172
14818
60086
50660
46641
20865
1268
85723
59801
40032
62253
13499
8004
77270
60815
7760
23662
45786
37512
4992
46149
99609
64400
96584
34957
19959
58336
7312
90456
69824
10393
19840
69826
75513
68523
33136
62213
36165
80563
91489
9149
36662
35965
81921
49220
73570
9699
33147
94356
98141
97848
40113
9697
21398
48796
28601
24009
22938
32748
73761
65098
61346
97529
98935
54179
1326
53793
98333
8425
71704
9307
43167
3700
57454
69727
42367
29374
59223
90174
48653
81976
83866
3613
37258
96191
19231
14576
58577
49673
40611
65613
98642
98124
58007
23998
67822
9460
61310
95255
68822
11828
69233
83271
60395
13245
35912
98106
72160
71111
89575
62974
86292
20289
98782
39749
63208
66886
2289
46213
53011
88694
75966
1131
10010
73577
76725
20278
4865
86415
58916
28108
34053
86388
68978
70341
36505
21834
23434
79649
54514
73445
70058
70676
62181
41036
68969
82159
67259
84446
87545
96008
96958
72219
74052
57235
35043
3145
63619
67778
50769
84581
26253
65949
49027
74550
30686
58527
75531
87408
4597
85735
69684
35649
60668
81470
338
95936
1063
58021
52099
94388
34817
72782
93778
40640
57529
52382
61183
42541
5057
17360
58224
25931
50942
42152
84028
30265
80333
2608
73777
90507
2375
85401
6474
81862
97551
21933
3261
43256
8941
28007
84911
78774
20803
20846
82042
97423
22794
38438
70807
98093
41113
96756
59058
94478
55739
14593
67372
42100
14780
5117
34392
75770
98041
60750
58091
63911
31147
35964
37001
41732
41872
93779
94711
26278
36124
69450
39440
34859
91858
5434
56189
43404
34013
40107
77012
91389
61212
56831
42830
37064
71294
93539
45980
36915
91954
46762
27547
70802
74807
88594
73991
29171
2961
16918
66621
38877
26227
43390
53152
93314
40644
18636
44722
45955
83294
1870
98516
80403
31890
92215
15242
19727
27175
38407
86511
11812
80355
7678
65926
78873
85732
14565
37485
64404
84747
61197
24252
34249
81512
48679
49336
30701
5458
98107
95801
27699
49978
72603
52921
79603
14572
80106
77904
81971
57318
71702
56737
72181
7823
22155
61361
67740
94999
61160
30930
4177
16924
6366
18685
70481
90457
85348
61684
7558
40880
61969
63994
86814
30265
15092
79264
84991
83719
95868
6073
41202
83927
14577
11274
88234
79865
71905
51757
83855
12320
70497
9975
24650
40003
52382
45419
89327
34574
1214
55973
79418
18135
49556
17452
72467
87987
13942
76262
79227
77175
50153
63677
17675
62462
69387
27171
98674
10427
84722
51818
86300
59382
9659
34490
89114
73265
49326
74580
10710
79582
36790
61651
55213
62626
8617
82172
93841
35873
10952
8848
84525
66632
55507
62544
18523
22890
53714
7595
1024
67723
79629
41599
16805
41283
37130
28805
40966
12562
29651
33398
67612
20324
7904
10783
31464
83534
85947
92182
62975
13133
63698
94950
21476
25354
87374
36574
87801
39107
68588
46948
78315
60716
26884
10262
57173
88174
14222
34041
72359
24058
87865
61178
33330
27541
33629
5577
72075
58117
37018
6039
34314
62994
29772
63874
4103
92382
58817
24049
15781
54211
58643
53931
74630
49278
23415
21196
26182
98946
88301
66260
61017
69519
95555
24711
12055
22526
17411
28640
16415
63806
5071
59359
72468
60451
59628
95253
48186
54411
22646
14142
3781
96607
98859
21249
29053
80730
45195
93505
66498
56299
39442
57355
75684
59140
32747
58189
74322
92300
58015
80292
95984
91158
21359
32095
14723
45599
19650
28393
13259
83197
9031
99087
80812
69202
2151
55735
88900
4876
27247
84023
71150
8448
96526
35787
95849
12429
263
26618
68439
58773
86068
41076
33369
81474
90822
72365
88643
79366
27011
76929
84739
98635
28917
6369
6108
49437
73610
82482
33560
22867
16021
74236
42821
90831
84800
24900
87781
85612
51518
38155
86843
57444
49195
28127
95594
31350
41140
55495
53929
93825
85031
47999
70591
28692
13130
29625
59079
11741
6080
15886
84460
92686
87882
39928
44398
86982
42619
71388
92341
29963
66982
68134
13918
99898
33703
32518
12465
56549
22695
88577
44592
83066
23707
52936
87759
21151
32715
16661
94953
6027
74778
50824
30693
78858
53875
22922
2032
57880
24849
24775
37562
9109
52134
48021
14538
39055
15028
38617
84611
85393
86965
13337
68289
61702
55346
54275
57574
69430
83477
46830
57537
89260
82509
19770
30396
36623
76232
37497
69034
40369
55488
97522
16780
66901
16044
86683
80849
21261
65606
82712
35539
52695
35548
88051
22805
61813
71998
90619
1494
39123
80328
83655
30881
71915
93619
16169
78401
8948
88061
72885
94424
47210
51085
23415
6385
35789
33835
61405
66208
48727
52717
78074
62596
68527
4060
88829
73072
71471
3600
67333
22933
42416
9034
12592
303
39356
38976
90436
24135
30442
12536
2038
32172
92393
13819
20008
80032
444
37416
3681
42524
44221
7810
29395
75856
67092
11720
8979
64277
90683
18853
96766
60786
86231
26396
43795
24726
24080
28646
26600
55401
91034
1439
9083
74064
60242
19280
72048
8441
63571
86638
79264
70796
37375
32645
36429
92792
94585
72808
99576
40323
38934
49055
88490
54636
62658
60571
2615
76445
19444
27010
49166
35275
30986
99419
95420
87372
53162
60840
98975
14146
98363
71324
45874
60581
74578
4842
30804
89171
55733
64248
35963
51075
28434
45475
23175
5237
29630
32938
69453
70490
11759
91595
20364
78943
38703
4566
2861
1180
80243
62734
32406
28517
71188
29084
14433
29710
7795
71203
11891
80227
99130
19448
59856
45483
37756
65840
48005
36168
69914
69214
40073
45296
1575
36258
56569
86277
97410
50964
33827
77637
98761
38743
86803
27049
15438
80174
97675
25443
80090
72058
7781
56482
12897
2843
74696
40562
88441
67737
48672
64428
45316
38691
52679
58795
16011
56253
89354
19922
58528
49285
78676
37254
39227
10847
51387
22407
63133
99564
69285
54350
98241
24968
37337
52280
74526
90808
42298
25090
61553
3890
55490
47741
82767
6374
65784
48315
74363
366
18792
78537
2020
87256
90118
13610
5042
28553
30442
99923
60360
16834
92185
62936
50527
83025
89845
38333
58972
47763
35404
88527
69038
52101
99256
93872
81958
98351
10665
61656
85908
8282
7388
9961
79272
49940
33055
72773
83042
87259
98696
75701
58486
65501
71584
77069
73441
11013
34628
35887
48896
63499
63416
31506
16531
49525
14093
42128
93592
78111
866
67259
99943
63777
71738
71233
68934
89069
71808
2609
2270
92753
67389
52502
2537
28301
93759
96175
34542
40440
64242
59367
3232
59511
22576
28353
98958
7607
88589
3442
71182
54966
14316
36383
37001
2440
53981
59558
8318
89545
21606
85158
83823
62525
63171
60498
64103
87353
67161
23195
3507
24093
18107
46303
92066
63660
19026
34883
74601
4459
57575
82355
93514
87389
94212
80303
78266
98687
61676
63733
20553
97159
32862
54054
24592
29946
25000
10750
76907
49799
68688
29340
94664
15733
63342
32330
97503
19557
14420
91793
82960
95802
61192
95949
61379
273
239
69100
24438
46663
50718
52778
22689
81836
1237
30961
59721
30553
71616
45098
81956
75795
37135
35823
19484
89402
79650
19020
92661
14037
14628
43282
66247
56352
92532
19440
10536
97267
76758
17493
43472
28951
38151
39401
91786
37002
89471
89315
50015
79353
73681
25062
41493
27073
2074
92290
80050
67746
3068
21447
68660
53844
48835
48491
85266
73201
93035
48207
5481
98885
42997
23603
47392
36456
37413
85640
66930
28741
32069
35985
73988
7987
13681
60675
39292
12782
82177
99184
83217
38692
73587
30924
22598
73159
96603
73651
77371
70153
87526
93839
28593
63927
93065
16697
73079
4275
43537
89292
53825
73796
33589
3240
98388
84191
60111
4473
75884
53991
79421
92896
88801
94361
61703
49603
12218
4685
13970
81481
35148
56248
41594
450
58692
94488
31059
96160
57181
22044
98463
75993
82112
67419
11791
28040
99856
67770
10630
96537
95779
52919
18497
32274
91183
5842
59785
87483
9856
36137
90913
82190
77143
32902
19472
37728
42513
15036
51605
62380
77867
45001
62972
4008
74106
47776
81810
33281
85795
75652
95459
17163
23932
84552
43194
17145
94541
70190
81287
90050
41508
2106
77755
86592
13262
3416
81240
53148
58622
41761
95222
83435
60432
71707
37576
89161
38594
51394
68480
63489
11077
84246
77909
12581
32174
85998
21864
93760
61815
86615
27242
87767
48979
15841
62025
9332
8416
20653
29251
91902
37930
9372
18622
78994
55726
5022
27538
40646
66512
61414
631
55029
24105
99012
90583
43884
73678
68790
67616
89199
50937
21152
72953
2552
12128
20837
4462
4316
43300
31654
63271
59481
6790
88368
21345
99568
97290
45692
12815
72942
998
94014
14174
25569
90542
91822
79460
98054
73005
27932
93949
62603
99933
25030
9398
18871
24701
3466
70401
60632
77980
92327
55424
7426
61867
90210
67037
13647
28442
42633
39096
89979
27970
3441
60764
38848
61597
14803
10675
1144
50073
23531
92282
33085
3216
70913
47095
27551
97467
92487
80900
81664
96632
99531
54374
34885
99573
31498
68899
68635
55197
15254
37801
83889
1345
47366
76520
46424
47266
12602
70149
35907
59371
96697
17200
6046
73575
25102
64770
75411
43617
32535
67182
47925
75584
67047
51890
80392
74704
1919
44787
34382
10943
85608
98044
85689
70765
93658
63300
807
54625
75895
45932
17110
97516
60618
98392
9678
8220
99344
88188
11077
33157
13136
69840
40485
62896
60066
67654
8487
34280
6015
62041
90350
47454
9102
93813
48989
95235
35084
83846
28049
63388
8331
97356
67057
12416
61833
69789
55804
4628
92436
18452
82544
34454
38635
72681
62801
20042
39966
83075
92489
25084
313
41201
49043
96321
30691
63800
70843
7318
776
88289
52692
71734
21859
40897
78185
84258
99400
22389
63554
64995
78330
46415
45817
20145
18348
31115
75219
75091
5811
831
32202
95453
48349
52472
69661
95656
55762
53071
48115
85024
7265
57785
1545
88489
76041
48434
58024
39523
90423
68594
75455
50246
19260
962
57818
51964
31843
44985
81330
73155
70175
65221
3894
57871
45322
30427
8630
20397
30933
74820
24632
60102
41585
55581
60811
7343
70971
96679
6961
33356
48200
34969
77504
50412
93959
11282
94093
31144
59097
69917
77558
43525
38345
20066
46713
4122
2367
37397
16906
52817
5986
31910
87289
90599
89838
51737
19113
7274
99410
71670
43053
20506
78986
46414
6295
66996
16602
25916
28797
22095
48145
56943
11526
40068
60021
62267
84848
3323
85527
84734
63418
98252
30228
9302
97705
64920
25596
66459
44798
19626
51868
77903
72137
20745
51145
89986
23774
14933
58983
89792
30359
50186
64912
67439
2914
11646
28270
33589
39777
73256
48884
96020
77603
52341
15005
11250
72137
74632
99604
44004
16774
15714
2847
98174
85464
90961
85729
97832
90715
96155
29832
65599
58469
27558
28857
27716
36231
40354
53097
32026
49454
84143
54218
25365
19824
97854
90
70723
10692
69324
93872
44436
94892
88628
12986
701
7186
97870
11484
61213
74327
33229
76928
55361
33124
73837
65944
42358
7771
59782
84672
39688
58449
57889
22028
63692
23841
86179
16692
16464
77446
41270
61352
26119
11122
67250
95431
92552
48574
96321
51735
32524
36617
89097
20237
92487
58602
76286
994
41703
72004
78923
1660
6045
97237
67151
44659
88032
57902
13879
23151
54926
56724
21746
62712
17187
94348
17049
61370
22149
41787
85634
6623
70668
29042
81744
82849
62852
85358
99276
58558
68869
27020
19246
8119
12806
99738
71951
5479
75317
43028
73148
84957
19878
44693
8965
5476
95093
6062
28432
3489
15395
27529
49747
98117
21422
76124
59433
77129
22076
63283
25109
10688
52704
96141
32872
62232
6863
42732
91719
92674
36222
28238
51960
59246
71972
56379
60946
14717
63311
26138
49260
83361
39339
51206
45751
10901
31669
2101
28781
20499
51379
1364
51795
27349
42942
31548
92066
49014
22129
28358
7749
93000
26114
14000
32047
10879
12815
76373
33040
78441
37264
93924
96914
63998
52501
87361
43395
52656
40042
26142
7896
58467
88570
59715
72793
24705
78906
89508
31531
36135
99865
5916
92392
1594
60041
87999
76046
35663
86910
81400
88191
9617
31102
51629
68237
29020
81420
7440
89925
88952
28567
26943
91046
43369
45845
32877
57741
83857
29710
17583
49017
55835
20831
96518
16570
65283
68887
81251
73178
30670
22517
37695
6025
26846
7452
4684
593
96445
26321
53205
47975
57806
82494
94469
68243
88554
86122
74730
75477
35548
10079
50110
69603
98700
57635
13454
92007
81480
27987
54632
15044
6849
63822
21160
72086
13929
6549
28081
52822
76784
88776
38789
61599
28322
2394
33129
65636
36311
88012
18437
61925
31249
32569
83726
62019
1770
18445
92138
43484
8773
18061
32920
50127
49121
27855
7168
59617
93384
42818
26285
97217
69138
47119
99572
48070
529
10389
40651
61003
39766
22702
40808
55409
91105
80891
51952
45636
45596
70489
8907
47177
41321
93321
89086
73115
1478
10205
83996
59584
17272
80403
45432
67783
32585
70225
59151
38561
10430
92939
68392
75053
34640
33033
35065
29721
75933
73386
24274
23831
43162
16921
3043
10322
35400
9343
69575
79810
34338
71295
21760
5664
60029
69661
79286
56800
76623
93508
24011
30495
60569
86576
63959
55495
60308
49225
97679
92434
85498
89182
88921
50843
14131
65597
24194
19731
15327
81700
40194
55442
78928
6959
18919
26473
80831
72692
34762
11449
93868
58456
1220
11301
4377
66417
97800
97162
18674
71241
7590
83665
3671
69608
78631
30990
14878
32145
85675
30615
32398
58536
87225
24629
16698
55455
28939
42515
71595
9547
99289
81517
80972
3887
72844
50834
69252
34234
30319
23446
35460
38864
13101
74289
25914
49558
35720
4117
64195
2602
52469
22233
86503
37153
21392
36318
35215
71368
31472
786
17979
80363
77491
77386
6537
14635
31079
60385
42714
98229
90596
38992
92416
54050
7307
82335
54968
74462
63007
87013
98255
23793
20447
88432
697
20335
535
16122
72975
77765
99321
49156
68452
21339
30807
48171
68649
1269
12200
94601
90394
83639
66234
87200
41841
54612
77532
49482
13302
46126
23116
31360
61721
49443
88738
15460
29032
7507
67360
16134
6383
77911
48328
79307
60663
88492
87213
40977
55422
9255
72429
45001
50338
28857
59208
54712
81564
12857
26590
27380
51599
1478
69766
71103
88770
42087
81002
61959
40631
99901
10583
68787
90051
79280
98329
78768
19712
79746
33456
28619
23682
20361
99300
39741
67292
86292
83533
41899
73385
56439
49538
58581
1485
20663
34401
57122
83462
69888
55015
879
97378
67509
27625
65425
2421
37185
47607
76397
44311
89797
4469
65482
90258
86689
21674
63063
98483
76821
35851
67792
96459
46768
31078
88107
55259
82406
10551
88265
65861
51447
40373
13345
78730
19823
52002
48938
19589
57408
16165
32570
33919
32176
51134
97569
93686
87123
50343
68044
5696
27981
84831
67400
70518
64105
12058
66155
99305
11743
79904
20780
61924
46881
96597
80709
94786
10113
13996
4685
10485
54228
58857
35896
94800
8575
12391
34974
86212
36764
98917
26748
77655
24145
32852
643
46927
40421
38179
90557
46776
84695
25064
94261
27850
11362
80353
60985
76491
51835
17422
58750
6159
95584
9088
22273
38831
61364
26241
6446
70895
51516
37893
40993
70353
10225
49528
48079
10740
44695
31909
5013
26878
12522
18121
30782
77272
22477
86076
7528
54949
80934
25605
88511
3755
27176
34004
10812
44230
83419
97134
15010
61127
29348
58666
4172
71826
35595
25330
5001
54300
30487
71978
16960
32105
70699
23908
31325
29668
60915
30968
70380
23088
86527
8355
41064
79263
93353
5070
17263
1670
95467
95913
44738
83430
43393
24091
98991
95434
28505
20561
43160
67265
90680
98453
82215
75950
29093
3767
53557
50617
73172
91871
80991
5629
90357
84863
37279
41713
98800
5642
27012
73804
35099
17617
64193
59817
74578
83584
51317
92383
868
11280
51237
75854
75797
43525
67030
80299
21207
95368
92572
21592
92363
51386
38513
56267
71188
3899
33965
93266
57935
74013
55984
19444
19994
37013
34329
11728
74157
24628
26458
38865
15769
79278
42514
79065
9610
47231
72552
92390
73890
62008
95580
97112
98515
22200
44049
2606
77194
39665
29410
25098
45009
20475
25665
19893
96990
51632
53132
33499
95337
94907
79243
2282
62359
63803
5128
92295
89161
97805
49403
31690
62295
53764
59963
30137
87810
58375
14292
42329
21025
37584
37688
27545
28312
52494
64171
56675
94738
9005
24305
49406
18627
75621
91401
58665
47146
22759
85142
30199
58306
61386
39651
48983
44935
14738
71571
64609
12053
87075
24715
5348
73001
28631
67739
2692
16983
33137
46099
86174
43342
6768
24635
31367
11000
1950
9368
87530
3570
75252
10187
13291
20955
92258
68803
59023
2146
83987
72661
46707
86170
32699
10564
26681
77071
62929
28258
6023
43955
28784
77048
76851
12389
82427
43148
47162
92464
71734
41500
41337
30627
22056
37916
82669
81153
21586
48940
67583
74370
71680
70145
3335
79798
30914
61895
85720
46531
96676
1942
18339
60000
92609
33493
77998
14598
81802
25079
89883
8735
83088
41210
54277
43608
53313
59090
35612
17086
46544
25772
79961
3141
64445
61351
40303
31918
59569
98078
71894
76487
36244
55995
19151
77599
73941
98788
10213
5810
70186
10437
2816
29257
83338
41927
25258
73264
21693
79793
81685
55894
33247
56242
83673
88626
14436
39311
58041
68960
4559
40200
91097
78054
20158
8690
58968
74203
20950
84480
8165
92901
85757
7554
50297
85593
39539
56135
48507
31716
94189
25552
38956
89252
40915
75371
28759
82893
4836
81777
91004
70182
12455
65044
25305
2167
20823
28497
42397
12954
10523
29013
12394
21786
64514
97518
2052
81905
49473
28787
83508
41918
39854
53993
99577
31906
60424
22151
28022
15834
31025
73313
33975
17159
86348
88231
1635
5455
4061
92713
37173
38751
57682
63345
66592
14680
20058
52688
16326
31357
48664
70896
59304
39701
89807
55510
67637
29692
381
46732
90116
27161
52817
77252
80765
60779
8653
16401
94625
3660
98089
90443
66850
5161
95876
40862
61950
3856
88150
66833
57478
7469
83067
12794
81158
52600
73552
63957
29492
49459
29216
77908
8495
69204
9232
18296
15186
50983
16737
92569
20526
18685
54515
63397
23297
39335
17115
15155
89559
33031
40989
49380
83848
7194
88011
96931
21517
36783
15521
38953
67598
25226
65273
21518
1101
69681
87767
14049
4923
51997
675
12890
62857
25313
7255
90653
7305
6338
39826
11641
40376
1610
95882
39855
97985
91919
80904
55134
8777
32915
79472
34752
89021
45502
70068
87772
30127
29471
26217
75970
63046
15583
22713
96487
53085
96892
91991
8541
20711
4415
3003
98571
46231
29213
73220
95927
69954
64930
76870
11617
30204
19109
76877
79110
47168
3187
35327
6419
21567
96197
31127
2616
56940
86557
99491
49988
97934
69982
45819
97146
18632
62549
50520
71099
59802
33518
52487
68084
47028
73759
36329
10207
60787
66626
99107
45744
25009
22138
22909
28925
67263
3434
29768
25190
60351
30637
69990
93124
62130
48156
69627
45059
93617
64746
89449
39065
62858
62827
84352
90084
94182
33035
98842
92163
60249
46304
23279
51829
79776
35479
20480
37683
37575
87955
32042
3555
8736
51380
67333
69096
45602
54438
42663
5945
14207
75058
69641
77304
53819
10125
10760
13437
80247
6322
48152
91633
68280
62075
90389
75174
61620
36583
87877
14273
13182
66427
57353
93780
43287
95760
11685
74237
51987
74202
84753
92345
74559
88713
19093
43720
92720
5220
3526
61734
13848
27362
40215
47127
71969
41051
59168
27442
65787
65580
83592
15986
8844
67107
9054
80848
89325
92687
14341
17757
46020
86452
17105
73012
59606
52756
22703
44617
78255
52658
77469
51408
22030
79968
89759
38532
8164
17935
21394
85962
91620
70167
92236
70887
78015
95628
37448
59416
12387
47736
30185
74854
17371
96728
28241
89319
82333
31657
90281
29756
81938
54006
35575
87811
23527
31266
27040
73250
62211
97400
74505
82780
82309
42115
59708
7681
92830
72227
73745
92317
35472
29394
91951
19998
17528
3501
43007
65081
29997
67924
37302
99547
47482
64730
52748
78371
92476
19813
64014
2562
38609
29873
85139
50334
88279
88544
49191
40827
17545
58246
1302
80187
8336
90240
71842
91175
89120
18690
17329
69260
27757
57199
98020
42671
66824
79719
82456
7609
28625
32137
75159
39257
8887
87875
56612
33355
69744
63496
91833
94635
27714
58553
83327
11975
33273
12818
67375
28409
67517
26881
44988
76893
10764
35418
89123
64487
42621
5821
9611
24965
71695
8290
52032
895
26117
56031
54306
88128
35129
57939
49421
97273
63330
32970
22261
68960
95748
66013
43108
98904
35872
39589
53673
43733
13810
4400
58708
91000
76832
39599
33935
70497
45895
18911
95704
58866
85784
42249
7913
64785
97775
34891
50369
47177
58523
87084
36126
65975
43136
53913
25576
11439
70024
9025
20402
16704
59229
55357
86829
21989
37261
57519
86885
41119
26700
12342
71468
48763
22258
92578
41871
82525
29168
20007
33384
41650
59669
57163
35708
47194
35638
85718
94594
30698
59734
85883
7194
76158
11849
34324
96716
95001
62933
90607
64340
92593
3643
63539
71457
49249
66447
4468
29100
94150
11514
4992
44325
49960
77149
48081
15227
86827
93010
2285
46920
64010
66391
46081
56888
85785
61947
9769
26708
9524
69135
6602
62498
23475
62465
14511
15557
39747
55252
84989
5235
50602
15468
10461
89286
71318
248
61277
79600
86692
20187
8235
57062
83173
45080
88386
68291
39593
28972
24054
42780
10411
37798
33897
6276
75031
96149
31320
75806
26577
22034
94693
59432
97758
16458
16620
24206
42246
48996
40136
30569
45751
22682
77605
53667
90227
74612
43278
17613
30650
28541
29018
11442
66394
61699
95549
72650
13544
20756
80437
74416
46422
95553
80321
43247
79060
95426
52356
46053
38680
82052
68320
10835
61908
22073
34634
6394
46345
96882
88241
68583
25697
70335
28776
13725
57185
24877
20618
50302
12321
52240
3320
28599
68272
47224
57420
62824
45599
82714
53048
57929
34897
62137
54099
9112
81907
11908
15046
50207
72886
53184
68051
86969
61581
70651
27685
18099
12801
35999
8876
38430
62122
46373
93327
53156
2272
37724
25110
14199
59326
19944
37835
96843
51377
58100
87511
67314
63443
34886
28517
51892
71708
21936
2449
35970
89808
25980
87175
9277
56891
19411
37138
32493
92422
74495
11574
78984
4213
76387
96915
17489
80670
8704
8229
43458
6249
43549
27951
11495
9135
45626
98806
26897
49104
84751
47605
49705
96267
88536
2222
18023
48460
19677
58981
91973
39789
62201
87108
77744
7179
9405
2258
81299
18706
26513
21873
21633
85572
57562
61172
61461
41996
24249
17126
30485
3617
91464
99972
7236
91664
37829
78372
18981
51259
2355
99067
90211
48004
42522
69883
72478
75648
63652
6920
35267
4151
48113
33256
40233
88741
90998
23138
9943
54395
11826
1982
66043
88990
77254
30312
113
58505
64987
64752
55455
85691
68001
75923
107
41883
77219
59118
11486
60017
37642
4851
30163
64539
64403
1774
24720
60354
97525
74422
50163
69135
19930
12015
37574
95679
91925
71186
3377
8560
99682
76957
26373
99626
117
36996
5816
6084
14878
62321
30062
32673
9575
86179
98945
61994
54698
32427
81956
44764
21262
73677
68749
8776
76547
52951
18875
73222
98049
9707
87667
12655
57705
7043
50738
7165
41073
46849
67254
60386
91607
54557
96833
71812
69424
976
42702
55521
70526
10887
85895
49676
99877
92656
90238
61806
36892
49332
49189
65045
98750
46564
21003
40467
55334
90871
13549
70290
36947
513
5588
12977
81222
40797
51429
54905
78230
81272
22319
21595
18140
92226
71395
11780
56668
12860
35812
33072
91909
58624
39775
66000
88489
48424
33718
14919
2911
80051
52356
40639
5381
51640
26997
61340
20432
40957
13989
41818
54418
40182
48824
84005
63618
39936
75669
59408
15158
33649
91341
72833
62891
388
86466
90583
68042
80438
54444
13296
35255
23702
73356
43771
7441
49788
23456
72714
11051
33083
56214
74326
13271
48362
17594
27088
24823
20916
79986
41747
4569
96382
37529
83512
13615
98867
6118
13429
69590
2945
30955
52152
70085
47446
61502
32824
55976
97368
21422
3025
98146
44378
97458
44395
8756
20401
32155
26656
28371
36074
76762
79950
37000
33255
13834
82886
63825
46126
60652
85142
59672
10106
39023
27591
65210
30219
94786
23537
8683
12956
11503
76901
94819
18950
71916
62548
31933
39135
63011
35632
4512
50999
3155
47443
76116
6447
45411
95762
55682
14936
62246
82905
57089
20276
13970
28289
4319
83334
2099
91522
21796
24965
57243
10375
98542
4175
98237
24284
20214
62579
29450
54218
65036
15863
54245
10700
75047
46181
13443
88980
30898
87488
63502
81473
83566
15241
75604
95244
21335
62533
54400
51384
56058
22461
92985
28132
52206
81877
65969
39324
15302
88706
2823
40422
30542
84981
38217
68642
96479
56192
99821
35010
19767
45108
70618
13450
19185
50411
52210
23588
50052
32433
77980
72602
83646
46813
45626
92153
54234
50399
58192
89664
96065
44525
17687
53652
79861
93583
58971
15724
65869
48343
39335
41180
78066
4131
66875
96855
35667
60976
76907
19769
89539
14970
51960
67406
93464
8469
73026
96768
32545
11857
18863
90582
93695
71166
96486
46054
48028
43492
25453
66089
92115
31831
765
23880
44139
19491
8806
4507
11371
29561
67516
91609
48156
32320
73361
80414
63575
35467
60015
98799
29917
85466
87757
77999
62406
30610
8015
60670
5837
80325
21666
31350
67299
75678
12212
79294
20507
43986
54913
4361
29561
65826
60921
29984
69102
20317
19668
79376
52291
84999
89428
11517
81507
97749
34527
67500
82705
70742
56285
30361
66200
45143
30298
60803
75538
10779
65994
58326
80677
96663
69484
10310
34395
91999
52969
44665
44264
38818
14679
69647
3276
51008
17735
28948
58750
39162
35562
3750
81946
72163
27191
90
21469
75792
67043
84480
6937
56693
81877
52574
5542
20897
4574
35756
87899
22207
29130
51926
83713
2465
55521
97061
76900
50503
43842
69364
69084
36687
73629
69650
86803
44470
11872
91957
36564
14385
57
63865
86690
68429
4158
15765
69245
95172
27557
56352
11431
38356
96094
57544
71291
31991
70496
85899
20536
90737
94895
23005
83374
78859
55217
51036
55515
40781
6147
69639
27557
36851
5786
55489
76303
84873
32063
52233
45880
32002
22449
80655
45635
27559
49137
18864
93749
44874
46077
82907
14900
67499
53407
37508
61726
44455
48809
18937
78653
93350
22043
65790
85005
8083
68076
27146
94664
24417
57782
33759
8748
51294
9478
71084
26653
25962
49680
28260
79218
82817
93538
16833
47166
15886
60278
17069
96410
22692
60271
40040
85063
13304
41562
61150
45102
79934
36934
37819
12745
43270
16318
4109
12554
84888
84944
65498
59021
75083
1397
47777
3114
3222
35650
62783
41176
36755
91513
34934
53796
93566
77927
98389
18734
84459
53940
50814
68179
93948
25171
56371
33699
22905
22055
9863
60763
42892
6869
51738
34897
20442
39624
31115
46268
71104
88489
59907
53189
26970
90876
11942
4928
28926
29280
8057
70574
28425
14027
18059
57431
29961
3201
29514
25547
81214
30493
88759
74257
50768
39745
14773
66993
29640
62391
75834
29765
56080
61382
37354
71441
75695
91317
62458
87677
90673
98783
50817
53158
88699
99905
15725
87222
15575
36535
9447
1863
87961
168
45359
94556
59152
90451
54875
76161
35972
16220
3058
89593
46669
35210
37841
14107
31542
19091
23314
1420
71603
2424
30489
96147
80013
12704
85797
49777
88160
61289
9596
96235
14849
34076
2527
86992
36830
99525
97745
75126
24671
80045
83145
61540
74476
83989
30905
49819
62383
9276
67547
30121
3008
79392
26189
75433
66591
80534
35508
90955
65290
79363
36405
59379
21537
66550
27537
21720
89626
8591
25703
53486
60748
94586
67216
94653
66632
95341
98428
53348
46621
42121
59905
90376
23349
7550
16572
95421
77592
2637
93459
82947
97364
33944
11744
81046
66472
57303
51922
329
89173
18915
33280
55933
10107
18882
62655
80620
32474
58137
18367
5666
25381
21886
79363
90768
29616
13091
14239
24339
8774
7858
90821
46524
67151
38898
55031
6047
94867
89426
39551
65574
14503
62515
56972
98403
30033
66741
57295
87796
69360
63863
85936
61657
89482
26576
37831
707
59313
68793
62561
74333
73345
66434
50637
5342
11453
58655
42453
30780
1544
15250
74666
64304
80621
99637
67482
46839
52548
81906
61096
39124
8000
42281
82583
44798
76577
65786
72762
61333
63413
36206
50426
97313
7320
34359
76148
71091
27901
91870
17638
92759
59980
65081
35388
51693
80863
6681
95084
23061
53237
97867
68583
53940
16954
67583
36032
99440
461
90748
30458
52929
97197
10103
44793
13882
25304
98946
56597
95129
34441
84983
3575
83645
68308
54067
99570
22679
34585
84147
91416
21509
33733
55254
10134
85028
11740
6073
50680
19408
39413
24544
80843
56745
58932
57932
29012
15891
58948
84146
9053
58537
73287
42410
64145
88877
4836
96847
61760
81104
57915
65929
62619
58631
57044
8476
59970
28605
9598
14157
83230
2591
68801
45120
29064
46683
77403
11380
67538
48985
78034
92929
13658
36242
30893
72927
27750
22951
56370
52546
61490
44888
55059
16028
29509
31458
47467
51375
37939
35950
69996
64064
72752
70967
3113
19392
71933
44133
16226
22615
93790
65518
53661
20459
69996
46312
10582
5166
25919
47057
47687
88002
97367
95605
229
10970
38504
42472
21227
96690
52311
1414
50320
62697
91457
93990
33724
14907