6044
43045
91836
646
15632
88890
79022
51943
85708
55742
16559
36205
62529
28337
25261
86658
43706
66821
50331
56740
88513
52586
26296
73820
27614
60809
39031
43513
29092
48015
58085
47977
39454
21928
97991
78148
47240
8176
34106
28608
91677
79270
7265
25006
88365
77550
19580
39796
12845
39310
29410
78034
31636
47839
40121
82506
87119
34500
47774
67388
81720
31028
35657
88155
52154
20695
59441
98640
49543
54848
91431
50358
78511
29318
73975
3264
67496
81866
54527
9409
89791
56238
27379
65075
1767
42612
58783
85021
89000
49466
78330
30771
99625
85386
42413
79128
80951
17553
12221
76577
45062
91561
25589
17049
47893
80317
16571
63829
35916
51905
98856
86967
65866
93424
70003
43104
65539
77616
42645
61345
63678
36890
35533
74435
45733
70493
49963
29560
66978
16844
78245
79707
61858
90752
84404
80533
21580
10966
35480
32104
65301
72628
74036
1113
4176
83750
98672
14981
96365
35087
76187
87326
51647
23980
48565
61444
77710
73588
10505
17191
92908
83878
50531
64291
2074
81698
78701
92727
63248
21610
90441
83981
32203
63385
95758
39823
14936
95226
71358
63179
15079
60517
75323
81233
73297
90271
64972
428
23069
78153
42596
3680
85254
40883
24554
70848
76506
75772
18181
98975
95349
47055
18256
95611
5527
83132
54009
32827
36630
11693
72591
63590
5685
98055
68110
38721
73809
4473
12981
29726
70731
57319
75529
38403
21718
76658
71668
40429
79235
93603
58526
63829
62882
99462
96293
18431
94165
26439
4239
24315
23379
38125
12695
10580
77729
55855
53456
19825
54153
36674
51442
48242
52372
7224
15466
32506
33413
68031
24550
70248
27371
18932
93014
50100
81177
570
60277
40130
80277
63590
37613
72176
6743
2793
27917
75829
55666
64814
74173
73043
58723
95594
11878
73715
96188
95364
54770
3130
11477
25734
84035
57339
69315
16254
65884
68459
47337
30397
27850
58005
59909
84459
36146
75300
67574
58913
60068
89127
54641
52891
34211
47493
95782
31132
36885
15877
20892
7959
20903
32188
57249
36580
53677
10455
59408
21501
56906
87391
24040
27496
55883
74064
30913
47141
12992
71271
29907
4898
42736
58216
98322
81553
66445
53317
35397
8258
18279
31448
72020
92958
12454
80556
37254
80568
17481
43809
23360
61106
78523
67649
57515
82434
9642
9661
95676
44617
7120
28617
18324
61700
69593
29684
90852
59807
12334
36603
55399
32126
79540
92465
89862
71315
75312
18132
80276
14150
22179
47529
45984
70350
8989
16752
62331
99895
61267
87294
2012
10261
90381
34606
95608
54942
43977
47201
73798
48709
86473
68426
91682
62667
4420
558
29165
40207
60800
22696
36624
12174
98621
31442
76152
38040
6121
57312
77035
59074
50609
14858
70362
52609
52756
41728
27057
98836
99606
24563
35252
61352
88290
48675
83449
11901
44158
18633
30157
66641
75177
18569
60914
79028
8690
33675
30901
24578
53749
26877
70642
45803
71541
43312
92524
33047
76699
72555
87334
72927
49602
22013
34202
36818
19514
74515
10199
78745
1857
89973
17592
39062
28721
16535
56759
34345
31973
47438
45380
95639
61308
38081
40944
73318
24783
78812
21836
4917
53174
59406
77480
58313
59945
52218
10097
61780
89935
51332
10382
2574
70398
44431
5062
19373
47872
29176
92646
39013
7156
66504
33577
1174
75458
85665
73262
79581
33308
57623
20250
25779
42359
8447
61325
4727
60683
93834
1243
69857
15738
26209
34183
50635
36252
33873
86164
55665
84623
13282
40859
10846
38572
46721
68992
8500
31600
53417
57837
88546
12443
50119
18221
6868
46877
17531
1942
80306
33239
20851
39627
74552
47416
96772
42408
92202
60719
13797
94561
31451
82250
25135
864
5465
64258
21429
63059
93448
4894
88250
92310
19867
54903
90299
27578
4656
67297
17821
58209
17077
18840
13288
76837
62355
72909
77034
59684
80483
76256
25973
16313
95323
80615
82345
11067
38445
54987
58699
60492
28354
29730
95048
38106
36901
23241
15908
6827
9747
83970
1763
91121
854
17653
36224
87332
55127
35813
31142
23463
47821
42943
14846
6203
99603
92546
43846
86512
81405
1372
92737
36868
32881
28182
19838
75603
9812
92642
59108
65121
21458
41032
31329
92289
58447
77480
96180
56706
15190
62512
94445
84877
52665
71523
52184
32022
47492
77574
6646
41959
32852
57420
78981
63839
51109
74224
25081
58124
17805
73910
33704
26150
8005
14942
50208
51473
17318
26679
2576
48502
52167
40639
78530
36117
3691
38042
28836
30265
78120
56975
61592
22489
54061
87924
82363
127
71836
78953
86594
12227
28366
24335
36881
874
36692
37084
22145
97441
95805
93962
64974
12522
71705
284
19823
22520
700
20266
81038
28977
70021
7551
91788
59178
13167
5044
99877
27462
84668
91893
9024
74251
94011
70603
87912
44500
93358
16158
28714
44465
31243
94588
29123
96118
21266
58908
28991
79807
13054
20926
71467
21238
11521
91725
31744
64688
48819
42190
79099
32645
75843
65342
89333
57239
9611
51831
61276
17015
89583
27588
14987
8828
84502
78007
56038
5570
34767
15153
82959
28721
82088
54220
79436
17787
82595
45861
59751
37539
49204
62453
76289
1657
1570
63710
83080
68603
63682
67806
60
34246
33020
68067
84416
96845
55290
93842
23725
416
20495
95406
17290
36795
27030
21076
68659
77964
17025
28426
37247
19397
80342
39512
90102
38130
20914
29629
83928
92780
29678
17309
6913
82188
28714
91445
27341
93813
40968
56291
56204
38579
98657
95163
24038
74332
40338
37440
26252
11021
7557
6397
43550
52481
8615
58572
89977
12863
25169
42306
43245
50503
56722
98004
18785
16390
89568
20949
41389
49507
94267
42962
9275
31075
16880
30178
5617
71762
4516
71289
73573
57449
8307
41827
28899
35126
58426
19215
5768
66161
75818
53114
98513
89289
13289
2857
27002
79990
50648
41731
39264
25235
69127
84431
52313
13255
21765
12721
76361
17207
79484
58385
34387
58173
48864
50242
42054
52499
78258
93292
51306
31772
57075
12979
94015
92829
93537
26626
44151
31146
81550
7979
26732
81953
23155
85659
77785
40459
8507
4730
75197
80717
6294
24253
85064
27334
47303
64781
15698
83198
2738
30692
25145
4221
90850
36924
66251
34204
93581
59111
78498
2663
62100
60874
83760
42079
55930
88151
84282
208
59737
28250
68199
13363
32272
80707
31902
6975
58016
67307
92736
41124
92959
96650
34638
31591
92497
12577
26567
76561
39573
81994
57961
62063
76412
69439
23672
87033
70138
68915
81359
37547
52704
6496
54091
13123
39472
80776
17884
12560
67468
25677
43902
89639
83584
35158
23358
89232
2772
89627
65448
69935
27650
98806
29961
73693
78527
27422
63023
19541
33000
24990
69220
89079
30865
30670
90515
37028
64272
13255
78243
44659
93532
75172
68956
37130
59522
4272
86798
47779
66425
98020
93858
24611
24716
37685
77651
72703
84149
38720
251
34055
28792
92270
58887
96092
59993
1959
31416
1639
56475
56941
52105
14928
21114
16643
70480
47782
68937
56552
33802
3266
36000
78238
13641
95487
88666
75675
84661
90893
17658
64316
2890
56367
56052
82481
75272
5040
68178
50437
71624
37470
72586
9710
2333
61721
38110
57115
3837
25761
18741
61086
99223
81985
7345
27774
41593
53373
20504
50794
3625
79186
67912
44216
85088
57773
96958
92279
69243
83283
29254
91049
42521
19217
18923
7662
17942
51960
92889
85745
85770
93781
77093
75386
88760
92885
20529
47459
91501
17673
91858
91211
47701
74027
53057
59182
57519
15769
78653
65854
84662
17002
95288
56808
9937
9479
36534
90738
63090
89809
83229
3595
5562
79200
36687
65886
3367
2280
58003
71925
60078
17163
15694
77846
86548
24273
79010
56006
2792
31452
92615
79685
25578
34432
26084
57530
52700
24709
26682
32555
14409
17957
38739
99267
67383
86604
25869
26848
79604
72820
43080
71475
65427
64281
57577
26250
47088
15967
90021
88096
8328
43260
43714
71598
17792
61599
82844
94004
48314
21304
96367
95520
30116
36789
15797
41104
31064
55607
36187
63005
39529
54035
78716
31417
86113
68515
90088
38470
34151
4981
58816
21919
1856
26014
59926
55090
29930
11970
80432
89643
64735
27582
86221
41143
28600
11849
31420
68644
50877
76211
56959
58299
93743
39440
12132
50010
7742
17202
16270
95583
22962
33979
48545
72497
24683
21590
99586
69057
81983
14115
37865
31905
40094
4356
16400
21473
48113
32560
53433
3612
24367
9493
30812
2761
9948
53119
46906
39290
38195
53784
66032
29454
86541
99284
93965
88792
37707
94547
50012
16802
59785
83686
79280
51053
11809
56533
8283
35689
77139
81429
89087
91970
76600
4220
95970
93242
25678
58804
235
16464
95305
18196
85614
43288
57715
46889
98444
38523
25961
68100
70584
66718
60697
6599
99361
43698
36956
42410
65763
46661
90762
79787
26957
74569
17669
30732
3269
66459
24753
84203
88105
67232
35019
81447
71052
68564
25606
71065
1813
88070
80373
36581
51921
99376
42671
55939
99752
83103
38417
42389
82839
76709
63181
77662
88945
23419
76862
90654
19969
76896
65763
9136
28932
88798
71704
95647
84374
52821
84740
76665
51891
46310
41855
40614
22442
52743
1723
19437
48853
26636
60156
20729
5826
73417
66083
1981
65190
1693
4438
81188
76340
73816
30775
56480
87447
61416
9892
96840
75375
69559
84775
6432
3453
26701
68544
57713
58376
45468
29174
82323
42962
21447
5106
75793
44031
7338
9453
29895
36850
54261
2663
37306
8289
35679
24013
97610
28355
81406
80619
15444
31301
23645
79055
98365
3153
77424
88644
4696
44649
58704
92679
40295
21627
63544
61293
97284
51307
2436
36777
67431
56536
61095
20846
83772
72451
59447
37797
76643
34983
77683
80301
85657
82677
69050
16652
78267
84211
45133
97435
91457
88837
12752
63421
54830
41773
34960
66807
63118
21956
42690
35404
46757
33828
43359
49070
43809
34163
21918
96980
18349
32681
39563
66788
70951
78723
41787
42759
25889
45174
19078
88244
61504
25813
34459
95558
84965
44819
56100
56696
16388
67858
94034
93544
89319
74550
17802
97853
64806
70164
15873
12122
10419
61653
97744
82311
54606
67744
65079
81875
28516
56258
14438
74492
24429
16544
12453
67611
24294
90730
8410
69069
27953
20653
16442
61937
43934
69822
71779
46753
81902
10502
79065
78319
59033
12645
58990
80041
80227
24341
84568
68257
66683
91061
7743
59963
35103
44512
373
41883
26861
61721
7913
64530
26488
8533
4797
54881
35303
77338
4959
3889
76729
24997
50070
5250
14799
69157
40155
47715
30112
663
54479
35795
10282
86986
36250
97982
27719
27013
60030
71946
94858
78224
83258
59692
29888
60888
2132
72298
5724
48459
83760
24345
62372
54079
77608
49149
96257
40587
77038
46911
33272
26186
97087
87823
66118
33868
44261
6895
72308
81999
52806
89030
50920
96469
61052
44632
17641
96870
11477
3802
84216
39333
42685
89531
67589
67705
3506
15065
42067
61700
16207
10973
29391
94023
72692
70368
90570
21108
83483
28392
63050
81378
6454
79750
44238
31027
49454
81195
55367
39627
11497
57518
76320
78516
98723
28967
55004
56009
68294
13807
7155
36005
36662
81154
84337
57136
6580
96917
51380
91511
67471
15631
97401
15924
82032
64264
25895
47230
27495
565
29929
63629
91784
63732
73256
6463
5657
57954
4985
99607
72868
30879
74607
90649
18383
55656
19533
44371
63491
56313
88295
95266
66052
60145
18297
15958
56252
20697
86796
84020
4359
85753
82011
61455
16992
34874
24441
35203
56891
25384
40399
53331
44460
14815
14868
34541
96128
75121
18484
37065
90871
64957
50131
39296
90237
75088
51001
64377
15011
80537
21489
75221
53178
45820
80722
92286
11335
69218
16921
32009
11478
40852
69186
10148
79100
75752
15639
6918
66036
54191
8358
88737
47938
40418
43907
87394
66047
97557
74318
94471
89775
94585
38840
32432
93511
91239
83613
79861
54790
62031
48420
98407
89344
51237
93829
70373
71499
1857
72459
67481
6767
49120
73195
13062
67430
61548
28905
37144
15981
69208
46641
27626
22866
60211
41149
83434
61359
45844
95159
69142
17390
46525
36403
5368
46138
31000
36788
55235
91325
52072
10143
17051
80390
97613
15979
74630
75092
28736
37775
156
28991
97110
72487
20308
94177
10637
17751
72235
34958
94855
50669
56459
84245
16333
24344
12135
8063
51026
96425
57207
34585
76050
85354
17206
56540
26219
25715
36397
69821
1008
4463
16578
43916
64998
89585
55279
12190
21157
49369
83436
58384
24417
88428
60759
64353
55911
40744
30203
84955
72843
25172
98909
16365
50579
8857
4058
22922
99308
48136
58713
65380
60593
9755
84991
41292
88561
39863
90854
44003
43881
64656
19188
39256
12704
28950
47044
37024
44271
60936
28906
31452
85542
72633
15452
4289
26302
73974
45087
9433
67233
42594
66683
55873
1695
41251
80308
51940
7678
33399
76422
28067
5570
14561
36446
91764
44371
29293
10646
6965
75974
34077
32358
31145
43230
27620
32443
19844
771
57108
42745
18203
22565
87562
32993
13641
41507
73407
39403
93378
98235
94266
29682
97112
32648
32887
9193
49964
20107
82920
14945
49352
64963
7399
17675
76601
87854
63358
23411
93592
69341
15859
57531
74253
1061
9256
58614
93330
92855
60682
45476
33280
59489
51003
41462
49341
2808
16875
58655
44146
46503
71399
84157
89556
4508
6871
54315
96973
66664
75576
5027
21107
75660
82401
65748
68680
76912
38786
45177
4272
87290
18173
50138
3148
89439
94193
94786
84881
63045
41639
37681
11883
78942
1287
84540
78371
61810
85217
88931
34496
15989
45210
31433
85680
82835
65497
90260
56708
12781
1915
13076
84500
72238
19320
50288
22236
14332
81906
43548
26293
56435
18694
60626
93079
92970
93641
63764
42120
77040
37013
54799
81594
86305
14472
51783
72989
62624
66001
90134
67577
28136
95605
39353
82187
47020
4521
74136
76286
89565
81555
18629
67816
10232
70905
28361
15276
98811
89140
70249
15267
85362
87896
8142
28880
6013
91978
7734
6208
78079
1370
17133
53392
22557
65217
56645
91812
4454
66837
15954
77050
9990
66500
91292
76217
72539
54607
22363
97678
30639
35040
98357
42096
85190
99083
35292
11302
36246
17455
74840
9633
36007
96183
83280
9965
23500
9569
89922
187
25368
62578
79824
94449
32461
79673
2299
39840
58310
31003
15611
54430
44379
38907
82959
20996
83874
41127
40601
8266
34370
1754
42879
46416
88248
31322
72558
65594
69688
47090
96929
98128
68799
62577
73037
18544
767
53235
13025
35515
87085
16709
58854
4384
31349
94798
39663
89393
79989
75074
31054
44420
94728
47120
5448
4375
13056
507
75810
34379
27717
26057
25181
2553
26470
40386
32872
22176
6166
82376
12212
38768
93935
97827
68115
16041
42638
83412
28681
64789
48816
15878
26208
7029
16331
48610
19705
68205
8477
9824
88564
1966
62180
12498
82005
24634
55421
95348
99201
65044
86544
86379
21922
48421
79718
81999
45026
69209
22475
48366
39878
77845
81132
98883
85585
60764
32204
11055
64371
76022
26958
69820
60173
19022
98761
90476
56030
73403
34454
56097
35535
32770
20491
65926
95122
29408
10010
29282
84272
31375
32786
76498
94898
78464
97804
94064
77105
51731
45526
71484
18582
52297
13656
76798
22320
38500
48889
64926
39237
32417
13637
4452
97331
808
47581
9702
30934
19186
5699
31923
80512
50048
31501
82024
59758
63208
50139
51692
68937
40194
25483
18207
48087
4933
21700
18297
77160
35511
83725
65489
28333
40551
95548
70474
80532
1417
83483
30437
79528
59588
48469
52610
1303
65406
90422
37133
6816
32997
76077
31007
34279
21578
81150
75276
21659
53371
63970
69454
77884
46751
77425
31747
84746
43956
13437
79287
69168
9511
50944
7487
54557
89869
26459
59804
95124
53847
61903
22721
76235
44395
34771
98708
74062
13344
55781
61240
23310
17794
4526
90466
94243
84638
81256
92732
56784
3666
34178
80424
45088
92613
258
75474
98099
94728
85234
67743
16677
28863
78460
9442
21867
65469
3188
2197
11376
8571
25363
21140
18222
80638
27603
63969
43897
45544
85504
100
10926
27370
10585
888
18652
99331
61662
4551
30349
30905
10299
72436
17253
67889
50600
86505
33636
74011
82325
12893
18779
74123
2660
38219
84961
47019
63724
80096
42687
40237
35947
18696
40197
70433
27330
40504
68273
85588
15544
30117
59955
5995
2312
10199
53136
69793
29536
32882
77002
78678
76594
16530
54424
21064
27668
29547
18097
15754
60279
7005
32493
31147
24421
55342
94960
47865
92893
45318
21918
16794
93848
20831
22800
76632
27378
54415
53856
12921
28884
11200
79521
85479
9666
8651
33385
98948
58472
89671
61799
1363
32173
26708
79297
39546
56545
56298
62252
61169
14677
58980
26068
94109
51443
67613
61426
21089
4
8895
30030
71545
63851
62111
70492
6928
88509
54356
55477
53474
48070
42945
74134
73153
8240
75474
74158
33684
33416
76405
77723
1825
49640
63240
77874
80250
12731
56715
3483
54620
45858
62757
75314
21102
44491
68569
59872
29288
29527
33271
81494
5619
95249
912
71574
50234
45184
37937
50468
52236
4091
60570
15808
64746
6140
25930
288
49814
44598
92283
74196
23332
40873
32260
29557
15237
7909
67554
28972
33399
24103
99762
90349
12467
7668
25115
50899
97768
88992
74979
39024
87145
43521
11035
62382
17847
48756
47975
80124
32644
46850
54279
27008
50965
61901
67234
95016
32017
18966
20019
51890
18487
83548
47119
34878
53682
41908
98512
62606
19866
38591
22758
15677
70256
17586
85408
96230
32923
83626
63871
38203
52119
70343
75445
56820
88028
73960
92664
34634
30678
67675
28870
64105
15217
62706
4883
95641
14020
57637
84033
64884
75060
61897
87546
62909
70566
74484
45770
86324
80909
96133
96586
37253
75741
35370
25034
25202
32913
96374
58026
51058
51720
72919
47158
19736
19554
55497
55903
21702
46757
65608
99107
27889
63546
31269
84906
13502
78841
13642
29108
56936
91064
32909
4570
99638
15059
11435
8696
68136
58083
70900
93275
10309
11348
68417
67214
50443
24493
28778
37189
65158
1552
24888
46266
16181
6318
42872
60603
68158
2462
38407
4761
89644
66196
16951
31161
22437
59170
22670
71787
10050
49009
3862
18047
60854
79854
46072
54
53585
26932
81830
89138
49459
17545
90815
87362
64667
26093
29780
23113
53673
99749
1351
35524
96406
71561
55434
44188
59015
51869
89190
27892
77350
83999
59775
86415
97791
494
19132
33512
51315
80810
68998
83135
88929
44641
67209
42555
14626
63750
59994
18774
87264
29622
64762
72978
39951
48768
3166
79591
59630
81561
97009
6274
76942
11552
77887
65130
83308
47703
36406
93968
91994
38072
77681
67138
72501
3319
20461
80115
96035
58582
35424
59145
36433
28755
58329
57070
9088
59238
75820
28590
88912
33330
32111
38618
35247
32780
57112
27041
69459
99673
48013
91396
38229
45329
58366
93167
13048
87921
82671
79496
3440
28373
48234
90842
60513
4743
21496
34081
23661
518
67860
63533
19567
73905
32675
39147
27061
56277
79136
63900
70720
54623
31510
73341
94323
1128
89153
90772
73841
58507
56071
74652
28682
68573
14639
28773
454
23574
53438
58699
45310
20099
87921
93881
63882
89039
64826
76832
86147
80264
21522
7092
88795
74152
75653
80370
37566
33285
99180
99038
66570
68175
61562
76896
78553
73058
55536
23067
53911
56340
41139
69370
12039
76748
55240
67445
32583
25409
51933
54403
2575
78708
81157
65517
65999
60846
49057
82799
97411
55043
1377
3878
73994
27789
2330
88550
14912
61367
56079
93647
2102
41344
11941
15207
42958
99349
83715
55517
59238
29344
41476
54879
89360
49984
86171
75339
72419
62345
24867
18507
49569
62910
6412
32900
15778
70385
92901
55825
13095
70314
95203
48905
44933
34962
11233
67738
20695
29943
51789
56872
48862
61736
77289
66350
11150
9944
34916
21143
87273
9331
1642
13226
20547
35101
39238
69346
24568
28773
93971
91728
4779
7610
91284
97818
75968
83567
67111
58529
38171
47894
60929
81676
74217
54807
14409
26567
57423
88939
44376
76927
6328
57890
83488
39147
60134
29202
51876
54513
16401
4595
37525
93614
36700
74201
63981
20082
2193
17534
16304
66584
79337
53703
84400
54379
55598
75280
35191
30844
15415
93987
47031
17340
14887
8652
38024
47608
72644
32078
97104
95253
66192
2832
54056
25253
87422
43379
58434
52575
26252
60373
39001
20643
76459
50038
66686
77399
36637
87856
18874
63749
17381
23162
9905
34717
31261
99373
20627
48630
22070
21835
2603
97410
97633
92355
27695
45330
58170
48172
1620
13255
10568
39526
47577
18077
3572
82360
80788
14283
58577
43913
51679
90925
2362
63910
63177
64065
12828
51587
32712
34413
47959
76895
85888
20688
42887
89085
42558
27763
19977
46030
61500
16859
96225
36088
85299
71140
41452
53707
87988
78008
84831
77857
1079
64038
97814
73239
36944
41031
52629
47359
85802
12725
62837
54382
2938
65804
82635
8639
402
24449
48226
78234
99253
22137
18977
62791
39748
35076
6241
57499
80014
36371
96878
78278
52507
34989
46004
46377
63109
31376
65789
19252
58741
97394
98691
84685
36018
97998
42668
17466
87051
54772
71405
35834
89625
52979
1761
86978
67402
49693
98796
51255
23070
17928
43222
38330
29481
7838
12902
42872
54793
68300
52073
48912
53432
66639
72993
59363
78686
28678
64262
20829
85950
70170
92593
25785
55802
93318
63606
67735
79274
23700
31267
68716
86378
57294
58460
14785
8643
31611
81318
31105
91441
83882
16458
7435
88743
76709
38667
28694
18795
48527
36732
31530
87879
61247
31159
67319
79479
22714
74103
90514
64032
47593
82502
12466
17788
5484
35756
67009
92334
49861
36186
80404
9737
10754
41921
88715
53547
24633
66867
98547
5265
74575
68690
58080
31383
55682
5929
23694
31760
69511
74431
20531
57288
98332
12850
6855
17477
31272
92327
36953
41289
41318
98573
8179
44877
65718
88960
38692
14427
37337
2079
64871
93913
99455
87853
26492
78626
22221
10130
75255
98588
45296
86143
2770
84364
36194
33425
23471
25538
39290
89427
53516
5557
29337
8022
72833
60526
81532
33456
54889
12785
49016
45082
61138
19398
6039
78961
52138
78759
60446
22647
58540
10295
66491
34339
14273
76738
70500
94217
67999
45211
8917
26702
3237
4529
25074
75003
83373
51565
39961
16340
89237
47876
2872
13838
21445
91047
16016
16257
52415
30777
61420
24204
51769
70965
83514
59489
37744
79812
40939
34444
52337
32029
83063
68779
68986
37557
69404
58498
22256
17498
19324
61450
17953
64766
85382
29861
24719
82343
23548
46159
68769
68125
43410
14853
45082
90289
16170
55968
33528
13128
84225
64510
33321
6871
81424
81662
94322
40220
78224
84251
21920
9223
87918
95869
15172
21580
15631
92314
50557
81636
35530
57752
98981
8581
38682
89841
8286
210
44594
61528
46114
26327
27298
85576
36262
52409
38258
60425
8744
44967
84533
13414
24118
15021
56013
15459
92095
8850
59519
17001
70296
5014
25751
64201
76578
3481
62323
27893
89491
70846
4480
91342
16333
4387
92472
3018
19491
46266
72194
82742
12157
43887
13157
26442
45574
83068
23665
2934
46800
62744
53825
66815
84794
97968
5963
78986
73895
22559
12826
25865
99563
74061
17941
99263
2132
46808
97705
85439
68092
99246
10423
58067
98421
60883
2636
20591
33395
92806
52126
71040
55803
22698
82896
90103
3871
43973
43174
24310
62921
96391
13835
34230
86223
35733
35743
65201
47446
32675
47891
28630
58241
79721
51516
77095
46216
66889
52116
55223
60092
53493
60352
14139
22080
19169
41649
91411
35524
97493
24363
5690
92765
34726
13404
12741
16637
82454
6740
44160
39479
46604
59292
14084
88117
31812
25198
78024
2591
25073
32950
28799
95248
42164
39972
31609
74360
10491
49242
13974
66276
87924
26964
94679
79588
11194
50418
45225
99353
69994
2280
45108
15194
90714
68824
63190
86215
35054
62004
60705
60808
54867
51
1524
15392
72101
52115
71807
98544
78962
84882
23699
36189
78778
6378
37077
46900
97476
72224
31312
81987
23757
61928
9496
58805
10995
69693
55345
30489
17518
26572
14924
80083
54217
55737
73417
78500
36571
24801
46998
10678
77777
52259
71168
22955
61677
65810
38961
10157
51585
70793
25030
75806
50316
46179
93262
78922
51963
22129
97193
32248
85609
51154
92561
91304
23153
84965
83996
62251
23372
96465
16922
21791
70571
27632
61177
28829
19286
91533
17453
20003
71102
47733
72252
35144
32076
34987
91056
67536
18143
35306
89751
70869
36940
43061
52649
3898
88017
14592
74906
38067
36109
90162
54114
20016
42260
51798
59051
59005
86115
16557
84440
49954
59905
21372
35943
28113
97145
85120
63431
32992
91688
91263
56256
53059
70302
82513
20655
33520
77218
77239
10483
92428
39913
70756
94042
36243
68801
72563
80421
92323
40731
24378
51417
35843
24653
37123
72644
93611
18426
5816
67878
68724
49923
10554
33481
52736
24993
33696
28566
15296
18042
68478
97062
12523
66136
72133
98897
33056
39855
99542
62991
33626
53364
65915
57321
34892
96367
63456
75869
62420
89875
70144
87455
80371
1922
98773
6098
39273
8853
60118
58493
50183
40202
93890
38398
50707
34021
51906
67196
37131
43905
97215
56514
92
86249
14996
53055
24684
72640
88656
9140
21204
81141
99612
98085
35937
5191
89324
47921
88312
97090
46804
46636
12011
57603
51546
83852
29708
15075
57294
59470
38766
18089
45183
15758
69610
11578
19851
46001
67188
98723
18098
51853
69072
86123
54156
5741
36060
37462
34999
31605
38007
81694
84480
48565
82556
3242
62999
97544
96114
37212
11650
13776
44267
21094
43974
384
80114
58794
61138
90857
37856
34490
816
6460
45641
58691
22728
78824
5204
10322
60483
65383
79327
31921
42550
30312
70460
49211
8457
6744
14886
86381
28827
77281
96306
42562
42606
54850
28416
88912
61148
35273
67935
12158
96603
27791
45329
97502
39147
59741
84901
2566
70958
39913
12434
62156
30088
19142
40804
92376
2428
18665
92356
55470
21797
92332
37449
99813
11532
9217
8816
45091
64142
50394
36837
15639
41154
99609
34683
80159
88009
53519
34379
74756
29518
29856
95849
18069
30023
96242
63630
12920
39516
70946
90428
79233
52812
97127
95439
39734
69989
79510
94868
16816
75388
31650
54126
94201
38103
90035
59808
87128
47621
43370
67930
39785
29392
56770
63057
81352
88320
15916
24400
64472
91930
77563
79538
65196
52044
8091
45533
35796
51821
56937
13911
84691
26644
9356
59765
13936
98031
52701
94684
20834
30229
18003
11646
43269
96578
29305
71299
96491
36366
74613
68501
21729
42348
14611
7575
94322
58856
99904
258
69541
8032
28850
4855
90697
45525
10543
51661
76603
53217
28505
53313
76395
71112
11987
6319
27351
7393
15923
24787
11943
50341
60829
96285
94284
38549
55816
38766
2748
59358
67295
62767
18696
24218
7417
74643
3008
14199
93740
7241
41362
49612
87598
82712
90814
82448
52928
8425
20653
54530
91513
39739
96397
62406
48870
8850
75078
81965
71854
35639
2412
49264
89550
93466
72278
96834
97723
30826
81747
17943
30064
60348
48332
42605
3399
74120
69465
42289
48805
8360
66036
61137
51971
67330
16198
9015
3652
81563
13303
8691
50603
2200
94441
61906
33123
546
68655
91822
86562
42626
29326
39543
45177
63838
50907
36794
14293
54456
67766
96235
65419
92821
84936
95383
67201
25559
93844
24892
59298
18854
94812
65990
84873
61674
93473
92991
84161
79105
22564
36800
20407
34984
46501
54784
52877
88177
38728
20158
94970
4988
55270
11757
26665
5517
34158
25528
2498
47397
93216
20632
70025
41635
88766
26342
40231
87545
58661
43157
64361
49784
6983
43933
9013
14615
95658
33119
25807
40502
95811
85436
14616
76597
18625
4518
5305
29701
38642
59862
14120
42205
5457
51323
63542
22490
14814
67326
44026
48787
1361
54438
28340
51727
89877
91580
69222
5094
19176
11264
11224
89517
13455
48185
97872
29450
75018
84778
77407
30382
41673
82873
88201
96938
22978
86270
53809
77803
38736
45422
89365
93567
26597
57018
85663
70422
89557
27789
56921
30232
61377
10606
47534
28963
31013
53091
44608
17781
95449
28715
41155
88806
30593
60166
44387
45082
85461
11464
27226
9936
67369
50511
90880
42863
30948
84800
96112
2700
40417
41236
39104
49733
30037
66278
43612
63826
86347
3066
14885
14273
19074
12787
10176
38765
79283
90660
11094
33466
12817
44102
44017
81758
59331
47887
72392
94419
21830
81182
28744
39017
4223
87296
35984
28145
95564
33685
95028
26454
2231
14687
62214
52846
2095
98672
5951
43950
11375
24262
20732
20484
49400
81448
23879
15535
24842
60902
98525
65229
7504
93413
63944
63579
12858
21556
55455
76899
42398
1944
27666
96928
65030
75907
77532
91175
88114
76222
34610
84586
58807
54998
83156
8601
28921
77798
44663
10797
84332
9859
34430
35631
64677
91794
86632
57777
81436
49391
17915
64892
41504
41642
68704
98897
42870
69661
6107
6912
39915
64916
34361
40669
27127
58043
11659
85639
89065
96520
72376
58895
64151
40082
91364
37807
96792
4011
73257
71780
32720
93972
79699
62361
9577
3761
36431
20148
25045
34575
79636
38212
97730
90386
48241
77622
38182
92975
36736
94698
59905
85168
10115
7858
51587
74053
35117
54659
4218
26557
42826
56919
54962
58675
54443
56581
38942
202
8108
25842
31747
61339
24774
84599
68907
68187
97327
58044
75369
21390
11781
93246
43146
41388
41208
81062
44607
4028
6433
77895
17520
43224
56945
54752
67382
79389
2984
75687
7799
33183
14366
70244
2834
97635
16940
61470
64228
27985
1369
77888
71035
34682
89595
83734
23541
36392
60597
35949
99447
28153
40688
21287
95075
7896
40449
68514
5867
64043
77218
21225
61370
32825
36768
17774
35979
89735
72355
52990
45100
72527
38685
23809
66319
35294
99833
82093
29356
79731
16350
92709
49269
73460
12992
78719
8379
63029
7761
85405
42775
81524
6005
57196
42481
79222
52985
98497
81124
32781
33009
63376
2912
57502
34540
20438
13573
19595
51140
97627
70469
90452
41742
27204
29681
79072
1538
85576
12044
69585
51185
15468
42556
79365
47733
36052
3717
10865
90973
22164
20996
43927
25456
41338
81691
39332
45111
32865
76468
72193
48671
22470
62211
63672
5630
76358
22671
34800
83552
5268
58946
80067
11179
73604
34363
41024
5208
28074
84526
17686
66572
52076
70266
30685
35332
70193
78187
33009
77000
32728
95704
79399
50551
61641
28877
20411
78451
47630
62166
53677
62227
92122
33844
75239
20176
10156
60283
67957
83673
45690
33545
62649
97653
27717
20321
17172
92094
65031
3413
25153
78346
52809
68416
27061
18788
54542
96376
95961
50612
55485
5255
72643
60233
6467
28103
14872
29691
85450
65045
594
49720
66507
21056
27494
28185
2486
32483
43019
47415
66566
83078
56400
77487
20650
60473
68014
42962
36801
5521
59291
33247
18997
47399
63700
60417
36793
40279
91845
34533
85217
7124
28235
71311
86458
50143
38105
63090
85905
93255
77935
41399
92924
44270
81945
16368
98916
88178
29909
86322
31714
30379
37974
71326
68553
52856
87679
15452
42068
68077
59490
82845
3275
45438
91837
86308
99731
91696
60695
89829
40061
33818
11420
36712
56541
60923
20842
25986
44725
83970
36281
59719
58605
8293
31645
55706
16719
57934
44522
51237
4266
30179
92869
48119
9865
47687
18248
25973
53603
70316
44411
71631
18897
7863
37926
91952
22272
62017
34052
11077
27729
34940
87611
74032
25818
3062
39514
11488
83832
83935
54963
20850
88714
29145
23564
48855
31426
18135
76009
2935
14160
11333
34632
54607
81753
62769
86219
68263
4214
43594
64712
22224
21954
53439
36995
77556
63300
63981
55107
40651
55188
99740
45056
94346
81652
45903
34405
60416
54993
84412
74820
62225
7522
27756
18472
28928
86135
673
58841
42133
39623
82207
69069
63216
1612
39757
74340
26659
98636
11811
14623
7490
52293
77130
55245
39698
3028
55725
69220
28663
44833
8502
10614
71825
23286
2680
84324
56865
65009
56509
7615
28365
16730
76976
60654
84452
43973
54764
20888
84351
78434
67332
69482
20054
14976
66551
43681
83774
81954
52478
26584
65024
29667
49008
98389
11991
36308
22028
20401
34442
45583
76408
36565
74699
54021
68572
73431
13605
38403
80288
82723
36331
55885
41224
93365
972
35669
7105
70812
8196
90013
76874
4994
18406
81235
44337
53393
25511
92154
78244
2469
73897
32245
77793
60786
37842
42294
59012
85716
39686
59548
41707
48505
45045
16992
37056
9952
50426
91543
13517
72211
28567
28339
9737
74114
36367
93204
76153
28258
19558
38307
48991
48323
59765
89709
37715
36591
15078
42186
36538
27509
61004
62303
98218
39800
56550
47202
17638
4766
64923
88018
60040
69906
89760
91281
7044
54744
94629
36754
1678
79581
24909
17743
69817
24865
59734
82153
90627
54640
17589
16832
78117
87322
20344
8741
31787
25311
96816
66508
66552
30506
81450
24889
34491
80645
17541
55652
56736
77449
14489
22124
76895
26292
15343
5405
57519
96442
33288
54489
25808
67810
74466
92754
8603
93750
18814
3105
10706
88160
61962
80845
81547
13121
14520
89871
48563
85298
8396
95559
3420
81871
25920
34890
17464
99499
1547
32392
43894
36305
98320
61441
39667
87487
86739
68438
54217
35773
50615
59285
91939
73244
55897
84047
78587
71445
22915
71393
76131
45437
2780
66198
59571
1514
30194
36353
74204
8779
81769
31441
68248
38552
94218
1708
75393
62601
53543
13391
48435
25636
49614
3743
79019
22139
46526
56157
65247
61009
92661
92223
81661
45407
30410
44176
34660
81501
86500
16053
25037
74963
23655
6038
98757
63555
77079
25574
75661
36370
37902
29792
86565
9468
113
66662
30025
31368
87259
20514
21472
69848
51127
33842
75046
67000
49080
41787
31772
62146
30460
20259
42391
11962
29049
99807
31068
30792
21275
23094
94930
89163
24497
49355
34827
34214
59824
1033
42753
74998
3729
6387
54497
48285
9117
26754
50931
5528
29913
27306
30765
65310
51808
82310
74610
20844
63874
47655
15157
66784
18091
51040
58376
12582
83252
55024
5997
1245
99960
92027
74625
64530
5998
90417
38303
71706
32172
51215
46043
35889
4004
17007
24519
49906
16933
84299
85265
96826
64421
23377
6568
66064
2472
25451
23503
55976
46827
22909
59175
12698
48279
11465
31648
90483
63192
97323
86481
17319
29517
23443
76004
62309
8811
69948
31734
57367
88110
72338
46246
77267
93653
1208
61075
44735
27040
48484
55171
16549
12958
12913
38968
38093
84417
34681
30646
31683
87974
48170
61218
21494
84441
81620
11639
34433
85560
31135
34763
76055
52483
54261
35932
75156
27458
68015
13191
30600
79442
67670
54585
21424
2169
21313
46809
40079
43694
92199
54065
51230
47678
98336
53795
42746
68570
27865
76404
29710
82868
1267
97966
42929
85358
55439
17534
39464
99249
15702
47517
10011
89784
36012
21389
9621
1485
36522
34586
60367
98141
57952
38765
96335
59821
85132
74984
29291
54359
98248
32672
46745
63657
85283
79198
75025
61225
40830
88788
57547
48203
18680
65990
36056
28245
61185
62690
69781
7715
40116
39320
47958
24972
94369
23425
92463
4476
53244
22847
1466
72570
35809
50499
75326
58725
75841
5825
2932
94315
96879
5725
89110
37677
60140
73530
8064
83021
42554
85997
59197
24818
18628
8206
24792
91292
95881
21487
8623
12207
94808
80555
12786
17257
1921
13768
3996
34980
29319
66315
22313
17447
87243
95203
14622
32840
51988
72271
16756
37885
56845
9576
77664
68956
56435
28019
47268
60816
42971
3478
88463
84078
2945
67903
36308
90115
8783
38515
49751
47808
72388
86943
22748
96427
72792
49535
19074
49160
27704
25604
22947
86220
41862
82207
42618
59744
79364
3342
21111
5932
35597
5670
14689
13035
47722
55355
67412
70837
18816
58463
31770
92416
63008
30786
70265
53803
18729
50388
31764
76714
45292
318
10317
84893
73752
36588
58467
53939
69642
72586
27087
98664
85999
32512
1663
23133
393
33611
57731
35679
83050
11474
18143
71231
75557
19962
60966
24318
19187
8049
92039
6032
75985
68297
83563
81182
77527
21293
5164
42546
46635
2802
65149
95616
51266
21058
96059
26836
20628
29985
99725
17057
72045
7592
93815
1625
63430
17062
42500
81908
75591
3258
67437
63403
71831
25271
60406
87545
99068
50368
21109
7827
47075
30805
86658
45282
45503
77284
85016
85117
8397
26019
73621
8625
98542
88710
31235
69994
28010
72542
72002
14494
79740
44358
38652
52700
75888
88846
87871
52326
416
22710
88619
79693
33867
38960
96117
74120
36439
43852
42457
97505
1830
66457
93247
90334
95635
62978
89194
4168
31198
24861
61826
43534
48948
61766
58765
2157
86856
82156
36192
552
20148
59509
10312
72365
45894
97278
69324
55573
3830
90248
79657
70332
59591
10934
30999
49434
96195
43680
61581
99330
73417
17988
45638
61402
31843
12939
25314
28728
33042
43230
37839
49596
45044
27531
14235
82435
32037
3184
49323
20937
67686
45714
29433
91846
78240
94745
60697
69472
44479
24501
75643
99129
53524
59721
45028
36899
53808
61614
83660
98802
56658
85832
92883
14083
87182
24326
53252
43290
67888
83352
99775
23609
87993
19820
83568
68684
7325
65372
7765
87077
47199
63301
79910
59897
42475
32327
85111
37926
69411
90812
80513
39631
29208
93259
99206
98520
5122
68147
31063
16895
66499
52094
20939
38624
65320
57596
48377
91382
94839
66099
42496
64627
26942
72122
36175
55174
79452
20189
63465
31753
51058
81726
94524
97915
41277
16504
23507
36789
92198
77200
95146
42371
50167
17379
96254
62994
79821
71984
47873
44461
30501
34659
77141
16517
52878
68739
49053
97325
73981
91332
60681
193
35609
95682
4744
42719
91128
95301
60660
99317
16470
9049
86735
31821
85316
6542
11044
98922
152
98522
48592
17029
84668
18874
7454
4933
75013
11460
21090
74488
57780
97009
30898
11202
80881
57404
60080
70115
20488
39651
35371
17230
23895
7730
67935
51138
82301
40179
8172
69113
2316
74272
18749
41188
6288
89709
12138
37374
40491
83416
68511
83793
40281
35582
7511
9856
2543
62801
61933
45187
18729
65090
75361
9798
84460
77594
26892
31595
4943
20864
87169
53625
31291
76001
59867
47828
27621
80319
66202
26313
10603
96455
38169
51600
49147
22100
17345
58018
15975
46045
27055
86694
87090
68313
94414
53037
61604
36665
30028
95078
96404
61663
71242
9835
74038
87954
94284
67288
43682
64973
17721
32222
83165
49438
55775
73486
77932
8461
26486
84237
77330
8747
3523
49853
11123
74537
24430
60354
43062
78944
42080
8215
59567
34839
87942
8004
42239
25100
90035
42288
96470
16572
86544
15042
5829
51621
6143
77014
50195
94072
41437
50127
36081
2490
84054
30779
62677
59371
74428