277
33051
33367
49081
21661
26040
47123
74258
23010
75354
77144
88614
28275
95107
42793
33740
94645
82365
36252
7520
83287
85060
36125
2286
54952
81512
62080
47159
19369
92143
19884
76584
88898
68248
44689
7268
47229
16001
93189
80101
47316
23388
11319
87930
13701
79941
51442
35341
68961
76823
98901
30717
47293
62419
68990
16679
9218
38538
1337
23019
48488
3631
67001
47983
25207
28114
68135
81441
89361
43929
34036
12303
97312
40045
29729
90610
1002
75508
22248
2518
75318
41778
30148
98444
76118
85231
92195
6000
60596
91791
17133
32383
6608
73692
13966
55878
79351
14362
79640
53075
77315
39758
21597
52844
50540
72941
50769
57446
69408
92200
5404
41399
11681
67823
78122
42718
72432
4523
10927
57155
28392
36661
61756
71996
1580
34254
11832
47169
26631
9035
23102
25016
56063
41347
54273
22264
66654
20347
90098
32281
61698
60218
36625
76451
91113
43894
36813
23989
25004
32723
50462
29172
89397
60367
9999
26881
25258
26988
88617
45980
22936
83151
34622
64528
27493
10171
85704
68203
5593
75787
62168
19478
33254
34553
51535
27258
4594
79624
3357
12250
35102
51111
76941
96282
13809
10257
9973
82871
47649
13219
34788
17704
75003
45481
82616
5084
91689
10951
11396
61994
88446
94930
54365
2272
83054
67757
37916
14026
97547
92323
83849
482
73046
75814
99573
26731
79777
73296
17423
29967
90253
97258
71069
91504
29573
55760
81547
35301
43021
52317
29292
70580
46176
43005
54950
36350
86411
66481
68892
61868
39011
30545
22212
8148
27882
95732
46628
35069
62014
21276
12215
34071
55564
28741
20245
75265
33208
81284
75601
57956
43437
59037
63156
59938
34981
21192
83383
25480
95327
43191
42342
37489
81509
31496
45591
79696
82337
74748