8535
92835
17700
58876
38062
76298
28770
79139
52691
20967
24069
14499
16337
99493
74040
54519
62232
21540
36031
61472
88210
64406
83737
74173
90291
42527
34854
57652
72830
74296
35126
27355
21694
55682
46512
43639
47611
75496
28131
69524
99076
55214
72312
71622
22789
83984
76815
29494
12349
26280
54509
53765
72800
95237
8337
18698
76821
82205
60768
94077
48200
87308
24151
25416
54541
3673
14291
65948
45830
78155
7341
20018
25598
72476
83016
76830
70997
37015
42165
29220
48290
91084
13385
41270
53607
14600
93361
33594
46600
41759
6730
33928
24978
36714
24291
3942
92311
10856
68808
49138
36393
50802
90229
584
2519
81570
56165
1902
25029
755
22335
55121
27740
48727
31176
45546
32167
16075
72176
93097
29298
77692
37325
50145
20458
68515
93348
88122
58523
63975
78832
84692
63968
42399
93829
6584
100
21474
87051
29490
26807
3097
60072
54119
97637
4577
73261
85407
6289
41775
33059
53317
72919
37321
59393
37831
39882
16615
45354
24875
70373
97948
85848
61279
19376
83461
15925
65876
17515
29634
21423
20338
69868
45227
81276
37294
61491
67838
55068
19721
59680
69999
61640
38972
99800
45233
55380
89315
57483
2039
56394
87574
98311
25045
69602
98036
21912
54332
31293
28200
59728
97431
97199
24240
45250
22241
57289
66081
50364
88173
5623
20173
39104
35441
41621
39552
16369
99716
15901
13075
25265
48811
83858
4908
23089
41660
88079
79255
94743
55980
40008
28452
12657
97587
49049
56700
292
67534
31432
33437
6150
10155
38833
42318
28153
47162
15712
81991
74142
8381
54641
26168
87291
35101
92129
42773
66598
81262
88287
71641
83358
6054
88238
79282
68730
25555
21539
4522
96540
26254
54952
4785
43513
51322
51003
11557
56903
93283
59160
71497
2208
81489
76097
13361
60036
8755
99767
73091
96522
69854
63050
41975
61230
14250
76684
86537
96130
77985
57049
25654
1801
91593
42165
64738
7286
66635
74806
73616
98726
48789
69955
26917
50604
91041
21325
54936
69395
98653
4953
93018
56085
27292
55822
95400
43520
6142
72091
60271
4459
89852
57763
76458
21732
91388
74097
21883
42602
97832
76254
45550
10220
60281
99095
79985
10650
23036
94394
20899
23510
67173
80883
32760
5449
83783
52860
78052
34818
42346
50586
7133
85135
32300
32743
55401
9834
19701
44640
7625
97477
39596
49942
4209
18211
71273
55886
67088
4965
15890
78310
71791
57689
32145
93640
97928
30153
97291
15480
21930
39568
7846
20751
63378
6245
95527
72547
78593
25679
65565
85755
47011
70341
33187
31417
35941
61808
97953
47760
96471
122
92965
56853
9114
53689
35241
46281
25173
23223
37313
40377
31594
46931
59294
3228
99606
38604
96669
58971
78793
36070
26698
43820
75492
68520
73965
37856
40388
55989
35234
32531
91970
64537
21898
30096
17828
93814
25833
70756
88616
79790
89151
3971
96000
14278
84037
13407
53454
12426
17369
10937
36768
39404
96545
233
37837
8893
11245
26853
84255
58191
99522
43838
53482
90733
32671
88303
19684
52826
89369
29386
44761
55556
45541
76355
35197
33578
83832
90986
80962
3718
71858
57132
91319
31691
75585
14944
75978
58304
18925
23513
29641
77483
70033
72905
84490
9377
38708
3635
43036
91927
88242
6837
46787
90297
93333
27076
56995
60237
12248
64872
68765
84968
97869
41896
88902
33824
33100
70801
8112
58940
2909
19075
96614
88495
68465
98951
228
65243
52289
6429
30978
27409
39138
61961
1865
32612
24241
28036
75070
8305
83472
57444
89612
78771
97393
89706
81135
23473
27901
69468
35769
12089
24555
36379
36029
27057
52257
23384
32406
71542
41469
99202
30613
11801
14494
66752
50287
42920
10426
67265
53140
61070
20175
38230
18319
9580
50299
98153
80694
26990
3825
15151
17720
23041
53561
68815
95898
63582
5431
44903
98169
4872
49782
18986
12789
40268
3016
27585
12353
56064
18145
28634
87372
4176
66231
83132
17815
8491
66370
63500
50793
6281
19438
20424
52882
88728
7303
81554
96091
23812
81133
56125
65748
60298
12406
48133
79293
94677
6499
30259
46857
88884
5347
30827
91939
28658
87670
89333
18796
28092
63688
80118
12988
71080
79069
11146
32618
56757
91064
79638
87589
49886
19349
76324
17513
47051
26840
98584
67623
34231
68138
83294
38437
2316
61168
36205
77314
99960
46357
99844
30832
14444
31177
69483
77054
76591
40354
64505
63485
42452
47526
33171
23982
34582
30884
79225
20167
25717
44687
60444
92524
61682
27545
37186
96629
94088
71197
34623
57915
53154
513
29298
91549
67115
11965
62111
89730
89829
45049
48660
7607
59967
73557
43104
97395
76478
98414
36580
35781
49027
77107
26206
33658
38041
91990
89439
18241
32436
27282
23123
61016
23857
86995
12360
609
68452
68598
57927
35618
55489
90140
49155
32577
69100
69423
2359
82876
35152
49569
64759
91137
50295
2303
93025
13390
38970
10817
92747
89026
10611
92787
7636
57527
19244
50324
61839
52859
3492
74572
95933
88128
54894
24895
57879
74329
23275
4810
26977
3888
27210
90723
2461
1757
69574
58376
36477
94779
66770
12644
36543
26501
55217
70374
93051
7865
28612
90981
79511
22110
20488
78550
46189
92921
75475
46631
43703
67169
26971
60271
8218
2562
64170
65416
94213
31659
14811
88537
93540
70723
66663
7417
49984
77420
38335
90194
88749
83189
49828
13113
38377
1801
43372
6598
1220
55638
57085
41174
62752
1075
84318
74653
83331
87595
13507
35237
53176
43806
63417
25353
22712
68622
41163
17263
87589
23039
45779
85006
97570
52436
7003
21223
14600
17981
54462
85727
83399
95948
97305
50347
62818
79932
39980
12458
7032
53753
64570
52633
25271
68325
2698
82591
65598
24260
66790
16362
26299
91063
35691
48278
71723
34779
7228
70041
24452
21193
2536
38788
62251
44859
99714
21886
53989
19839
22247
4511
87476
58803
88845
6820
21255
77684
50013
30114
49790
85842
84201
69468
81514
37009
29701
63017
60467
59821
66278
30555
3465
32249
2255
81253
9294
83631
98470
40145
29992
69635
22018
94986
37474
27269
6234
76998
93382
77930
63097
92332
9502
76989
43196
97548
54176
52063
55211
81561
20359
6720
80392
26450
67102
97214
1559
31148
15181
33020
24138
87343
24485
6005
25017
52951
49793
18867
95225
1807
85105
98480
8990
52973
98011
8014
73274
31621
92772
90854
41829
47334
31040
15627
77899
84635
28882
61659
56704
23549
68653
21309
49958
95302
48962
97721
79984
69900
31230
22115
27397
23228
20932
12499
73304
69634
60725
57054
88840
72339
99861
57376
87789
71782
56907
59593
27585
41240
24320
38945
8099
13649
51256
10380
34214
80723
31903
68957
11658
32311
44063
91468
7321
1337
28294
19776
75641
8237
26053
38911
74519
84546
64089
54665
5121
334
72275
35014
95210
97303
22225
34297
50254
91823
43762
68541
70710
84055
81327
41171
37676
67853
95763
36402
75763
15019
31379
92717
59498
73790
45273
22359
50533
54328
3149
1119
40017
97393
29251
51299
52071
38681
89522
91192
90628
33362
40090
95310
53002
76304
65530
14602
51927
60566
86938
45309
48688
87278
45317
77571
5106
67183
65667
9614
66462
47338
91455
82856
64527
57266
4762
87485
72782
30240
36197
28860
58785
45578
41596
86910
73855
47998
90289
98093
63475
22873
28786
47258
26308
86153
40372
45917
40539
15771
42994
25279
26128
98591
35269
25769
90262
38068
33921
18549
76218
45923
20424
40258
44209
27198
33611
1674
7159
53784
6033
60807
7507
24302
53622
97491
39621
99583
46516
88435
21822
69221
70377
81866
84665
47915
79981
9071
18139
6284
30428
90699
34166
72557
56587
611
64562
39944
49777
34170
85735
78320
13250
82226
23695
28219
47254
52091
28851
51460
87336
56285
27109
77590
92691
22557
49766
7485
85028
79748
94295
12583
10678
9331
44951
91262
3607
58319
4436
10975
57570
21692
28782
12491
23917
79967
93712
18158
37739
98171
4991
14816
84509
42424
72922
52807
68852
8706
38581
47790
87694
27592
67470
15387
53797
40837
96105
44647
35493
25927
1802
27605
51526
80358
5704
88084
46887
59911
58467
8889
94549
77678
10121
86969
58244
51553
91548
17679
17335
28064
33753
58996
39582
37606
13622
21304
57297
36767
64776
22887
89361
24689
1227
91318
80567
66623
11880
40153
37879
37349
97076
47011
8670
2737
98315
2755
95925
45279
79353
42069
84626
84210
95414
28791
38177
69739
60791
87970
92100
18280
44350
25423
40191
61626
57975
94584
34335
83375
48615
9292
39028
42176
7293
84744
98449
23938
77403
49161
93970
97080
53474
57
22255
53406
32342
82986
32754
88203
41339
53982
92018
33576
8304
21527
92303
15063
55337
38853
44366
71427
13998
28402
45361
97660
35954
38274
79703
95311
85226
51073
11307
41300
59351
10682
11747
31756
69003
39142
99682
52015
1035
13546
61123
26434
10800
24625
73026
29043
28902
5675
95564
65234
77285
17258
53652
59454
52756
92474
77771
42193
84382
75693
22550
3938
67468
11424
91622
5476
81720
88965
56245
95761
38882
51793
79622
33999
53707
19672
46566
13214
258
16519
71055
28492
93936
80278
92311
84312
36967
8571
60437
55899
58163
3849
36932
711
10921
61094
22831
64535
17466
25880
28516
96118
60254
88516
49666
77062
80896
34868
27367
59898
98115
48953
43299
75883
3156
17369
46690
49426
16239
10608
40700
21571
80756
1336
14056
34031
91376
81324
41454
9386
2097
46083
37225
55556
76679
97809
74607
69710
34432
14662
48821
90712
42001
57320
86311
41954
53885
92343
96546
97241
98341
40800
44485
62548
73439
34600
67582
84758
25673
14517
29468
69375
43
19213
65922
64165
39630
86798
62061
96248
44523
92237
30905
46561
49395
35970
32478
54084
57542
83692
93390
20752
50313
57977
15724
74805
45312
38715
39953
60404
90747
2476
13866
8145
81049
98524
10896
41344
93098
64888
16463
31276
48134
95206
37288
49714
93245
23273
19411
57690
11779
19300
69779
65578
20799
47033
23435
50274
48558
84184
57546
97569
14227
46671
54774
92726
41009
87228
22828
99275
80341
20927
90840
2713
61688
56681
77958
26792
25566
11081
39198
90744
28013
41322
65695
56403
4948
96296
15417
91207
18831
20853
66679
52300
14602
87813
6133
57875
75939
46216
1843
12217
69347
19584
31791
96796
87067
87835
28532
13269
7313
48973
10762
33591
68425
11674
81502
3304
77044
71452
9658
69867
75711
97467
55263
27021
56402
3100
33493
33756
24186
147
47503
5211
23096
53765
8784
4254
10291
43580
22887
88716
74164
46
87517
69839
170
1607
45909
92621
27723
81501
96339
11394
4143
65492
55454
36856
45008
61232
38447
72520
83844
19444
78215
53106
79596
43681
92596
94678
33219
51830
95823
85957
44541
55194
51415
72512
54314
15314
3147
42894
33341
9190
87692
39378
13531
78388
55995
27969
11306
1333
99472
76645
59230
54116
30074
51431
37440
54424
56201
27698
25785
26220
87921
45007
72862
59487
72409
17783
64988
4562
85774
3131
56087
33745
22858
5529
81023
82874
60913
37483
23651
80782
73513
40649
89369
70309
50571
54629
57128
80433
18597
92988
2624
35649
25904
74565
65291
46642
82481
76013
34577
32169
82848
66481
90666
66565
74945
6684
45954
61483
25950
2137
74978
34895
68633
33165
4768
87131
56422
2416
42280
95863
11317
49076
46824
43987
60134
28579
76698
73952
22682
5343
43462
68227
29938
44236
20785
59816
40373
23568
27211
37583
303
87033
72606
81166
92252
9528
38161
32401
38931
44841
86575
24224
67484
68399
6859
28124
79063
44195
34799
90607
99671
39292
89827
38999
66796
92588
29427
736
4959
85575
95235
18982
37879
41829
91407
21428
75668
85689
79447
59584
71444
47912
38991
23127
68005
99655
21657
97770
39335
72262
5127
81519
98315
30408
16095
59092
20063
9919
19814
32030
71438
84435
35765
87214
37431
63039
71349
75599
35345
4782
82676
28267
68897
23265
85444
9705
4421
37485
77931
28399
78879
39432
35904
59387
45007
67250
92313
96363
50626
9441
27692
2821
35268
14096
33132
38581
79211
96865
19705
54110
29040
88388
29685
72602
70226
31384
50317
66325
74183
17317
52191
2452
29870
12591
92183
58961
87067
32970
71319
74961
5252
39811
26736
28009
60072
67729
1949
74935
19513
71300
50601
16945
57444
94089
59419
38408
61554
70963
8743
27145
8446
68924
16725
91671
91565
51471
35075
70147
46620
87904
3762
44345
5740
47034
41418
81381
678
38718
79627
53595
73741
98537
60140
18164
82855
32780
75091
43568
7008
36819
50530
71000
61417
98734
32482
97845
29484
49000
80359
84922
35918
60740
3811
45954
35719
98118
77858
55315
50748
62188
71652
24638
92856
37686
29142
93217
85879
51826
66678
15553
19015
1461
31882
30127
35026
44366
4326
28280
63042
74778
10982
52270
74176
35
47998
24922
51893
13607
54098
88396
61536
55282
9239
6339
70443
37289
42593
60524
30175
20679
50449
14687
44613
60683
68427
78807
2458
75122
29421
21321
73118
53701
43835
90307
1547
19148
77047
67300
14976
66710
93331
64122
99764
49414
88706
32925
84775
63320
41985
13522
35027
21592
31442
83434
2844
83794
38864
65762
15784
55817
63823
74527
35630
71076
81525
36274
60221
22297
72206
76996
90008
5613
15647
68798
76113
52050
30605
73550
61848
10107
33907
16202
26508
96269
48396
61644
17436
54644
58332
40602
84846
5787
37488
20550
15785
10413
48664
78369
46888
37764
90407
2753
78283
5581
30407
84962
91733
85167
94073
56157
22336
26290
65123
59974
4107
71534
88217
96930
31407
96310
30931
45461
17289
72731
96773
88856
15359
90005
34627
55071
74071
78994
34989
22900
73288
33911
21409
96365
80286
54872
79046
92737
75018
14798
83168
53459
61605
7260
15484
80417
32959
77955
5655
52722
30945
53694
8052
76379
46577
41397
77981
8804
78952
1704
79238
8456
16130
60116
30565
15090
13643
99467
7016
38750
99777
19668
49278
32571
74134
68566
82374
48314
75191
98734
95927
60471
88250
81586
87836
28978
4113
1314
63416
15766
13574
56984
89567
52672
62949
57847
33400
20720
93332
77942
68917
11488
47006
74093
11611
88244
56525
21962
42859
43954
2146
4154
50550
57658
43675
55776
90590
86502
18902
48109
78237
4866
15536
48620
66194
35511
29641
84984
36188
23681
93071
16807
44550
52470
54139
59478
72795
30054
39470
45541
96766
58166
29713
73100
73207
36285
2559
4115
49959
46725
19912
13187
72831
45941
26058
19518
29372
97550
94533
39621
86930
53029
69359
12464
95694
28550
66235
51029
51688
37500
82429
77163
3156
4670
88971
90918
81806
17344
96243
45422
38005
25845
9844
23472
41557
75734
2784
47972
38674
36791
71042
46658
39116
75421
73416
14120
40754
29984
55529
42684
57288
18109
62444
95249
23875
86163
27683
60527
15357
20066
46884
4283
43250
5842
67396
60664
69387
61051
11509
10445
67080
22568
49296
39071
43865
550
22147
65692
21225
38991
44678
24028
72531
36527
91545
16093
73946
99415
11495
38313
9136
84855
17220
58341
63249
68710
41283
68140
34688
64740
96204
20424
87494
17255
58128
84335
6784
96405
47538
69476
69283
63582
64755
90030
49552
14168
9323
51476
88164
94431
69228
71352
36351
9153
21645
78972
71262
56459
20408
77767
52994
22013
14350
1306
84617
53654
55955
20022
90564
18550
68261
95906
19785
75929
28776
70138
72470
83609
35412
39259
87209
82722
54548
12450
2356
96826
25189
23525
55872
69739
48583
57643
25083
19139
52622
53563
18488
1504
43646
22920
38013
99484
44307
60762
40448
67272
81931
85554
53696
13825
35343
92209
31500
12060
74727
11861
2306
13644
80909
33128
90332
20031
4615
16513
62620
7039
9400
33804
2624
26587
3876
23885
78425
42528
6402
29772
13478
39260
85038
24738
59990
90963
89112
61365
72058
72938
24206
26623
76993
77428
17214
42901
98236
42705
17914
11373
91175
80057
89140
35796
2290
43034
25433
23707
61844
40922
15214
21367
62292
88617
4222
90955
49994
51257
93916
91178
9314
83650
7003
31760
90424
90314
62411
43340
79117
73058
97510
29491
36156
32599
71058
18768
29326
98216
31008
36996
24591
6644
10073
25191
73326
98042
58628
99426
22610
86668
54257
20167
45199
13142
72146
87013
28125
25062
42108
33757
214
46989
45793
66876
2169
45528
22964
97575
10598
9015
4708
12300
97980
59992
20357
70422
89288
99813
89368
83257
39538
73810
69929
5446
39324
51611
31007
46202
49192
96262
33483
97081
14724
73355
65811
11107
34898
91296
97982
5302
20315
57509
65706
61284
23171
86870
1802
60086
38612
9985
88549
929
24135
41575
78233
11926
49713
98980
2290
76978
30427
6632
58573
22152
21096
68385
17167
90971
88732
58576
83415
19316
81489
56126
34559
6161
22754
182
86447
43652
35396
65631
8810
75445
46024
94617
92852
62622
94966
19499
53188
48660
66760
1405
25723
43501
97741
33139
85252
75158
37890
22293
36137
98083
64366
35788
369
38518
19597
53756
80263
11951
44582
36956
37497
28476
73565
99681
54608
7577
81897
75890
50380
60021
26949
89422
43819
39384
64298
74709
12164
39768
74750
722
27310
97200
60327
77679
33161
42676
18356
94083
22124
33583
97227
18099
35740
78540
27042
81478
36971
90038
45612
63673
71074
80685
19316
35325
67845
157
21003
13861
92644
82084
88922
79927
26814
7924
9879
48965
67388
42394
83959
13937
4990
96927
75986
2177
99023
35785
40333
68568
49950
93300
29300
53915
27538
71085
98991
74454
45723
32665
35872
52275
45359
51350
14548
22883
6322
46654
61004
4409
24525
69369
69646
19685
50005
39386
77133
39596
93521
52558
27752
68762
90470
1738
35555
88107
38065
57958
93308
6675
76685
54463
5636
48493
53967
93930
65422
40243
20512
83985
94826
65168
17819
24322
38566
26441
30115
42826
52778
22858
3287
33101
25482
10948
35639
675
41704
97281
61252
3522
37554
24466
97628
45519
59610
49900
75
60211
96753
55935
86482
84199
86958
73889
30777
10700
73335
16948
25986
52180
7272
77246
22961
53364
98910
91747
5888
1112
33242
23850
8026
40167
6449
87946
93616
85531
12672
97006
34248
43288
98524
75686
89664
79101
66976
30016
64629
14670
64280
17414
11691
36133
68273
91780
53920
13417
79832
37388
5236
75446
48414
42951
61809
48479
80858
19843
62720
16810
76872
82699
20332
47096
47846
65823
57285
25503
33259
44034
26812
32043
67192
80600
75232
44672
43067
15681
26577
19291
19338
47269
13349
47061
63488
13267
49525
38272
67856
14947
90441
1999
14084
19474
16558
76982
28032
41121
83454
54369
66667
52947
33468
11463
90429
17506
19547
14015
15863
73872
60854
55757
44468
40915
52577
92064
9114
97652
22028
97550
13956
88991
1549
43818
11938
12981
88249
72580
79031
2963
13019
16538
49705
71241
86421
37488
48012
47545
29604
50629
23691
72602
65533
36846
66118
36767
58382
31241
92672
78223
49110
44577
28504
67093
85187
34607
67910
76870
63430
19299
36510
41457
5720
2076
85014
36905
71252
33799
95152
56866
20245
30734
44648
83535
51281
68935
60330
63171
58882
62086
3390
5202
49759
87490
82404
80735
82667
10294
24221
74456
3990
99911
64228
37466
41000
41926
8450
70899
13359
49940
92142
67909
57136
71476
42448
10793
89274
62153
83695
31562
15528
34098
22233
97074
89903
64659
98547
87887
85658
35128
64343
21388
85921
48446
70262
46394
1054
33297
16885
58746
68687
82418
20855
11053
65926
99747
7203
86607
25170
64872
14019
5936
8235
97952
93948
73424
5509
90063
21824
47187
74839
60380
72787
64483
36367
71818
9544
85092
6785
60332
3923
62866
26604
1345
37668
17094
63339
72164
51724
51820
47771
14294
74770
21119
46805
47553
41389
78711
29453
99063
77964
60246
92696
41322
78246
39288
29893
10793
98846
16802
22500
56408
63439
33389
28092
35720
24652
45458
99566
43624
44126
4841
97063
78572
68353
74467
31354
36036
36762
1066
26250
72297
2506
83907
33405
86948
22545
21452
79625
8356
7167
97544
75542
96283
62968
14660
28610
83285
65693
53738
80004
69271
36225
44848
14934
34489
24883
20842
19013
46625
78500
79732
86959
23024
21375
48085
51871
31370
51362
24414
5341
98834
90727
10020
27609
93087
19818
85967
47938
93302
67442
37370
80479
56630
59057
87513
77606
52737
2478
67793
81876
92016
89319
12101
5790
73883
32552
35162
30610
36425
27514
65462
47712
54420
31100
59803
35952
13792
27391
96888
36115
5845
4362
92676
341
56829
12749
65010
4861
80723
59562
95293
23713
32971
37620
55694
85236
73734
58398
56301
85661
62517
19873
31485
76707
69063
61273
49360
98423
31470
71822
27018
64628
27274
99786
15618
57290
93411
84869
50361
55428
76810
87788
77013
27720
5446
14217
58981
46697
14091
1864
70638
432
6251
80119
2626
69351
71177
31424
41154
57808
48804
89880
31681
17006
55400
62896
89209
38680
79313
14479
27707
23048
58878
34714
3378
78012
2050
28796
41227
89280
3440
98312
79432
98097
88941
75645
30807
15667
31910
16395
15663
21222
65771
28717
11772
51872
42310
85368
62989
93160
43665
58806
57871
6616
51985
21213
99251
65307
58241
55934
33625
73979
33441
48153
61203
88494
95640
69542
72029
37123
47464
74053
51717
95819
30215
70788
45386
60372
71833
25521
29259
10575
4038
85669
59092
11954
68500
23600
40722
39782
75491
91800
13966
46075
9252
89916
64184
71559
31598
84739
51663
25922
88305
70117
8349
21847
84332
27793
89223
74571
53304
93052
29178
95829
48385
95178
43767
38424
82901
6650
54646
66009
13549
96835
12475
44468
67175
17240
5007
34133
38747
60285
58333
2124
9094
91417
64935
74218
93401
19552
59244
81311
1521
51625
73769
1340
92937
42842
13435
69381
54181
70530
31722
94265
31443
5869
15075
54508
41122
72025
29852
56404
76134
18398
23405
19028
97952
36722
36746
61749
47683
87809
80051
82520
89086
31000
69392
46681
52920
36624
51016
92603
65557
22524
9079
3487
87661
98371
79654
38835
98805
59335
29835
67904
16869
29428
88583
14945
35910
45166
83624
23883
80652
804
31553
57803
16255
3683
22290
14825
9587
72668
56345
60233
41074
68416
11281
48365
6691
13836
71296
33068
47618
51976
93077
65786
14258
91769
94807
78178
63302
85391
32924
92919
28672
3261
31559
10146
19196
46531
28343
25101
75549
31688
37450
32838
908
14635
1143
31057
68573
44841
7348
77600
2511
2307
57310
5589
90474
56519
32036
72032
15993
58868
90092
31008
23935
79948
90851
61530
26983
34184
92705
47721
1523
62427
6642
23928
8319
3325
74753
35307
40100
75026
14924
76380
47073
61948
39293
801
95296
73585
44222
71805
9431
81036
61376
5198
4547
7483
58495
91804
6548
90134
35011
25171
20593
13269
46642
76156
87441
45689
99394
76364
21988
26238
68628
6806
8419
78533
16767
92410
47080
28005
23554
3503
74752
59335
59832
32856
74808
94440
96645
55478
76851
95243
36474
81219
29
55176
48065
52855
60241
71407
81430
30098
59571
82558
36672
65969
15699
85985
70671
94269
29334
17903
76844
99696
67377
94111
52998
98610
48914
86422
96683
93046
39127
64456
27808
58776
27587
97331
78528
87318
41385
52628
25986
57789
44541
67027
81827
26863
75733
63807
64244
3929
1042
16842
70434
18188
33699
88854
62360
14642
70257
11443
47534
16458
62181
65453
87416
10050
45025
96864
3151
88207
51961
66736
24430
49293
80604
75110
88134
49283
89001
75466
47249
62261
11419
14938
16
57967
6812
38566
7538
64453
42998
6058
5649
3254
36638
53963
27261
10397
24727
16235
47204
5425
77063
75459
222
96772
45122
28458
55222
15651
44030
23438
77208
88387
38696
45529
18632
11689
53960
72212
64819
77189
58428
43676
19238
71142
37927
46851
87683
11922
69378
96998
94076
56566
53165
36014
44016
82333
2102
17851
76056
63788
25633
68480
4972
93856
94122
42948
82863
7925
91696
83331
96075
8618
30802
80821
55520
25810
40224
37328
19072
67363
95514
35774
3132
77740
5849
12285
92955
28954
17510
9052
26971
73582
31893
18981
88379
33929
91481
15576
47468
35922
15989
90372
60761
74954
17528
95276
30981
33463
86907
77278
24687
42858
4459
47442
60233
67883
34504
93814
87483
87457
6890
72015
28270
492
86529
15102
72330
44275
12549
37869
18601
15790
45892
12288
25921
24701
97915
84397
27026
62120
55711
22113
35929
89181
54589
28861
65399
36230
27351
37539
79226
29739
72701
11279
99636
54231
43804
52787
75444
28180
21340
42938
94989
39163
40403
61786
6208
60253
57132
70449
44797
45293
41264
51215
43412
41665
40056
30332
78751
64228
49361
22644
15760
95593
1064
25769
58431
28064
29748
22347
85225
69424
97077
32829
49460
61000
54543
18524
44478
88651
15517
11988
47569
78846
29126
28470
2122
35703
3829
42783
20776
31285
60101
26404
75639
73265
57031
21008
46888
84169
32293
92594
12083
20974
42952
32847
36689
53549
14018
38120
4104
85170
21754
41549
63657
43341
66244
8144
79527
27125
51283
44072
97881
22617
26700
75663
52407
63058
93786
93784
74466
87032
21311
77660
22328
74445
23815
62503
83059
32022
90719
56628
11657
28546
21401
30553
17937
72619
39804
35372
36178
64673
35235
49583
51412
24052
79838
34212
9869
99723
52721
81537
78837
68735
51633
4696
16013
13995
98110
44990
20685
62658
12194
82853
71548
1794
54723
93681
49824
2594
14008
45063
12027
63687
77953
78963
92806
85531
48765
37636
80086
74516
13681
98329
88953
1410
78858
63647
90499
20228
93830
15896
43242
42231
91006
17545
48951
24147
52266
50602
40020
96651
8957
49100
24316
37883
26373
86751
8337
75860
20782
59820
6529
58791
54850
22632
23083
4199
65265
41713
31066
87466
59854
69392
8508
80564
8069
13017
77340
17105
13883
41565
8576
15941
69274
2195
70737
19672
27687
95422
85313
29985
80591
75512
51489
27954
78069
87571
98556
8179
32734
52103
7043
3766
43848
75300
29883
44439
36320
89897
52440
54781
68106
44840
19043
89992
40370
40141
30860
35339
91804
85881
18858
90771
15702
82840
41840
98072
67261
35313
91868
71009
56179
45027
83240
17491
97296
65271
24199
98919
41813
22954
28164
92938
58378
56805
30409
85435
50387
40830
22921
99245
7617
65120
19042
59225
33060
77347
39527
82833
80446
20971
78667
42098
57562
38468
55201
49051
28815
87058
23867
26635
46753
61237
39720
3992
2084
72487
41116
79487
56861
76067
25289
1561
64323
38934
34024
57561
22915
76488
55519
39953
89050
65251
42190
89155
37877
52406
8379
25249
24463
81221
67024
56139
97610
40999
75275
94084
83021
79717
48502
98871
79883
53441
14192
4458
44837
20595
8140
43914
30611
60133
93228
80849
58086
71630
49023
76710
37019
12964
72244
8801
38122
14222
99532
34434
10463
93316
94928
64834
58888
64582
49569
77325
60902
94457
92833
67584
9723
79143
59583
90856
84315
63213
16562
85885
94157
46106
51449
59102
16867
87487
4914
17400
8301
25631
21224
42078
19782
5212
25244
63154
94966
99619
61531
35984
76198
87589
38844
28944
2786
26396
6809
54660
75870
22055
47257
89097
83267
24683
61369
87559
35519
92672
46337
59905
15821
37075
95208
67882
65088
18286
36201
81014
48677
69041
87488
77824
61370
42652
76251
50586
33373
62280
79129
74044
77506
1714
22389
35069
91017
37700
26902
4016
65553
91617
65530
26692
57158
74079
46577
17912
94391
59499
95470
49742
52226
35872
17719
37245
35121
20939
25385
35213
57892
84097
87051
66354
76779
29192
3366
77426
51833
38385
17974
27655
74824
62266
68133
63844
40808
2516
8526
81809
73752
60648
16114
66651
75531
41901
53303
77703
21239
82498
28116
92592
63882
8386
99435
34503
85632
5093
17844
56123
72973
15132
65083
88730
14360
88162
20106
69275
63562
78885
42093
9081
55858
57937
93014
64888
6569
42864
5539
43813
20017
6896
45166
81388
356
83802
20031
26188
9549
49789
22304
76029
92284
39626
11504
67727
35836
83370
10547
49471
69853
56198
24065
11723
11307
77079
11755
34765
54977
11866
49509
97465
92573
66735
82527
94562
84540
17758
58192
49666
48792
28588
9818
35862
13949
59019
92038
71947
67010
78408
24789
39479
88910
51620
67568
65099
37469
22428
87528
26122
43799
24911
44370
36309
49540
18472
56822
57062
30066
40020
63911
52982
90215
54990
59440
80066
44510
92145
67595
27223
42772
23301
56044
51222
19327
37188
19417
83489
26490
75723
5150
55053
83713
24185
30351
76401
45469
93045
40172
81470
56568
57796
5591
88404
24953
30322
91958
67744
38801
37252
11760
97549
82216
18849
55706
62199
37061
95612
36442
62948
64261
6140
4491
61981
85318
36973
32790
20019
78073
95277
73780
76879
91045
27396
14202
5427
49301
3027
83234
17889
37107
45099
62897
6860
42504
57643
82319
81860
15843
33526
88036
54677
4129
46753
35882
52704
65374
66629
5693
27898
63070
86982
24628
6216
1318
37392
43262
49042
36518
41135
31320
35871
12040
59141
28733
5889
883
14645
20188
96455
91146
32722
27552
87899
65393
40059
33158
80973
93475
10353
73989
69996
45018
55772
60263
72926
47001
79113
87166
77345
12451
82114
10609
13596
28340
76143
17560
17764
20772
76627
85785
25117
5595
58937
10391
25632
92292
34987
12115
18365
38835
7421
84273
77518
64198
14301
75027
48560
63982
35431
87546
98496
58791
4666
45633
92621
23272
53467
85929
31027
62592
12973
26257
43440
67538
30288
50057
7504
76265
20452
53421
58754
37312
41857
35470
66299
88964
23688
18375
96696
56990
38017
85152
81554
28473
81964
27305
1378
18907
70899
21417
36876
20241
4953
76699
85337
90967
95429
81259
51165
5657
56947
74921
63312
17602
48532
23732
44616
67277
69466
69667
44404
6350
75412
17447
88865
44675
61472
70014
86553
38567
22368
60734
39774
91623
67200
40362
58515
41677
59184
91882
63248
32215
72730
29770
21394
61015
39712
26695
56617
69621
37045
35143
87773
63235
71386
72687
71780
71348
93798
6880
85618
87255
8804
50790
81164
40474
81907
10710
6528
51552
78057
25819
22668
34771
73379
84567
60611
88308
52060
69803
38441
50723
32359
75469
50101
79778
35827
15705
49892
50906
92995
96102
87533
15890
66897
14470
55614
94363
42836
73769
22515
34926
65087
72927
22478
19140
46975
96917
31684
19797
12216
34314
7354
74134
74065
93563
37788
76961
57257
82648
90245
38480
52095
57634
71457
80271
54949
379
77736
38655
92174
84044
68568
41368
14948
66568
22402
5812
45031
65425
80616
20381
93782
93660
20450
67283
41276
33956
30472
9855
22715
6937
28519
20784
56728
7417
17482
52681
97388
28720
66179
84645
61616
9978
60084
95411
82040
89969
74692
66681
56948
96999
51226
69452
15618
92363
68574
12483
67331
66693
55330
66045
7344
97183
28114
43110
67811
2351
45537
56473
19678
19371
5498
35319
70661
50470
41868
98644
4827
32419
49722
50306
17913
59431
26235
22093
7983
3247
13279
15845
3401
83629
5000
5637
84344
36942
20793
53297
35312
87216
23121
53753
1966
35508
57221
2622
10647
62468
63578
61877
38484
50630
85621
31944
90476
38875
21
47718
6614
52827
14776
91147
86824
98105
44878
32859
52994
10794
93837
42050
4751
14909
14283
22330
25477
18239
49325
7952
85244
39376
12716
38521
79091
40752
4129
61656
40584
70107
25167
67620
41441
38243
58068
25680
21750
423
97926
80494
1237
5713
7872
89148
50600
4689
74675
18955
40013
20287
24221
68149
93079
80059
50571
13982
14767
7834
51374
84042
19862
36326
63925
90918
19769
4148
4122
66775
79121
35609
16445
48551
32144
84833
21869
99104
10700
81226
4126
21173
84674
37332
51684
59792
44791
63973
72339
13569
76678
22209
60169
74048
1349
11225
69936
32458
88929
81482
22352
1408
37372
30497
39699
21861
34928
80351
34179
3122
38481
60883
62289
13557
25995
7402
97424
58749
96401
8327
58757
87284
37051
37313
96786
57127
55115
48231
61887
33001
37530
67640
55690
17653
29239
94252
9
6192
63067
55153
49708
40873
25640
391
67094
62169
63445
10387
25421
39251
78092
69246
37960
67984
61076
30940
39779
84593
18810
68124
32855
60430
89111
46220
178
68189
17871
10806
55473
80132
11935
2422
40978
58356
54740
32182
76584
86899
68648
37369
1408
60070
13620
59605
95878
50640
11708
50416
37619
36324
72085
50806
93977
73944
85432
43647
77033
68909
60995
37495
69153
11545
73674
35944
35666
42219
48464
97869
40903
71848
68324
26135
7770
18351
49682
12262
52863
68701
18768
81158
29927
57428
50706
55219
51199
42200
66477
64459
97722
81401
24265
4652
50054
82140
14594
30798
27120
15584
77666
79361
55721
72545
94914
67930
76819
51919
42024
63545
83944
60870
19187
25206
30662
52467
24450
31998
98746
918
63020
679
62888
12104
11798
62476
88955
2049
86741
59671
24419
20052
71071
15193
18105
74537
14730
29376
45574
49321
76442
44679
87505
4423
73581
12553
93085
79228
90116
14317
15219
19444
78089
76599
75142
50326
69436
16800
39768
10192
70663
66692
42808
25317
39488
7228
28697
47945
45097
31165
21481
61741
75644
4069
77186
17198
6220
3290
6577
13043
26328
97228
91487
20637
52444
33115
7296
52204
62587
78417
63561
90968
43633
40582
91993
98032
53659
72090
84999
57230
18361
9754
32254
42322
54878
42460
21634
78423
39242
59461
90554
87050
6263
94831
36926
43696
55883
75020
97843
95662
66691
92193
98534
97344
52573
71156
29292
79041
17332
1630
13209
20197
39787
58395
18423
52666
45055
71110
58535
9353
77231
50774
45480
19337
90673
48411
5572
12050
98856
6085
92921
22481
58322
83300
32863
88972
31390
45717
15160
9129
92295
3037
24811
77368
6466
27876
36843
1430
24120
30588
65004
34770
80098
31247
32406
98883
7280
2303
95867
13512
58290
26009
51204
23318
88239
43028
22261
23352
10036
28009
80014
33521
58479
67470
64422
15206
10198
19666
78062
21499
37307
73572
54880
55827
78195
55505
89752
38638
54131
83520
3169
49790
41972
88055
80955
3417
32422
3663
31237
54287
31701
58882
44128
71516
29343
18227
48284
48098
24484
53171
51801
87346
12479
33903
40726
13073
12374
59639
63685
6543
40741
97355
70645
45332
36229
46104
34133
13742
22072
23092
4880
71315
17488
89159
71468
41549
32046
51192
84361
99952
58217
32450
53293
82245
30524
81218
63472
6889
33033
91364
19443
86184
35678
34038
75999
26056
70769
77856
18805
7050
98397
10612
94559
62293
76266
88215
12802
38641
21077
1128
29868
78524
96819
86402
88783
70031
73940
84578
34508
31782
48265
7703
21206
24043
90007
70626
3381
16386
22828
7678
30725
43929
62986
91016
59101
52552
90502
55906
73801
60500
82179
95458
35869
6734
91570
45464
80310
16530
13038
31495
57984
1778
97364
99850
92203
78786
45557
21174
43582
51877
17301
47240
30645
57981
13702
11867
59534
86973
27133
50167
64619
80473
11276
80056
71048
18925
56398
67751
63718
55435
75370
27611
17368
7769
94810
89516
44662
29559
97336
71655
38754
76447
36193
13632
54404
78290
87231
84883
50617
62005
65478
45483
61781
81363
58005
55927
76999
27318
82014
55877
17683
4420
68658
84742
67838
87328
17669
3911
3861
39378
34120
13202
64378
89000
8511
60466
42443
70426
42396
60203
1139
75132
25829
87100
362
9739
16827
81733
38223
42852
79
98858
34367
86930
50845
17084
4273
65110
52794
45196
61869
4359
65755
69929
43295
50291
1431
17049
77997
9488
94575
74964
52810
83214
45101
36389
32806
15773
39497
49537
2461
28368
97281
85802
62685
29032
65224
59875
91994
51200
24960
5279
12432
78476
92723
72858
13528
65366
57077
87728
70054
92741
97484
97869
25407
46820
68048
67948
62749
81875
33775
970
44619
21110
53218
89841
472
31248
97172
15283
94650
31909
3140
40208
20546
72128
94130
21795
51536
14969
45079
56941
99278
61238
33727
52819
49346
1523
45699
12669
39907
72475
58821
64534
397
87787
18498
28812
98576
48557
84516
11640
29789
51833
98374
40388
84207
43179
12125
28130
20254
93746
14174
78488
32828
68160
25827
10516
88950
96200
9200
45974
57568
18207
21606
58571
80520
19366
74675
49668
12719
15997
27758
55269
85862
43759
39783
50841
43213
65462
71980
69367
41669
45514
73253
61779
41278
8773
27580
3180
60175
94232
1211
63712
5650
25001
42789
97763
55373
84909
14342
54408
25241
98373
57366
68987
64396
94307
34195
7788
90304
75927
43023
96304
34060
92745
41110
52064
61904
50067
80787
37643
26010
98343
9812
76664
32322
832
86774
14370
7922
95032
42828
42155
66407
9209
64032
64272
36482
71014
53400
82541
17370
39691
70520
4134
80137
73020
35373
90737
51567
27695
49753
10476
90394
47002
23915
34851
49068
86642
63179
40506
51904
15608
1739
70916
59363
29232
34231
10995
43553
24242
88004
4140
21735
15238
73516
44714
66055
15192
64982
85237
12167
32858
8256
83064
9530
80788
72282
8453
70140
78906
74630
5479
60315
9413
32192
65665
95905
88544
15037
26910
61800
4584
96947
60691
61629
28686
14931
68770
22342
76160
33884
58418
41318
12756
35878
78235
66305
35593
1885
93739
39167
84565
87352
43692
65528
43168
51773
12995
36105
22563
93985
56407
58434
83214
17295
25781
75262
26218
74854
63819
82828
74896
5653
16291
60566
87437
13283
23831
76220
88229
34577
4859
98406
20339
92315
81692
3919
28001
62999
87403
31700
65647
11256
57162
30123
74465
80933
60721
57145
66586
37065
35194
52614
50858
92654
1087
60267
98008
67823
98208
39401
33392
95790
28396
19139
62047
4837
24306
36602
22229
46059
38130
25469
99456
30563
10784
14696
69100
61871
81129
53083
83227
7816
99516
53050
2775
74049
2061
14912
15936
24726
85090
80501
81303
51539
34316
66799
66320
81445
68531
74926
88132
40741
28617
84274
50470
48715
2635
55909
81532
81339
37296
45253
75872
37583
1511
92968
4150
71554
94183
35544
2207
56099
69094
7650
53973
68502
19066
90609
69107
29051
79046
70913
78769
91342
99452
67060
62660
11833
89240
28949
39562
27830
86867
93707
49750
90590
68091
22468
23056
64986
77053
54847
61351
36390
56469
36963
59210
33249
77592
4117
66773
63673
6612
85173
55758
39408
3558
87047
8683
19839
37603
90937
8023
75694
10557
27307
5208
69555
62471
20929
76933
28051
75439
77048
71881
68894
23487
33184
25322
77489
92901
18932
98808
49782
25429
80645
40849
78276
82590
43937
64410
78531
43169
56138
87479
51077
36115
57958
9985
86932
48607
47433
8993
69287
74500
74298
46762
78446
42400
20769
72536
74035
4489
49721
13388
1436
73842
96588
11736
49621
68584
64065
56233
11899
37904
49324
50676
52224
67790
29487
13703
8416
59549
60727
39553
61465
9665
12827
27617
41680
10776
57783
78841
75266
81715
71746
95772
81571
39657
11501
8308
220
72904
53926
4580
95997
64326
80253
74548
78603
95894
59914
35927
89598
60809
10519
22706
81992
95833
3605
57629
97257
78355
39020
78158
90426
33324
94848
88410
22826
21747
97805
73151
40896
22184
13579
50471
94768
87433
24437
39590
86857
23053
49759
63071
38337
72515
6639
89261
65516
65989
3859
5855
50594
15546
95101
76658
63006
73740
83053
1887
48781
39233
64296
45241
27991
70450
95152
68729
20505
18760
56890
72726
96473
6954
83783
71854
55302
21346
12086
17627
74046
87170
34893
49210
92666
65639
56766
80134
5110
29162
17950
57346
78353
22952
24612
95608
1870
42372
67654
86588
71837
30346
36451
29738
63532
51984
78700
42441
65216
93704
2594
79117
28278
96505
40501
28640
79722
16934
72036
12261
60560
61836
39171
41067
90968
64167
96153
46022
34661
33764
43555
9631
46292
58555
21503
9978
22392
12438
60470
81002
65669
21895
24955
14798
7272
81719
73245
11009
15340
82007
57591
11325
52837
68519
51213
14699
88047
21766
14624
31647
15913
57687
56357
25851
75268
34510
22825
26319
73210
29082
48869
78826
65065
30552
10664
96823
96220
31701
62488
78240
95646
28618
42848
68623
21497
7306
40728
22133
81523
69032
45745
13423
41218
78925
20743
40361
49123
29040
49428
64602
95250
79983
87155
65478
82695
69375
28556
40124
98150
47470
43297
77336
41192
8366
83424
68819
21473
63039
50534
72027
21453
29027
69791
58677
40098
71315
63988
36636
99186
72948
56487
49751
98396
68420
40499
33440
14003
20816
89606
17926
95633
96296
88601
13687
77916
13725
76798
60630
36533
22577
12605
21539
19950
17313
78
66709
80877
14705
62420
76814
31787
31274
46191
3014
63961
11912
2307
52159
27442
55348
96950
8307
16300
13681
87597
86748
40758
39297
23822
93880
83989
41412
42720
6055
78346
37223
71124
10418
51389
88027
19108
80307
77384
87611
80175
9674
46802
64393
91215
25487
87818
57029
8094
64451
63311
17855
85270
74105
74843
45259
40099
3339
38187
12341
94309
68179
63366
56752
50543
56989
13669
7052
55045
71841
50017
21447
13225
9484
94744
90927
28600
94778
11631
68005
28302
52145
52518
59380
55157
70637
28903
47826
46116
13188
87925
15660
40307
44895
38852
10780
41096
35208
5559
60918
71114
72475
26599
98441
85038
32356
58602
29651
7719
7658
42
30354
63109
62604
89143
50051
51061
51772
83791
58698
87892
12129
30581
44560
68942
7939
52754
84565
57054
6358
15128
51543
76950
62730
60057
89662
53659
55196
68054
67195
88815
75086
56599
28347
74943
94292
13483
13983
41318
25262
82149
57399
69266
51594
90914
36975
1662
23996
78705
77645
78632
50462
94237
87304
46672
75527
97243
99549
38535
22861
58062
89834
92563
15065
92471
53121
66992
65549
12494
87031
46486
61035
30531
53418
34817
74612
71702
70411
80067
1019
15189
96114
55817
61203
99389
13475
56719
52246
49134
98326
89725
4627
22452
16267
26476
22157
42652
55698
24968
8677
7506
88256
96312
69683
34407
44479
31608
35602
31014
14019
69589
20250
77441
49694
16808
50313
81941
49249
21937
48100
38146
3367
53456
61852
86138
92220
56010
32672
47129
74791
84626
70244
30652
80751
46000
42593
90384
81455
29486
548
78787
13307
50347
58247
81671
11467
85294
93279
91603
89996
39690
67352
26778
37674
12739
64345
31386
87776
96477
78906
30164
84610
22417
23347
45496
20722
27330
43013
63147
94592
7701
65256
50729
89582
86162
90690
51495
73546
46581
63879
51006
46939
23135
32350
45016
42709
13336
25307
12601
30803
84593
53481
87674
48574
72517
2982
74930
92816
27673
25817
56437
87325
73933
28486
31807
70589
60661
41907
6479
73331
93406
33084
36528
19427
67186
42584
31608
58230
13949
13722
1120
91739
29197
94041
25988
86427
89815
35537
71647
83865
83730
29517
68997
97282
59544
91645
46732
17299
21399
92833
53077
98341
10930
16043
71656
33807
99177
44012
65357
58272
145
9191
21761
45605
72288
73046
67851
93394
32073
49604
76671
87804
66996
51172
19975
70289
88867
96881
16800
90325
95932
41483
38007
53859
78713
69531
50578
91654
1112
73345
9387
77442
35674
40653
2519
67554
82959
14998
70484
82924
56119
38826
86483
34781
93956
24858
8742
499
16600
46876
23060
93175
44922
66316
96214
86616
15764
13577
74098
7787
11195
41128
37453
42655
92139
57363
22496
38208
94844
65495
64572
79874
65253
37287
40781
56484
33834
52201
71092
99416
99594
87311
10916
98779
69260
16215
2641
94258
52424
49480
64659
15447
83271
52468
13184
48131
27665
60380
57770
13082
64072
10706
86766
81009
73899
46046
85413
89806
8504
41448
2589
29386
13034
88301
24975
20506
25971
46609
14513
19123
59474
26790
17805
50085
68712
16564
63376
55825
19266
3379
62375
42174
80572
13033
82751
1491
37613
63238
77306
99551
74054
63535
31401
83183
74831
50553
52993
29910
45759
42429
36460
67274
64112
5168
28856
12
71714
21784
30313
79679
21723
70495
80484
90873
36958
1678
4678
47848
72850
49305
71647
47202
11231
89305
99860
27901
47724
37599
50917
54862
55259
70470
7782
54853
77850
42089
3134
58255
71706
39938
35348
95863
19204
74491
28228
95862
22438
81746
7265
82851
45757
46898
97120
78722
25994
14858
15202
8276
30086
40807
64887
36647
59226
55918
83978
88347
41320
51218
15120
65126
97358
35013
6286
68448
29129
20081
8176
39840
75608
1389
46063
50023
30506
25098
37954
26844
50934
98286
62850
24353
79549
78321
56388
8246
543
27097
29958
51501
24189
2782
50204
17116
60941
11040
74054
50005
63883
19178
81172
11470
39336
55488
19536
55461
98198
42533
4155
77559
65767
13144
61269
14286
8799
36182
78172
83188
60485
41863
83633
73105
18467
70528
43213
8429
71599
58791
47894
87506
78148
49695
39997
58860
21349
22974
60968
6747
42106
77238
37964
57998
75739
23234
99392
7361
6444
2915
93144
51875
31289
7846
78911
5738
95584
20824
89597
25130
38333
67708
96494
48099
82133
93657
73293
56433
95727
96799
45689
44543
90411
13645
51920
70948
69567
54566
36888
7753
74147
42640
54952
79824
9263
83365
76532
78668
56373
89919
19892
1113
94212
78556
89772
9011
78303
40579
99042
68250
61445
36077
52249
13389
27618
46998
32870
29684
58063
19451
18764
28826
68002
41988
94243
88173
16924
46770
17746
50803
15435
34157
49730
56498
89604
35239
93903
35226
35546
39927
18616
65956
55755
81881
82457
69493
40847
83639
64149
18091
48760
82504
89552
49116
55917
20945
58572
77571
53518
17680
99766
72924
98293
52740
88751
73862
79634
86558
25019
72551
93864
82864
10250
49032
37447
41648
62823
65834
36671
17728
35551
83870
43576
39514
56599
90519
68336
64870
78217
482
45547
88792
69062
18030
38145
50187
79220
30864
13469
87135
1678
1637
65088
25473
51476
34372
99166
16655
51397
66310
59771
4459
57365
81945
24872
56492
53956
9817
23287
28930
27366
12204
20958
86816
89881
74695
5695
2887
75763
98797
19556
79571
16849
74906
41120
65600
65436
3948
94422
23323
80673
39907
86459
95876
11391
70459
16911
63492
801
9696
37956
22262
24770
22454
26157
10314
40526
2526
128
38236
33963
62151
98132
13980
86769
79760
97767
49504
11583
95612
66081
86860
6721
46663
27267
16150
65916
93840
72207
47665
70863
15749
35192
76209
99678
32005
71279
7151
60067
29034
96823
92534
57419
16383
70370
99666
4061
47922
98638
51295
74416
99431
39757
77475
10952
16836
49755
78937
62356
58992
78502
88612
73014
80858
87602
49974
32394
86056
4042
11294
33034
11138
60043
12303
64370
43379
72074
64573
42977
40815
81585
86736
89680
97429
60338
19640
66607
65968
76732
11771
92083
80144
84271
58292
79439
42221
1490
92825
34412
42058
34445
35876
71280
66455
13924
1938
92496
90790
89316
83780
31886
31145
73930
54711
58146
80634
91114
73798
63952
14617
78129
31147
8457
6149
83174
67962
89734
67610
237
53650
8381
57990
79108
81542
21009
54714
6123
14756
63491
19218
38253
24483
83054
35749
6626
76565
35722
9775
77333
6225
50023
22049
94788
34468
10200
84842
19944
4009
77236
44359
77725
24347
494
9186
28251
63500
87084
66274
11509
70998
49273
48208
79726
39039
44052
63388
17266
89411
44646
37269
49491
35105
70643
60814
65888
17682
81357
59659
62803
30677
49330
91182
36488
50076
30396
69807
92753
10896
4641
12451
88080
25016
43023
14464
20800
75049
8496
75021
30608
10511
43759
96792
85573
96000
68314
61302
66557
58600
51791
14999
87941
6301
98345
43945
68731
91545
77562
66095
90987
64170
29783
96126
80640
5950
41025
16319
25924
26625
10116
51550
211
26854
63500
39215
77246
67838
13049
41542
68680
73166
52202
12426
67598
23956
54173
1005
22370
15943
39699
54720
8074
64117
66378
76194
62847
96073
31897
55909
61200
81762
18162
94617
90076
90962
24270
818
63146
68123
6246
19968
12217
41622
94542
98610
45439
18106
5326
79566
7249
95171
69162
20275
18926
66344
16206
82183
69578
66385
51491
76937
55803
94142
10695
99130
3737
43298
96918
59748
7596
85058
5330
58437
77471
10820
99354
1578
53005
30073
76633
9140
56327
68140
74176
75260
12407
69430
31652
35136
73221
64508
62520
75876
96016
2173
19356
74225
95107
6026
84051
99793
98638
76531
65335
51751
48173
13775
53504
95058
46992
41289
18259
91754
75933
18915
20472
15808
31211
80957
94042
41966
65921
34818
50124
82094
5423
73955
2586
50962
54179
63844
69143
20513
82151
86062
6439
47764
84490
23445
3082
89935
55163
30311
41566
47435
16785
51930
95655
66887
33467
4756
12151
35758
29206
84646
51473
82099
90772
64058
6607
84981
73800
65704
17631
83666
84029
34700
71626
70014
83273
64834
4464
11571
25833
11039
53539
7619
94369
41438
92592
61316
46520
89470
14303
35566
70319
32746
72865
86637
23963
74422
2910
83500
32561
34322
77156
80112
80140
68382
35871
93374
66978
92917
54188
14908
61464
33670
43616
24551
14247
91276
86692
91280
50499
89354
53364
4819
71889
12244
68399
33605
34858
87920
43226
96685
30782
82981
39378
37207
98523
7086
93921
74378
38321
61433
64560
27523
90667
258
7000
54815
81207
71155
4982
80522
92664
84422
42080
90648
64972
55425
99681
63716
63554
47346
18223
54802
27968
22048
80040
21124
94801
15348
97856
54959
3651
72730
20413
60416
40503
79177
68529
6405
88661
95093
84830
49201
9397
14292
80386
53547
41474
65247
98911
98221
1505
66875
59040
64258
8090
57749
63996
60181
17572
79571
76885
55852
8209
14404
85943
18441
57003
99388
44451
34783
29215
23105
36313
84730
45412
4584
96135
22647
26380
53694
93979
80681
82402
27521
52316
89730
68821
23902
41309
87343
3186
34626
39970
32760
61677
68764
88703
9267
74788
70416
53006
92121
55906
58216
21327
46957
66878
68010
76724
40782
23772
58242
34332
511
89805
86379
50867
16686
73509
31010
89072
40819
69526
52249
9272
23550
29819
97449
6996
10652
91348
45718
97666
54861
12792
19615
19764
62765
72274
18107
58920
94876
3659
14277
17994
21989
88763
71809
37617
61993
23662
35962
76539
13042
78909
56597
5901
99647
24697
94298
57835
2748
20421
48349
27808
84434
91525
42762
82187
4990
31800
96287
54530
81696
7745
81754
29218
9517
17560
14796
8531
3035
68059
55235
27504
53335
15119
65566
23953
69372
53136
1349
43394
21382
12457
22196
92660
93957
45375
73184
92935
37137
77897
47626
56059
85926
53500
23736
75463
80446
68270
90228
7992
12397
34821
2435
94333
71030
36540
40475
33952
18992
92844
64465
42602
44698
27699
11128
52700
77264
34875
32090
34691
71129
66869
58484
48884
40157
28258
39909
78715
13318
76355
53404
10867
99936
54225
51268
63087
14070
25086
93772
5796
79748
32985
90084
94525
93331
63061
36642
9953
26034
55658
37954
19971
69438
5209
31616
33565
23686
92976
82187
61976
94479
84180
13322
87012
35836
17557
94801
55219
44371
72505
63459
11785
15535
30994
23282
58865
98762
35087
52262
12664
14363
4489
15700
22730
67248
20166
90349
90315
16877
62767
79704
63200
81338
10071
99867
24129
57065
39096
58263
48665
39843
97960
84359
63083
56059
90486
54063
55169
9073
14891
50080
3554
31073
79217
97222
51144
2946
25788
40461
49194
75593
26109
41751
62421
2010
42372
36289
71790
48311
19379
73705
99337
93774
79694
67039
37520
67343
73079
23003
24356
5324
51869
99028
33398
54617
45957
48604
63834
76638
56106
41338
79007
99724
60220
34775
41063
89453
39508
24769
15477
66441
20937
96232
74983
26961
83031
59549
52383
43631
44010
11945
76533
42545
42919
48382
40529
76769
10707
19421
89021
44775
98102
18098
75328
12976
69875
82201
27690
82917
48083
58443
37876
28508
73996
33981
65578
76320
75576
24826
10256
94999
81308
79370
2689
42053
42624
52256
70458
58404
74912
43887
1171
5452
12435
60969
83247
1570
62472
72353
41630
73502
65417
22519
84123
75790
57844
16539
40593
45902
30985
12913
2657
49937
70962
15304
63694
8827
41745
60134
39196
6061
19656
38326
81451
99317
66303
97464
99418
14557
48676
86658
25895
43501
23092
97417
30580
30345
46257
4420
71084
11475
15771
25903
90745
61924
21245
12774
75435
76861
24339
48794
22277
72339
45605
4972
92719
65339
25454
21952
94030
93381
75946
30534
81589
97260
74764
66993
2645
23055
68657
41349
75109
43071
46875
54472
28718
33093
28666
40375
20955
9985
49100
16164
10448
69109
784
12496
67346
61092
26514
15023
87948
53389
38256
37852
18804
80914
62468
92585
90170
66260
5398
33423
33151
20440
23118
72861
53101
74771
31383
38030
51434
96662
45793
46392
14074
6807
44168
33843
13035
24031
46037
2560
37705
13255
76911
98901
615
41556
94087
66726
92429
13083
79400
92380
18222
22738
52397
46480
94562
48453
61591
64110
789
23070
33094
22179
80837
83022
74695
79288
79072
63298
35001
26071
74875
80919
85704
81306
43930
95395
76247
50510
9863
27760
67258
96631
63307
81002
75645
51681
10995
36060
91322
88400
11375
60093
65241
1884
78182
32662
19481
28205
95354
902
28269
8573
79147
54523
84829
33323
83186
10933
5562
53496
11408
94709
39466
84708
71307
32162
81876
52083
29852
77545
40826
78110
84185
73697
91761
83861
11197
66208
60904
15077
74498
77988
28177
22846
84444
12723
71397
15407
29464
86009
53252
64593
21874
67173
35456
23406
81412
39125
87622
69287
40627
11687
34485
31740
43593
88562
96994
41496
13617
98968
95319
19310
54082
27167
45
25523
61922
32765
6400
391
37224
19541
80159
53515
98253
1305
43615
66904
284
59168
30223
73678
65596
29764
23370
89317
99284
40563
11765
40849
42522
11754
70155
19739
1460
54336
78753
20790
4271
5978
86521
40673
72336
49493
31739
98854
39898
53865
29035
86266
37646
60307
51071
90089
85265
70663
71663
79111
37547
77845
20416
5648
83171
91443
81259
97636
67273
65536
6296
41743
74164
75205
87674
45677
67684
9135
73329
70069
26741
650
42634
88391
12895
80565
42473
54568
10186
90799
32312
28851
86412
9911
38414
60533
91485
78524
75903
36720
20959
4942
92883
71545
66903
93971
57503
59019
123
41391
43086
79884
80290
82812
11499
60108
54718
9493
2915
8132
36756
4921
728
63716
6267
3152
13800
57099
45725
63471
20747
32120
47371
68828
56826
20946
31592
24775
18529
92314
99628
86364
23849
49550
55691
75796
86891
62166
89143
33215
85943
15346
60608
16029
61603
85560
48305
41253
46144
59057
71323
65982
71847
90373
45195
57733
42236
56805
33440
36030
99627
45813
25807
57118
94062
65116
42045
51420
25676
90887
81983
30215
5533
40017
90732
3828
51506
38070
20517
1490
99348
75119
85396
84691
43669
5068
35324
2608
13303
44688
50377
75130
30718
44290
95561
9901
67614
18765
61982
53872
82166
97859
21382
41436
6537
26774
89992
73628
44204
79214
72934
13278
93289
4612
6364
44210
10168
54124
19236
56503
69412
96692