4814
66941
24365
65176
58794
26554
40778
76271
88838
34772
34288
70201
960
99639
64286
39581
41367
45047
68963
72803
18486
58802
89429
32371
47775
40067
19535
73157
79877
16222
26265
51964
10204
74422
81752
12511
58461
10476
86832
87073
36790
49170
80511
40339
83088
61405
39729
83686
21298
40964
80218
55293
91283
29079
4691
49783
95669
65063
18493
58295
54331
7364
57419
77702
95110
48844
84466
96867
45322
4031
64009
3757
19821
83794
2595
3496
66384
85176
62661
31683
11168
59474
27634
81604
99864
19421
68186
80500
41113
23923
51610
73095
69011
62112
84292
63897
10945
39409
6983
39035
54061
70252
63390
80710
50988
96616
41338
53738
94719
51687
68853
53240
81444
38989
21170
6790
75866
95126
12563
13386
66357
20748
6865
50365
41028
87977
73401
87007
9555
23676
64066
67622
22883
92257
92437
65024
18387
1258
38277
21530
44518
57154
88998
14386
92490
11127
62940
6778
95761
74444
61308
34584
60194
87869
60473
11279
98036
32554
23373
73224
30942
66079
54360
38004
19907
25991
57094
6753
37257
72570
74294
92566
40266
46123
98244
20159
54105
3445
83873
42936
21357
88204
55625
4321
63440
92919
64276
92941
99873
11780
98667
14252
92455
9627
90763
77405
19829
62419
42305
7994
51841
8274
2833
1240
42567
34901
95272
18486
84670
85973
41537
66393
1171
83144
60771
63231
10844
37400
56668
94876
33699
40840
97181
49463
85063
80812
74182
14585
51362
18406
75930
65839
83188
19352
50533
69111
89757
67399
34940
80661
12027
16982
67031
17775
86047
50562
40006
3189
83909
93599
80593
37295
13447
90556
36988
20932
31472
17435
12842
32793
98869
10704
35492
76147
88649
76231
4817
74586
25635
78310
94261
77542
33301
44549
20829
26270
83408
40265
48060
67187
67271
76922
42702
50465
65643
6281
4060
6259
69576
59946
79365
14459
15253
67107
90552
41476
59202
50850
80280
77921
52154
8399
50415
10028
39007
91667
38982
48297
13368
7740
67885
22553
59615
93736
20034
68806
9008
93846
92007
71631
10430
67765
56599
66029
12755
14954
4266
83965
80310
93499
27687
73941
74441
24649
42107
5289
82538
76307
93416
49397
33331
44098
92532
84371
19775
19495
58866
133
39255
14031
93380
74677
14067
57647
73535
64222
49400
74023
13910
28291
68738
93653
77548
35561
41414
30583
53768
18271
70615
89904
98708
90255
21815
85283
76828
98881
72375
36336
64838
67752
59138
65964
60921
1623
75708
10748
79725
58110
31024
36402
65286
27888
51556
94245
9969
35705
78827
74767
10086
13949
1490
7526
87676
14098
37912
87086
15309
84923
73681
97292
87805
54023
64925
1254
98910
99794
51433
96420
62104
51324
68583
27183
67384
4991
57368
47655
8417
23407
41440
4775
92396
41776
21813
42738
49846
85236
43027
2884
64433
37305
95106
83706
77043
99285
4126
83543
74021
79729
43241
20878
90871
83586
81275
79951
86106
95596
71838
23270
46646
49777
14951
89256
42616
41204
67363
42247
20054
13196
30723
42787
1186
92221
84488
9545
9646
85311
82649
22794
27140
26914
38533
69205
64259
28408
49827
10029
31642
7064
69045
67090
45755
5147
92356
28345
32218
39519
49800
55393
56116
87345
52240
32109
28532
77444
68005
54055
84542
89174
29816
54217
42198
37225
27499
63714
68754
37148
714
82382
88437
38562
11164
22754
68343
84947
86675
64627
33000
38060
61099
93210
2635
67133
17447
41265
35637
44200
26837
18569
73886
87412
83986
2221
28144
66934
32397
27368
39535
71206
77142
66075
13271
86041
49275
60564
8731
88029
35432
18183
12563
28198
46264
34736
38971
93819
99147
36866
80956
4597
81927
44496
27021
36171
49145
58719
94310
37077
47161
48947
40332
43403
22086
53975
10443
25619
80837
18224
25215
2324
44789
44551
2311
34538
93144
23166
3616
45284
76834
63226
22585
18186
15599
14627
29546
43392
4244
85622
97590
38098
53911
76796
65952
31928
18036
13824
59231
15208
73344
96242
63570
42568
7463
25232
10136
34481
4387
88887
67799
65887
79396
15336
16246
80934
76840
52028
80163
92477
18716
46173
50374
49042
99214
1321
64987
29474
86715
16629
71500
42082
92776
72771
33804
92273
9887
38832
83880
46480
69734
74273
67064
15975
11253
55654
48747
30467
47991
13170
76056
43651
77312
95123
81457
56639
86678
49682
16002
89675
94291
42928
16426
98340
70985
53726
54173
61707
52461
41204
60180
7998
97947
53095
83960
96932
74370
11489
22954
44063
73012
84791
98073
35811
87364
35035
50673
51227
4291
2682
91583
99538
84510
94559
86081
15163
46331
62023
44444
46380
47374
19486
94671
18545
36631
76600
5983
98610
65147
64929
70165
54545
79281
81940
59270
1838
22228
27232
72105
45548
62853
12350
66221
63075
48388
1391
42865
93665
93091
18557
41760
77142
489
8984
71528
61256
44074
27576
84538
19856
83059
82213
19519
55194
62689
61129
56084
5725
8482
26078
30378
48392
8747
98776
77133
14787
20976
22348
26498
75106
90761
45634
36587
28293
92281
10344
32102
50229
51659
84514
69157
67124
1833
14207
60225
62632
87461
40761
26423
48621
66377
76784
30552
56647
50306
67998
29549
620
55457
94165
52834
2606
92629
18911
51225
78451
76100
29983
32244
17568
98491
41067
7221
1109
5983
28729
76405
73814
42087
61865
83023
61773
77517
47877
135
415
33572
65325
38115
65713
98134
81945
8525
90308
68779
77441
25647
67594
75853
56278
64253
84372
29140
98371
78973
17098
37808
76753
26362
27471
42422
61809
27103
23360
82731
5746
1289
14219
34889
48710
41783
88441
17339
8826
79227
9586
8832
70014
88849
19649
39016
3658
81602
7741
22855
54293
18701
96929
65211
70557
72574
34019
19986
34665
92575
94519
17203
73611
66442
59041
34368
3101
42439
61737
43791
35191
72922
61434
67576
93180
94324
48382
82152
77352
22788
61440
50948
21020
64951
54446
36005
74594
19685
28883
26299
83561
26427
89769
25331
14565
41431
13910
2415
39269
41615
359
87655
19989
71719
21328
23363
85292
41250
9248
37392
28894
61991
13354
78646
35743
13525
10943
65090
27950
80431
62208
29643
38855
26590
9287
87491
6464
13007
21000
25550
12199
3250
18040
19447
41007
10538
24035
64829
21040
94488
83391
80169
18456
40582
40007
33504
71954
33789
90158
38134
91355
54746
20956
11199
63896
68294
76292
51296
41146
26764
20351
29217
10677
99975
10589
53902
80107
83962
81690
27417
88873
3495
50687
11125
72902
54664
88786
49001
77846
60386
16026
39109
36369
24206
20593
4781
19246
3972
92465
7038
15128
98226
99514
49915
96427
13232
16072
77129
71805
92584
2347
95295
17869
47245
96288
93014
19977
10193
34039
24159
46821
22964
7548
64248
6217
24775
59722
77631
87328
98185
83648
23584
82916
82616
40462
89391
75637
52959
39961
18933
50234
62192
80798
92106
38967
44518
32440
58257
11554
40530
71267
45346
11773
90527
43763
69355
89106
42420
88771
47478
2419
63606
71891
56842
12841
45217
32093
26062
29034
11076
28944
36327
72015
66313
95073
11665
61535
5526
74907
26520
73552
75367
7744
44813
85876
47804
25146
31391
43064
90867
75306
3057
44562
3423
54395
2135
95189
17678
54183
53190
10851
48343
40876
89396
31272
80973
8457
41092
13290
75576
33280
20541
22457
50895
93687
38857
3458
79890
69664
78488
12588
10818
35202
10998
88004
78141
43689
27039
1765
68601
74684
51392
4301
35965
46553
80054
67870
37099
15471
67049
2043
86252
54653
17134
2378
85360
80275
76666
34224
75471
95272
77995
38780
6205
59012
87531
40803
23975
37383
8206
84262
40194
86302
8755
32829
79494
39726
92679
13958
78636
87959
63136
86745
24361
95156
21678
57992
27461
23196
53338
47983
22478
55064
87712
52431
38996
33695
79162
87847
51584
32901
24375
37794
63358
79050
36515
51215
42170
97358
4873
20181
60663
48702
33433
1964
59102
7212
25581
70478
2195
46356
30394
81328
60537
23359
38200
33729
79396
28553
3266
89357
7182
30316
57422
40933
8141
33587
72678
8707
19168
558
56993
8547
79849
4695
43178
89496
99702
23322
91871
43243
64736
31625
97101
74569
92089
7217
93934
20871
57448
51465
51163
60556
33976
34830
11890
94951
97700
73755
91542
36005
96503
87100
6277
24514
44039
27890
28438
22342
28352
27526
41183
33360
8086
72026
69349
4273
68636
7762
19303
93209
75473
14560
64004
20222
3277
56052
66281
1483
63225
35736
74856
58349
68598
47396
21274
16280
44174
22217
62201
31605
46021
42673
92062
40498
59984
85
35032
55958
61958
99152
80507
25369
52399
40147
4264
89746
34787
2165
83842
98112
99185
80282
16810
44373
97505
29126
76524
60418
47783
40635
59089
47631
1977
3550
64710
88983
20316
98227
86266
37826
22823
25430
71195
43096
23368
50756
30619
28145
69309
55305
46271
21178
30514
60007
22622
11707
22354
45832
4960
69499
79118
22733
89455
1354
63436
51961
86905
99619
95376
2115
62588
10049
20415
97199
11725
36278
78632
56836
20920
60739
42783
32493
85198
23077
50200
30205
38115
24922
25742
75218
22090
51064
87669
23276
8965
99251
4470
90640
39729
78529
19211
79450
15520
88612
49919
45535
15232
53062
49696
62061
97255
31012
2253
47976
6885
17610
61383
62711
20503
72287
84935
57548
47847
59792
3502
42119
51306
90278
29873
83487
77378
76624
27513
70089
77157
71599
40110
36947
7915
1497
53651
22543
82115
91217
20933
71139
61862
36181
11519
81545
65671
99098
9819
43612
48214
16791
43717
64418
44821
19475
92618
2884
4000
7725
60625
68432
44781
64674
70647
55527
16640
37640
79368
14779
62354
90087
68225
10784
94334
15714
49514
58973
56105
87151
26269
98011
68545
31670
47663
40914
80266
19509
2364
37745
87906
24391
28653
91488
9965
83752
54037
7599
12058
60788
44020
5489
19551
3733
85408
30561
93373
30913
65474
58215
49335
95317
94179
92908
89759
24590
53604
98555
92912
22168
74643
54928
83974
51842
72733
83477
64966
36474
6129
23599
35769
51201
12848
27994
18706
65661
7820
26252
92777
14668
49926
8938
47706
55070
16991
38964
41045
40523
96443
67783
69730
51322
88611
35884
49244
2673
4404
1384
7267
62202
69178
76132
16215
39883
44157
97508
3934
90827
94497
57586
7877
57762
83234
26607
82551
67169
4412
54016
2710
48298
94949
35779
26642
70660
27035
69699
93716
48171
92940
756
43622
84030
64427
29016
93765
4700
74444
72411
36928
36012
36375
5745
4007
7840
90187
11757
88858
89249
1235
49553
31418
94409
45356
60281
28533
27378
69829
7478
43584
72277
38676
30241
86119
2248
11853
90345
73571
62111
94699
54837
19369
78295
58217
67374
70292
25898
94432
53858
40311
78900
40657
90605
45022
57964
46715
3762
9339
91820
36035
92271
46470
14056
44503
5277
42585
87588
87553
17402
97344
60181
59440
10480
60242
22167
19942
47198
93538
58460
94185
82799
57085
76328
4288
45463
88460
22564
92507
4176
70915
68008
4511
54504
30990
71587
10662
90269
53621
9042
79916
7054
23679
4449
72516
85997
45149
84658
49690
93488
90866
92894
85490
80203
11279
18307
44573
73270
92125
86861
1275
96583
40166
30870
54205
52400
71288
5081
71116
29159
62990
12292
54975
99713
40181
45241
86052
76553
82845
20191
27533
60461
80969
4106
885
96351
90305
67318
62480
75601
75775
16669
10234
79104
14793
32741
39922
56129
55844
99729
53149
60284
25160
28261
63434
62046
12892
42721
40313
32081
23483
41431
59597
43597
99019
81661
84818
54045
19817
6074
99150
81335
60380
47211
85423
55121
1584
61301
51811
49502
56331
68402
44544
28252
17147
88683
83857
72541
16292
71523
95578
75365
187
15307
25826
99379
12858
38324
17397
6964
52386
47302
44955
87037
28451
16078
52473
62952
58295
33951
58011
45673
26444
23617
70939
10313
93014
59206
18087
5702
64788
71124
90815
56410
57399
60291
85381
48331
37911
31670
56763
73148
8495
84810
66310
72447
70365
41767
51845
18899
48372
66409
6951
53632
413
78046
82792
16083
59207
68562
66697
5752
12574
85713
65288
55207
85357
40008
82849
58711
62349
71304
52245
16446
37737
18761
58253
49216
55890
43409
65716
64575
62619
18923
49635
64301
26594
75061
73371
73272
50198
16381
91311
68561
33385
80952
93708
86249
71765
35797
14770
12912
8872
50646
22690
33665
61995
65148
27023
81351
72462
86342
12716
6244
16071
75109
69944
11944
93579
74734
89774
82179
86070
73237
58473
98782
38851
73150
26681
66364
50268
77406
72029
5358
61022
460
73360
11107
25659
66510
67636
35673
49470
72371
462
78025
29698
25905
76173
6867
65195
54115
44427
79739
11455
77603
93554
75453
2235
48196
53275
6288
98318
19774
63644
75462
83287
9411
90138
51354
5642
4160
70865
78792
34764
83604
88030
52486
40947
44828
92143
49023
66287
6818
64336
50281
45381
68893
9516
39419
71322
39225
32882
92960
63798
87563
72609
8440
80137
42780
86791
94930
61636
80927
81846
62417
67310
46965
35835
95136
81958
30276
82380
97020
67064
23813
50762
76230
25778
92557
30685
47582
7237
68890
95825
75924
84240
13047
69375
56967
35184
65624
20176
82634
64574
80882
646
64478
61752
54719
62480
99306
96630
77353
14710
68659
69284
66513
48054
93671
80270
99293
82011
98298
33167
92785
61870
36520
67131
66015
68366
48689
51338
4183
98517
53894
58105
10268
43611
93079
32864
79184
90423
84850
85296
50596
6224
45863
19840
12176
95994
37967
4788
11071
92275
45221
37650
48629
18030
46883
61718
3484
35275
38423
7008
92515
54104
52046
68772
2489
78013
72958
99222
92009
15954
53964
55681
83054
39471
87804
69954
26907
42566
61864
39121
1627
69689
48235
65982
60462
28620
38639
69235
17838
41679
33145
62453
99138
73952
71808
91677
46524
47463
46474
94631
898
89
8647
22941
10577
14838
34669
41469
97153
94389
871
83756
48437
65161
82576
66219
65754
36394
73681
59871
21089
71962
62823
30758
85843
80763
27992
9682
131
72538
30855
28439
49567
15532
75947
76767
66545
91296
54897
44994
76814
93573
76777
20138
20977
12601
99327
78136
7398
67674
40503
39755
38516
82022
78407
20006
58023
17931
96656
761
7424
72510
4096
27852
66432
907
13018
57456
75651
26664
23065
85143
59966
6092
65716
12717
62548
7697
49385
50009
22159
29741
71799
91577
52774
40350
14261
19741
78293
45724
1350
18305
65328
36088
38468
47870
86583
21119
56592
9572
83818
3809
80583
63377
52051
13898
73989
84544
70541
38132
27897
49724
70223
53916
45512
30741
30872
88900
31996
42929
66837
44587
29323
18807
25676
79976
94195
15027
72084
23508
10286
49014
29382
51759
31132
91190
71939
85394
25871
58581
92573
96487
5458
6297
62027
48114
63918
37084
90615
93403
66901
9627
34206
43163
24986
75796
68052
53089
97803
8929
22071
66228
48137
24726
59401
80027
39564
13079
28496
16779
77601
60459
20661
27977
87015
78038
94210
3348
68464
75428
83502
9431
59437
93879
84205
70376
32489
99746
48605
83055
16782
3036
56953
15701
44347
44330
33648
67441
21203
18620
82214
19950
71271
26592
6033
44835
56441
3756
57014
12929
38430
8469
29949
4189
53901
75801
37756
99551
74605
25793
88253
9597
35818
9825
15564
26763
98060
10207
91411
54646
377
14426
28297
58903
10953
60610
4728
90954
70968
46525
14851
13822
4918
80159
88852
39974
88413
526
89721
90087
20995
84596
6258
6159
79911
58587
97240
96984
52712
17991
99658
68628
66115
96787
69050
54770
2188
29374
13524
98857
63902
51645
70548
4726
67341
54806
68334
81704
84370
84469
10317
5144
55335
60274
59637
98046
91277
56344
48589
46955
55731
74100
41390
59031
976
70284
13630
22954
39288
49359
80656
72140
7572
59690
28611
94739
22777
27992
74250
32275
8936
464
63409
90507
91150
68870
37118
46170
9455
60231
18245
94214
42854
17155
94845
36330
65200
62416
37164
24616
8972
96668
19443
92754
68333
40358
51278
26427
56187
99576
21282
76789
42127
71763
39423
33044
79752
18864
6552
22942
7360
85915
14640
89242
57755
78254
9631
667
84767
45869
51252
94562
32947
66320
72874
36410
2692
99713
3366
14383
92046
60315
86239
63770
90031
47322
4844
2084
49539
80581
11298
72561
563
67882
69302
89355
12606
33690
74961
51591
48851
41751
8698
81743
58121
32086
65227
52476
73905
81252
9861
67979
91261
10109
62198
53282
5120
82128
62218
40096
12023
92461
60400
73697
53754
45736
54761
25692
89177
49057
87427
20339
9799
43382
78507
40875
98559
9173
17976
59667
10099
81454
65880
37389
23572
95561
58046
30521
3450
92577
27742
29152
35027
31979
63869
59270
35798
77118
99251
18354
78800
31578
74829
92382
64600
69590
41149
92077
90747
56462
94211
42307
11301
77038
89105
37381
32976
9893
48324
95856
31433
28689
48021
24261
11831
11887
32978
28418
83587
5374
83931
27324
64125
33324
42052
90456
91495
39909
4157
82515
62011
98670
68971
55124
69494
57461
68868
15373
51927
55614
32909
80191
40966
43822
56341
91112
28158
84009
43854
8696
59804
76354
18484
26215
63698
37358
89436
47444
27065
5318
66453
35509
39963
91208
6006
39291
13332
64538
16466
52632
47738
76297
49558
18000
15838
99632
45970
9084
7295
57548
83421
11785
77867
8404
37071
9190
13185
98653
40193
10975
56575
6378
71782
14559
11656
90939
52379
57849
1598
92854
76021
52673
33015
80523
53246
24273
22698
3714
27754
28602
59399
68264
508
39556
78054
87751
122
17908
62641
88593
32325
79653
52969
30969
3401
53214
10443
35347
55614
51553
12838
36824
83377
71839
84610
30722
11572
97550
79131
20373
130
97
97892
30464
76151
82612
5850
41156
67747
96660
63245
877
84070
61614
38410
64706
12291
83863
61538
18309
31599
56663
3499
72016
95607
92625
71313
68387
39106
56417
28961
17042
74289
88502
17752
62068
73765
56100
82726
36526
32420
52830
60998
51897
98543
40727
47273
12684
26490
51465
26201
8653
21678
37312
34058
21802
91126
78179
78994
9840
1033
504
29607
96837
16768
9056
77635
90290
79609
56700
4477
6815
69696
79191
80704
47131
5798
48136
76680
71328
31969
23383
82955
74406
72330
75757
21036
86506
81144
82285
10749
29943
43212
46990
72773
20969
92333
79153
70322
96792
62007
24211
70379
75726
45556
96730
87731
82520
62959
83964
81809
29549
82370
36633
35826
67577
34606
45409
32238
21808
39439
76324
47126
68742
12250
7721
64486
48
40577
58651
66897
30820
73389
97834
10046
70759
40700
46550
51830
97477
78591
15566
47076
32429
36320
11901
68001
99336
48644
59988
34894
11053
29829
82493
37577
3656
37903
45304
67843
96631
59128
73537
98810
38460
71502
27749
69458
70422
35221
23197
7451
9741
61558
28801
43400
65219
58373
89596
12630
87505
8465
26747
55769
48553
42134
40036
56224
19777
60455
35894
54907
60056
59898
59530
61109
41672
21065
53331
67450
64381
18163
23970
35930
92687
97269
84386
27905
14941
25355
76598
5643
81384
77070
98029
96039
22764
6709
97917
47154
78726
14735
98826
61515
91177
406
99672
18883
25372
24468
79672
25393
82033
84464
8858
30737
67493
82159
43480
61422
19303
35829
90398
93379
23064
31765
66266
42897
80006
4857
45487
42213
65778
92649
57513
80562
9031
51791
32471
69438
66213
51412
68414
86601
83463
34876
6703
21277
3292
600
98883
51270
88766
32569
11608
34773
36474
3286
58517
10654
13437
16425
6604
34324
23025
38310
92638
34016
21583
78443
53735
39914
90946
17644
5898
83975
79240
6259
1791
87409
81343
1395
34449
36538
76749
82296
58871
14112
499
73739
13599
29160
89309
9106
73650
51804
83607
37632
36327
14292
53545
75871
29269
40103
55319
72796
81920
93453
51820
88436
9087
75958
68265
28581
35774
9274
413
46403
43432
55968
84894
1345
95359
42536
66225
4006
94875
77389
86734
99294
55668
70851
54098
34563
34039
66360
45075
19272
23597
8457
3228
12371
78727
36517
5573
69245
90124
90409
40767
59724
14085
50447
80610
33107
13605
58636
3940
99658
85552
91044
58730
920
12222
66810
82236
8025
81041
80096
17928
19875
92687
60349
59832
6415
55130
96540
20750
89537
9317
17798
63253
25023
83492
13694
4348
77420
13472
37831
46994
72246
19569
85670
45947
129
16935
75667
73938
43904
41107
37041
36124
96315
36866
34282
9318
38753
76345
94165
16356
1336
83724
31363
28874
35962
70737
15049
31704
20648
95708
31090
54350
19866
66398
63202
27514
13839
96797
13816
43716
98319
33478
86324
44386
28734
34001
35105
66164
77337
4474
97180
25128
43823
13740
18810
81857
2271
23632
12571
74350
42773
91198
41531
5310
56743
73674
48895
97430
44896
45147
96032
44521
18262
24814
45166
21007
93719
73834
73098
16869
14862
86417
91484
36323
44395
31386
35921
31097
30081
62763
41306
99803
34241
78756
64760
86555
98551
38788
90232
27277
16836
74125
363
59310
58547
95116
76828
73087
44210
80002
56175
12578
45643
17527
64231
80059
74795
81331
3140
71748
87195
73995
1225
86318
74922
99748
12838
65872
21555
39826
72362
50362
37340
54477
28064
91039
16683
92822
17217
66650
15615
17
89541
81166
23626
30126
39940
83379
32043
96656
33552
26966
87805
1639
74069
53773
41380
85254
89185
69446
70469
94913
18472
22440
41713
81464
33093
84760
46785
9148
35105
76210
87182
73823
59374
45820
1068
2957
21479
26657
18166
23228
50406
42221
39655
38465
90051
74730
71856
62801
96092
90680
50576
37221
83119
48574
69205
36852
46880
71887
13452
41006
80693
7211
77618
87193
2138
14821
4970
87813
81894
42661
21453
46964
42181
71964
90349
46219
50165
44207
68814
90805
43222
21641
27692
83116
10001
27259
45208
30551
22079
55770
20711
57290
38009
44689
33903
81224
17609
3726
21305
48593
17996
54169
80992
68653
86930
71867
15881
71706
65185
30002
5663
30885
50106
63306
61730
94819
32784
89318
17347
17806
10920
30793
44579
87955
50704
90934
781
77858
7273
98531
15522
11734
96307
86943
72097
98007
76604
68767
77436
39323
11509
36446
63820
67093
91170
85842
52247
32058
76772
719
24746
44753
65383
25509
36728
73086
52811
52665
24589
38908
26442
6208
88891
11603
3014
56567
61537
71423
29626
9798
43827
45897
21425
9164
23618
90401
80975
32340
18993
69238
46387
29833
58266
3819
33296
24564
86063
68322
54885
97776
54502
64852
40357
63372
6422
2547
56174
98075
73804
23686
56636
27370
80243
89489
68607
73490
55189
28555
53281
16772
87614
51057
64032
93924
3548
65592
40908
14399
32161
95403
39231
97492
29301
23850
62322
73049
56032
62735
96855
13251
82481
73434
88583
26336
98696
77524
95718
27336
63075
38656
22923
99419
62012
11901
60992
30455
71161
72701
22709
68376
97419
17495
11982
88824
99471
15482
57719
26747
60619
73580
67443
62553
54483
22896
85955
31066
93857
62403
17206
49363
2124
44016
85987
95468
83395
17492
5314
10158
63142
61637
53744
57575
1169
54062
5022
44707
43372
87793
63166
96355
9396
61473
33161
95441
51028
72167
91599
82928
73001
15402
86535
96220
99925
34953
74799
96750
4770
66407
64977
21098
9380
34214
90459
21703
88014
24382
4780
86105
20205
7437
99404
71843
40190
1560
10678
44115
28011
41381
49057
7988
83700
741
3843
26005
73080
44046
20986
32014
14723
11921
61451
78774
25652
88902
81467
98333
73052
49240
16015
27780
34367
55883
47694
1118
31076
85163
20935
16624
24717
80262
79921
37851
97751
97272
54192
67987
51026
40884
42127
46677
80673
13112
38883
576
22091
99408
11436
91500
16482
6378
76245
46899
21818
95153
17924
11981
12551
87956
45522
99622
75117
20746
35433
60492
4143
94904
66648
54048
11530
88171
52554
80064
17189
76799
17847
78672
79684
70302
48061
26874
59383
20569
39222
84459
61822
70701
63252
71964
16654
81627
26342
52804
40279
6263
74238
48652
85454
36033
8323
94846
6844
17558
50972
80928
94135
36352
22058
98414
32251
94670
45250
54944
41865
45708
34995
83893
98456
61167
59643
4482
68558
496
92599
824
61889
26210
57320
22519
12548
77569
2231
68997
11190
80449
40692
9605
50507
86819
95288
78659
75814
88211
39175
72475
25459
42543
78358
68144
51989
6623
70834
25810
31397
34393
37404
58724
17016
3935
56837
34022
85827
71784
74968
71234
42643
35636
41717
91215
83789
39325
16058
4435
9445
65865
47906
74613
76753
49826
50820
97148
71629
54004
32871
18185
60439
47479
96600
14372
27751
15994
61285
94881
79945
47379
85700
48572
67016
26950
97168
12297
73062
76759
49786
81743
42685
72015
40781
39044
38546
7963
57187
47653
25625
89452
40979
34045
48183
3928
84907
73794
91905
50442
11519
1085
59504
29039
18702
83505
6624
14245
30219
36320
22903
79943
19187
61751
98059
7370
39179
14585
82586
94394
84398
39358
45522
16591
87856
2288
48449
10755
51248
14141
62859
10302
75269
35201
17008
99112
39954
23380
14201
60723
91972
75602
56514
56020
96187
22783
82858
31288
50331
8991
57031
22939
33816
61655
73103
47461
65791
22869
9308
50386
2722
20870
10505
31739
60871
30846
35434
60502
97224
28464
70663
89804
43919
69707
45267
53857
35513
44317
36360
38451
91972
65178
40676
50609
77650
44717
92800
87754
49229
3884
3636
7787
71337
87819
21982
86586
45968
92851
74193
55340
93792
89222
59134
35929
69578
54853
69900
45241
62008
39736
8215
35327
29396
69533
74569
49122
17356
57948
53089
19670
75806
97034
5630
3102
58217
83153
11481
32860
7096
29490
17580
59774
62582
7725
44803
82718
13620
75174
44144
97652
95822
71463
31701
91449
33109
61024
75024
94098
62090
36347
32070
57765
35577
88816
37661
54951
48887
59113
46135
64392
59432
93837
54261
19141
49308
57667
39899
19891
61802
90687
70886
40141
41362
40397
13287
44809
12359
33676
35420
87177
24454
91879
17380
36770
61339
51618
74178
20834
84595
33051
26151
36780
94023
62317
68493
64284
70144
65470
22463
50120
2063
79381
1497
18209
69203
34002
27549
88102
74316
46563
2508
32347
98119
71694
75192
7520
1051
89667
49411
30080
41782
25185
39272
3049
37619
90636
32648
46370
35902
98309
55038
8561
56338
79085
62325
46991
86225
93629
85372
7385
48532
30379
60079
60741
26325
76022
87913
24236
11912
88663
72429
44378
733
43410
37707
58830
56501
20647
23501
99966
97659
6614
66607
67963
83954
37205
131
54381
35726
18595
44869
81040
18137
50305
29436
66439
81186
55789
3922
13342
17435
54786
11437
75901
8863
71641
7154
5277
56319
48299
23925
63443
92395
28145
79658
28831
13147
455
64315
12328
41652
29162
36213
50547
70045
94382
55113
7285
28949
95932
53509
51199
87730
67968
1474
65418
40354
37983
24269
53639
15373
94334
89323
38926
75298
94841
87153
57463
45775
11100
95354
91030
10495
41011
64043
98825
61605
9506
17109
74912
94956
32221
13646
3287
74989
78953
64833
10678
18084
17008
91172
85446
67419
8292
28793
1387
70162
86554
53778
5677
10040
54220
99621
65559
21739
41877
24734
35773
83579
68267
39501
6103
43354
72540
33163
92770
10761
91255
10556
84425
3066
15960
23386
68509
73250
98373
25063
47666
4273
84798
85950
99091
29435
21442
39983
89864
38217
25946
4928
75783
92612
37797
78720
97931
96837
46375
18413
97769
78690
89992
99478
53620
72519
5887
75846
48160
96743
11514
21722
81189
43945
34048
14341
13536
42662
10722
67631
35384
53338
26306
89073
78601
88560
38216
25904
88559
26204
98505
35407
62008
57883
10691
81731
74421
69885
53796
41418
13978
11775
3555
35125
80485
95790
73865
1020
79582
60598
64460
27315
28719
18708
5868
74756
25516
97620
56192
95512
65353
88629
63094
76978
16777
76696
18968
39809
28453
85535
23050
70261
82370
4048
33948
27313
12836
91608
85250
92563
42529
35830
76981
34165
51486
62477
12834
48139
82720
77267
59424
27213
38805
8563
70205
17028
22400
50192
16247
24069
85925
51394
71847
22165
76142
54604
62048
12088
46839
68177
36205
23875
43193
67714
47757
26576
68924
91506
20686
32035
92346
58220
12100
30112
17008
83648
82758
2489
42130
55721
4377
24669
50478
70563
65844
74113
27312
63126
32119
10560
60178
80554
74831
34918
30347
52788
95856
81569
67000
10152
40724
90556
27715
91213
48211
8015
6688
72651
76001
4747
23853
15611
99470
15451
11764
46495
60593
72046
11498
73236
57390
52184
14139
39862
75148
73059
79750
41304
78845
92617
92664
3355
30948
57668
21031
76442
75024
72640
70962
62196
65339
86869
63565
1612
20051
41523
26191
90299
93729
26350
61843
70788
23823
86012
2173
39897
3914
285
1240
43925
59514
81827
44249
85606
42716
86993
77613
65788
66575
54147
20239
54584
92598
89574
33799
90913
93090
64979
39134
98003
47262
81056
12241
9280
24685
82337
70652
28095
16621
54894
92625
49257
81744
96601
94664
65960
51384
56778
94022
65784
30669
94749
58456
29283
59748
83208
53964
18234
41557
23273
46928
30363
70879
2231
60366
12062
9782
80529
13376
52056
56226
18117
29126
6324
39381
99775
90055
10571
51054
39845
52321
72895
91180
95882
65788
24257
75005
89266
89893
33993
64405
82259
21913
66617
2044
91137
39006
94959
97817
61907
94801
30262
42447
3140
71808
28973
50215
30530
82027
16902
2583
17859
38737
30579
9097
91192
52980
2996
18893
31360
32157
34956
59328
55854
25105
55116
91648
56313
36147
70905
11149
38284
30513
19628
47329
38704
57863
66876
4208
68753
77761
80049
70221
78693
60762
14558
84729
14976
35760
55687
414
67470
19263
76548
21392
66156
7868
593
6341
91606
10277
19220
77853
46363
31819
48295
83157
51885
92657
54648
2215
44088
51695
66550
94460
66599
75629
1157
1815
6114
83649
90156
59524
47338
84024
29811
46249
28717
5383
85134
27258
60417
24376
89234
17689
42709
10926
49124
55392
46409
35155
42137
96736
64547
75674
3024
63974
32049
47693
87824
6136
84697
24892
37835
48995
56815
55509
93039
53976
5316
36532
88539
28315
7863
76692
51401
26187
54987
55074
90858
94725
36678
84850
68007
54063
17293
49754
84813
29258
68232
10333
3818
19876
34816
36980
39315
66015
51386
89601
53675
22070
56337
58705
35778
18280
16549
73124
98595
65834
4764
93843
65431
99340
65694
77829
27792
33955
56770
62268
9333
23229
77858
26964
29253
64734
23546
55118
18930
87533
98050
37915
87037
32484
37658
94292
70183
14370
89985
26858
13213
17458
12907
59078
28244
35049
2103
17162
31125
62117
76544
32350
23448
57978
21456
12330
11194
89639
72664
94959
93677
74849
56466
12093
67999
87346
55934
4352
32777
32818
42113
37096
22041
43834
35776
56777
42224
70271
48305
67156
51807
93517
59118
85560
30721
83965
11320
75408
17359
16146
9778
4593
53355
9173
46789
82388
17304
74478
54290
96313
50964
95895
88677
72846
10835
98878
22021
47999