2957
97248
35423
3520
99723
46586
50689
82006
59325
70995
321
73088
69811
10173
41407
7613
37052
6820
20178
66076
93967
40669
81544
93002
47920
12653
28416
47061
16009
91519
75017
5224
60632
35074
76574
29942
15825
30188
12778
65811
14975
55462
47347
12121
47192
2835
87984
76691
82353
30471
49124
76121
82637
4678
67283
75995
33387
57812
44279
98591
66368
80766
6824
68206
90319
40050
30678
32529
6250
94699
32043
98386
75304
10585
9586
46797
69562
71079
8766
37264
22552
55428
89139
89968
78995
32373
97784
50258
32118
14388
4586
13116
62343
53468
89303
71434
56474
11846
52716
8364
99816
86059
97125
6095
40227
40204
78767
26042
43988
14719
33889
49789
9082
26946
90376
22515
79942
10267
51844
5538
82939
2609
12668
21398
824
86328
17538
21832
17590
95795
92139
25358
95326
22936
74565
67775
93872
91919
37929
69765
36615
38725
8900
29598
11266
50028
38224
37385
4214
32680
79725
95413
19164
96650
18214
81840
62996
24747
3781
90874
61634
36385
3042
81035
50315
10117
65236
48970
61074
90006
97969
48653
42221
14418
86910
1583
93402
36511
33293
8745
95133
99074
48258
43028
59135
59185
67320
25650
45322
39771
31130
32428
56970
10986
83150
80395
10994
76292
57185
72567
95096
32665
65897
52119
33051
32357
46804
73802
9160
90273
81086
55644
88274
50338
37703
22634
44055
40930
35927
32554
78556
32985
15266
71532
85829
74066
79792
9895
69306
70418
27269
858
30080
98645
95898
66505
491
76595
23371
90624
17808
2914
38826
47258
29972
85050
51022
44373
96711
24559
642
89157
6772
69426
3084
17152
97509
79457
53121
67540
42537
13431
40588
57559
25925
90764
42247
31728
95445
3900
78836
49214
99350
98767
55531
67236
71160
82093
87111
5916
82779
98241
47686
81624
72035
78088
88089
89563
38081
88249
16915
71852
29576
1847
31512
47212
12274
96487
73933
99060
95611
2222
39746
24191
86749
38599
90406
16638
98735
28589
67656
29616
69292
74764
5543
65775
6027
10595
91459
68338
40516
80144
20178
57522
72730
13782
36349
75319
21127
32755
58250
17935
91366
40843
19146
33532
80663
76628
19438
81385
36845
83123
14592
69951
56019
2037
23706
84848
54119
26699
44498
86965
88599
51441
755
39300
26128
85975
74744
61967
84818
84027
92017
12272
28061
92871
39564
78405
11627
27385
42428
28199
49494
46305
45494
79733
60663
68439
71072
41671
15597
66106
93727
32793
63298
30962
46864
33281
35683
59396
61618
36485
70116
54422
80807
24497
93126
57514
97424
93874
75585
18892
7915
53905
20221
99818
60321
46545
71226
74719
46789
90465
87377
92536
62458
63648
40082
79400
6626
79603
95602
66410
65331
83663
25441
60748
13826
95083
11416
86811
32963
75
21630
14737
91837
93411
67120
71054
79876
83498
91414
94674
86076
78256
98373
64938
10075
6629
33217
66864
56092
91268
51310
54812
85833
32925
27535
44985
31783
28462
32023
68654
94793
60593
31357
5380
59080
12589
25060
99280
41201
63523
39154
84945
71384
66338
24243
48934
70812
54194
6205
87035
76498
41503
26741
58780
7436
54371
85582
39137
69871
86487
7134
57180
84895
64501
65088
55172
22683
25813
71092
75521
14984
48054
94091
10288
74835
39612
22397
96431
14784
86406
28345
69054
53411
93536
76845
53304
77412
51317
28760
59343
81545
57664
61249
21842
59131
29340
3225
86458
99710
7698
20735
14033
99432
26785
75924
9062
58905
93254
18664
37202
64359
2179
1148
63007
67800
11491
50946
51013
25068
28679
75630
44681
12480
28334
40905
91611
15892
96353
34780
11938
15216
88576
62354
33483
45568
72265
90504
35307
36717
74233
70646
75965
26073
7541
24048
89057
43410
51509
45464
76137
24779
18447
67946
6864
32371
73206
94649
64648
62838
135
28206
90570
14926
85193
70375
56370
23608
11276
67462
56001
91674
21459
33990
6921
59514
48918
31462
50324
5809
25543
84235
3908
61923
20233
86115
43922
93385
81014
76491
30142
40971
66440
34851
7919
55379
86949
5416
1823
87662
94675
73639
36287
9097
69682
55176
25040
65131
38167
72655
58843
84797
55864
99485
6056
80432
29870
18077
25365
7809
52320
34476
32872
24859
22777
38470
40068
24039
51204
95168
70888
28699
4875
39935
87249
33516
47748
25358
94277
67610
11870
16110
75469
31902
43014
3702
20234
77367
84665
95704
4598
24319
16448
77565
97490
78411
85512
62100
91914
97741
37433
84448
6017
63817
38457
49996
39395
15594
43322
24353
47882
47455
33435
71067
10742
77882
82282
22948
57817
33314
45463
18058
45510
96927
64428
65135
78004
19760
99252
62666
67845
10672
5192
48750
8449
14803
22737
81500
60369
69343
3048
61448
41750
8968
87898
60453
97325
38303
77163
62293
72424
13601
59270
12773
89478
11694
32597
18733
17596
54172
24381
5603
56710
77175
28296
43220
1968
36241
8378
75997
10337
3178
78277
75358
60891
32007
12503
29910
50429
75054
87751
10370
33229
63097
77972
521
68967
63593
65231
80064
13435
88690
1846
46470
84097
61997
51538
77550
49190
41913
71922
59709
18998
63881
46443
40470
90243
17299
1048
56164
60863
61657
23525
37142
11959
80538
70494
1001
74961
58321
63370
7301
3259
47000
12650
1517
51879
62586
21837
8716
48507
20071
7906
90392
93167
57290
25402
40368
11764
97484
22838
93608
30261
73800
954
4747
33239
65622
8512
89327
4717
79827
33491
54816
61519
20637
88735
75355
73769
60904
49524
98125
59341
77001
95903
88967
97312
45293
34811
46123
52670
5158
33013
45260
64427
80546
2798
47071
95916
86306
70522
13921
11129
55734
57166
2519
86771
82683
52017
32018
1253
83429
19755
19002
75984
95370
61725
90950
53841
57243
44312
16903
36163
97154
59438
24576
3512
92133
15094
96061
12939
12655
29870
73392
93279
61105
77070
17830
7886
75602
18443
19231
84684
53631
80858
45967
38302
73515
31493
36514
1512
44702
95670
53525
97109
42159
66385
52036
26698
13170
59240
38868
7544
86726
8299
5620
42023
96232
67947
572
55206
16748
41184
67239
95859
8845
39770
40690
52624
48195
48767
38892
96173
82631
23723
31600
79995
84040
42003
85500
83211
32965
21163
47658
35820
70633
86962
53991
6194
16858
89299
38573
7749
42417
26316
91284
26416
99431
25826
40352
70190
80546
13913
63983
94486
95186
32596
15615
58271
59311
9375
8967
40079
89188
57266
89061
7011
75876
96171
9058
28102
54846
40105
82020
96468
66141
24483
55402
36614
3404
23241
6416
67662
87529
40746
44335
52217
36744
41190
9742
27539
23249
4278
50310
49876
5956
26424
90520
56518
99811
25043
99140
53255
98100
44934
97434
63640
94265
33804
80955
2673
55250
16747
55200
94475
68122
24175
8960
84516
89037
32369
78452
40979
65873
98756
48635
27349
50791
13056
23325
84741
27806
39154
63597
21044
29877
99429
81535
46753
56806
37569
98765
35668
68286
55351
28711
71895
34308
12253
641
40430
17313
66466
70904
61247
70627
1657
24810
74751
61850
49985
75070
327
43559
73201
99970
60905
17794
65235
99835
74568
28907
63451
6348
41925
67292
91747
56704
62362
95780
31691
39909
96551
71512
57517
57228
87588
96438
75851
63534
51679
65462
89980
88280
84099
2234
83487
30515
61860
27445
12198
36559
92632
78009
59555
14383
62527
42433
73372
18734
60197
72603
17022
2100
44565
89077
84721
26952
4685
45029
61167
65303
54649
1995
13878
90216
59783
58404
76988
35623
86186
15766
86116
83056
16552
75541
81145
90870
55598
65552
85015
43264
98590
83761
69097
7952
22289
306
54826
91678
80567
66267
81765
17614
76850
9045
24212
78333
67840
51943
92583
1393
64495
29762
11842
97378
69663
513
86822
33368
94210
89891
3321
95120
1168
58646
98216
57165
1600
19514
15241
75682
24279
9400
74316
9849
45242
90304
13684
84202
98606
99084
87397
36222
74112
35273
69491
84801
86300
68950
9432
71493
50170
32062
68766
63636
92584
1620
70746
9431
47192
8374
6390
14762
17267
57087
74710
27567
41541
71118
34948
85377
62720
86367
20698
86528
67407
10659
55221
57085
38561
87864
54686
87199
45900
18146
66544
88169
16252
16539
65196
21467
50504
14889
10881
65469
60517
63523
58142
23919
27866
64887
66213
37539
80016
86433
37586
87978
17443
44317
38341
11882
4089
43984
36063
5230
71186
46290
77328
58927
71169
48173
95620
17168
20494
92395
7458
11295
77192
52331
12793
29083
16888
76745
19076
92564
79618
79906
31387
71217
86333
94490
74118
5244
19284
43699
44864
35291
13622
53041
38951
25529
66696
46082
87121
68590
30132
66418
17125
70597
27861
80425
3951
89691
16753
69473
72483
72740
62392
24064
89714
12876
37692
66310
3539
53419
56994
40320
10605
12401
83824
19141
65159
92502
2792
36916
16578
72978
2191
92338
48288
46919
55443
8355
19079
45142
52832
44190
28582
84680
15311
80329
40429
44895
88277
40033
44102
68255
4221
82422
11491
21231
83489
90219
47998
1544
82806
85247
92987
76943
13338
39810
54518
34986
3999
9163
5182
99233
71005
5414
13067
48016
86910
53446
24283
97093
48409
94871
28600
44638
40623
34145
31006
19486
79312
17159
50661
64459
23166
29354
99695
80939
93171
5347
62233
2837
27935
73654
74498
61934
48474
13315
82740
28892
88611
74830
81335
73977
30483
11644
9148
1997
58557
99064
94461
66144
2325
77110
55192
17928
45737
5033
84371
64816
82524
36576
64396
15296
19759
11747
96944
1485
6067
21676
72723
67095
90365
56499
95060
53925
66476
31660
33930
46254
38694
76282
85031
55561
96835
64687
87108
57626
56228
20708
45369
99977
8115
74143
32728
51762
91509
99472
56969
82014
90282
30840
24416
73123
82676
47091
62237
88084
16265
78786
86780
65185
46264
46471
72971
86434
91228
53379
66607
86063
29128
49009
14431
98567
41786
33409
6972
83427
79557
50067
1695
83068
7652
68600
40740
17912
41602
58535
60386
70906
24074
91514
77818
28437
55091
78629
31467
26995
11130
55639
35176
69418
53221
88853
15913
8365
87908
86442
18785
97113
9286
94764
1673
94854
77386
7920
28656
11952
52745
96956
37701
89012
9673
2417
43217
39130
11464
61788
36154
57068
92766
26037
68769
12729
5383
28139
58116
106
90362
3825
12290
75259
79102
76882
6613
6746
13424
22673
19203
19
35273
25559
72357
40497
64917
62841
74679
51805
45372
47459
2892
88701
46271
48684
74862
1688
25205
18100
62500
20731
48097
76306
66339
64520
52707
9850
97743
98187
71692
33987
42867
12550
1938
70547
63705
88081
77798
19490
56001
48790
57810
89134
50504
2879
73946
86786
91106
74367
99325
5174
69083
35383
97706
14231
47567
22039
99243
18595
98217
53631
67829
70947
55983
37195
89741
751
15576
14064
34282
80393
52325
31669
33238
23203
31228
89018
6041
46985
28620
28356
66841
85709
47800
22730
44579
63524
92171
46204
24909
69989
53305
6146
32045
52871
64677
97079
56760
52226
18077
59485
76752
21003
45455
74849
49447
62253
32085
49747
2717
33919
59000
92381
59262
22638
81926
70052
41402
83404
11791
88623
39056
32230
85981
28866
47506
51501
86867
38124
94500
79175
64277
9151
16491
77916
84434
15271
1095
3489
34315
46653
43856
6649
31687
59135
14117
80514
47243
16619
38643
98121
90093
16537
4571
36259
56469
66846
93822
28235
77354
14942
70204
402
93838
45874
1635
68823
45546
52732
4734
57413
88714
61050
16632
6209
8288
70282
21024
75827
54937
3762
60139
77108
12689
5465
61593
92255
59062
78616
49087
91153
40200
59913
58158
22303
56467
15567
82344
37773
60946
33049
55096
84650
92382
9257
15911
31309
93789
35219
19738
3780
46243
62658
90738
3273
10081
57291
30901
99839
97945
25664
58262
27027
92329
48966
17783
49467
11068
4506
52404
38623
55683
60731
9976
4242
85956
93692
95267
19698
30672
27381
8529
47971
63109
1488
56347
45660
41151
35530
31584
62394
27487
6284
2950
50004
92834
21886
44751
85221
65388
49277
16438
23775
36399
82588
56817
98734
7113
77193
59429
73909
62643
55967
35002
20278
36720
7303
41095
6659
43309
80923
15673
49224
63394
55882
65398
58788
878
70542
94175
57750
44815
33995
51646
5773
89531
19015
86243
63749
85302
21356
93399
52320
56309
76385
26271
64843
78937
88335
75807
32393
75641
5372
48737
33516
61867
96990
63725
97704
31586
85447
43451
1911
89937
70113
29534
99622
91818
92311
27439
49356
52717
96634
78377
17359
33419
79057
46891
26573
91592
23948
95226
80874
41334
54196
10801
72155
74038
62863
19466
26302
89339
26211
15778
67816
91636
22769
67639
22540
22826
62212
58275
73288
77002
69847
7638
60741
25465
18521
89120
81381
48318
71951
79821
56371
21007
26941
61944
4314
85930
74816
67731
27342
67383
79108
66019
8843
59783
31586
46498
19649
97528
78163
92579
71829
89404
5904
569
60735
85269
60871
76647
27861
57524
39613
46636
27653
30117
29008
75883
37333
33686
23621
30222
25916
33965
45064
36419
87436
2118
70752
69456
74170
77004
24064
97673
74380
34089
79306
48221
90783
21633
25289
18291
51072
29299
78923
74543
94887
70260
99086
27270
75926
11178
2328
85416
82451
62384
44884
61736
83035
6295
19231
56903
26116
36405
53889
1279
13517
54096
40136
21902
22692
19687
34035
75936
56263
35515
85087
57717
42612
66537
5485
57964
77275
17863
83259
76039
82902
47751
52999
33382
67976
91568
90844
51723
51051
74265
14691
31193
57375
45926
78038
478
80534
174
26985
33695
9813
4737
10161
78413
40785
74613
77864
46545
94036
10620
27314
68235
79299
95101
19513
29847
42609
14814
61270
93385
56321
40265
22700
18611
41911
62343
58324
94444
15023
71736
87457
9169
95444
74750
89393
25859
56890
36119
96723
87969
79164
68697
13022
19670
60766
45659
91526
49162
24243
62389
53540
30626
22888
92409
8907
64441
33542
2044
22191
38660
25517
79528
90629
23761
65247
31415
58521
12654
58715
68842
9664
50828
31297
84996
26738
54230
94521
87315
76745
66809
73002
22686
67626
70514
95769
11265
85474
84510
43736
14743
47951
50068
85589
77050
6993
93325
89704
82093
25852
95971
39422
93792
64918
91233
34703
87075
49154
39226
8487
82340
74537
26697
50871
61869
52261
70803
79508
88951
87768
36688
30908
93065
59684
29281
28318
63546
49493
21631
69138
86849
99025
2211
92371
98858
14885
12159
72459
80527
64210
97133
51385
14490
16068
92199
96001
10026
98535
56729
72425
78797
81548
36114
93676
66517
57594
8564
22369
54089
3851
35493
85784
76591
60850
51024
97232
82466
3439
28477
81820
67939
15680
48214
30922
43903
39031
21431
79771
74744
87161
2716
60273
12718
72461
93932
36367
62102
42405
2189
42052
33151
99240
31301
94898
52970
18988
57900
30108
84205
63429
56833
89655
19309
39582
68586
22989
84422
44123
43953
31356
25217
59390
6784
3443
89911
80956
57135
92860
29391
61844
31489
6418
64120
13325
50288
86411
18805
90581
87329
2870
44923
41547
66700
51938
56733
27981
866
27977
75078
52558
66409
57596
79653
66243
54732
45523
11740
38501
9939
44041
4599
19060
54386
91521
68947
61316
45874
21612
44146
71489
46687
87402
1335
85084
39814
35552
77279
29238
24002
23951
53271
98637
7787
77053
26718
82980
41792
19055
35474
16811
93966
63873
40455
27345
60407
46791
28228
4455
31894
88207
39932
43244
94111
61391
99656
3114
39618
8742
45993
8939
41940
14382
64669
23920
37398
97751
47998
28865
4037
63972
1196
9249
42076
88516
98658
8300
79791
274
79486
11824
47774
75977
67045
4063
72083
69020
95977
41952
6338
23387
11669
30829
40319
13738
46060
76093
63264
79121
5472
46943
66855
28254
2100
8759
2424
63044
77063
68231
75102
55460
87787
65085
6340
70197
34030
36775
912
14138
31491
52601
13492
99626
95057
67017
70052
42636
87027
98940
42485
60320
594
77330
17018
40141
49946
73721
39209
24795
47739
84073
28568
40398
26123
5635
28170
1634
10133
93885
64333
98649
70733
65550
83298
77576
82329
12167
29500
77599
55702
23226
87866
85035
3182
57635
42493
824
19136
27386
5664
71303
4689
44453
27870
3563
15404
2036
7432
69029
77738
54333
68107
21320
1133
67577
83376
3180
74016
12804
91500
5414
38029
80315
73868
44082
7777
65805
84377
2778
86780
9120
96586
55361
10813
50022
70274
95291
49840
70791
89233
77457
36104
83807
72785
89583
84972
1959
92184
53810
77420
39575
54106
86217
24811
37669
23140
26765
92919
72541
87712
23849
5412
6692
27591
67621
98868
55320
98766
92301
21324
16421
99579
70428
8714
52978
46499
32786
89957
70293
96362
6746
27886
56742
28754
24584
72841
82769
46080
33882
20919
56073
82781
60942
1192
73227
73004
65448
96800
70517
32937
62420
57435
35318
85624
17629
9960
46225
43085
27699
10233
21198
75073
79253
11962
74731
77387
80255
87114
60075
885
89106
1624
35797
84628
22115
37032
1843
42770
89999
65190
17271
60367
45531
55950
32224
53060
67694
88126
34928
64827
60848
18433
66589
65938
30197
86337
46769
16521
12828
62314
92771
19982
52514
92332
41835
12075
45933
39811
86080
38364
37095
7681
55614
99654
79728
40960
45519
5705
30223
20960
62474
28946
95360
33969
81234
80313
3113
39844
97395
85442
76108
74029
83985
53885
43294
81145
94188
1602
99937
10305
26399
18215
83065
38220
77288
29882
42090
62198
23488
21528
86150
15472
97468
75477
13534
78975
76053
68706
88335
42192
19981
34493
24667
85410
65211
55829
74139
97301
87684
49359
18601
22642
78061
93210
51797
84668
38114
33394
18438
85928
97890
28952
67040
15958
53154
63358
91323
6409
91655
50803
35730
98767
63685
61079
85469
44443
1246
68033
22768
9909
79338
26794
91573
60841
91937
50656
65129
82493
35012
48354
17458
75521
3828
89471
98570
24793
39128
80636
79330
64991
20408
13778
22579
43126
45977
50561
25382
34078
78786
64648
57735
10371
17222
82757
53665
71530
33906
73360
78051
47741
52230
40039
36279
46482
47112
54838
9792
87523
5685
53351
90412
53066
59988
27303
31006
10942
19164
31808
33170
33352
73906
50577
33753
2735
13673
1380
77684
44199
47221
50450
33301
22054
14706
29493
68338
36825
37148
36495
21325
93637
33400
14779
77092
40362
69455
25202
83454
50398
80796
7459
22751
51046
49875
5636
4123
76534
64183
5149
92674
5968
38065
67394
72472
69239
67343
11731
75536
55569
35665
550
74449
28707
72056
45394
76761
71894
32116
39965
89742
3196
84544
59467
2020
58576
77723
95489
53101
27335
82922
67098
45525
47628
62196
28530
1905
88019
32039
88851
8242
77738
36288
38495
72917
28040
41305
96965
63860
90645
35421
67455
16110
5933
62683
44589
41558
2008
98166
87227
5106
98554
77691
88765
36198
10817
97795
25252
64542
90676
63331
51823
59895
10993
17974
93069
18504
99444
84404
29300
70253
44998
74293
91294
71541
44659
30053
29224
59674
6533
10847
47257
62166
20344
76622
65252
16626
49641
55674
59875