358
79949
63719
2768
75615
24710
3459
82754
18331
42288
54775
28511
94301
91722
97574
38074
94989
41287
7041
68544
74249
4036
62527
9786
12470
37614
13215
3777
56939
4154
54786
47635
93001
96043
10231
65796
24727
19490
62920
65385
50813
83906
65742
28605
89745
49806
38827
48064
70610
78031
91382
84775
97148
9112
98636
12404
88696
51944
71
25579
9707
58844
81750
30082
52213
27588
67505
79245
3446
7607
70101
69821
60142
71638
65646
3506
19086
20677
99533
13009
49772
62792
52298
45224
87234
71328
26753
30862
33558
73452
24953
87326
3973
61068
20720
30448
87091
29877
3491
93938
13734
15531
79396
22440
1912
76829
16525
77722
34336
48031
44010
73524
68729
11827
20110
52042
99473
38120
38671
35009
22919
36427
88846
62880
20776
46291
866
60695
99755
57084
73443
32028
74257
33387
40980
32724
91130
92883
76402
75598
24313
76943
45505
6148
49840
67173
28457
92061
66767
44810
3046
78273
78978
47127
61851
72469
73467
82746
85944
37115
28179
35921
15366
81809
21672
13098
23978
46867
89472
59649
80543
64162
22931
19225
19034
58028
98900
32261
62198
93520
74076
1410
8155
22739
92192
7528
9979
51731
27650
74089
60879
37179
25476
61662
56126
87718
33895
93780
74033
86437
70620
33783
58961
73554
48321
49127
4394
7208
16694
54236
36759
56547
48729
99687
33104
36092
75891
69257
5609
78479
62579
33896
79920
49687
11819
77460
16637
72425
91835
99675
11794
12051
89389
20657
25451
56274
32216
8412
66007
6364
43734
30499
32624
511
91341
98059
38984
63579
15131
47227
10136
26736
65724
55004
30919
87455
42363
70507
96819
55792
81398
21785
61973
30625
78654
37325
32960
24617
85614
11775
94304
92348
5915
93809
48663
83384
29034
98986
18975
94311
39757
37600
86673
33045
58092
67696
3410
32949
97322
28015
4436
96424
23694
89034
20141
27895
85386
31496
93284
99627
89413
40429
37558
76477
24007
30314
7584
28371
88209
57045
91958
97421
70836
27347
79690
76177
50506
27407
18869
6778
22
42880
82774
90511
81866
82418
59674
7069
57289
75949
83956
78883
1885
45735
88710
49720
79632
99358
25856
27932
18934
25691
28213
61482
82416
80332
39081
42436
71768
14905
85658
74839
36416
79117
13996
9950
24513
74265
27969