4538
37315
17178
87471
4219
83852
15775
73381
44235
81971
23331
6433
82148
80286
43139
10081
81250
89535
51059
34647
57801
85645
88962
25554
56321
24228
24147
29986
75956
80857
28769
68566
40215
70095
38473
3198
74719
578
27056
20061
18221
97740
6582
21416
88295
83281
34746
1182
80188
37713
76853
91151
53721
89515
45321
63865
53720
86928
98836
62432
90893
6392
85802
27447
78255
9411
69697
86026
38998
57096
27431
78083
92611
66157
77997
71859
54698
42449
37567
8248
42053
59567
4759
42853
30197
57063
33637
78521
42494
72966
21481
97446
96055
2677
12095
58044
18803
97792
78333
92538
98971
19838
54840
22663
80364
998
26881
2438
13549
36420
29222
70314
34164
1608
78087
3831
6446
26626
13911
91022
10728
24857
73880
97535
52981
38465
39173
482
75263
83678
42788
20332
26350
33704
65260
58118
73117
22919
5733
82395
72003
73058
69168
25306
74446
81561
44140
57747
44118
13805
36631
35546
68495
89263
94141
99506
12238
78681
6960
24921
24907
10502
13352
26312
73088
12239
51151
30591
49539
90067
30098
3603
34545
48278
34721
29919
2412
46556
37781
20282
71413
1801
36970
98361
4779
19503
50491
59341
78792
65555
4072
97741
1695
67255
33654
23779
93896
20122
30891
14323
86006
70179
73556
4851
94327
31492
74197
59028
69278
26347
41079
79651
67423
21023
11679
60460
62681
73772
9385
2515
66300
41330
84762
7209
33392
71031
48110
19941
5119
92591
77627
64600
39873
49365
73376
34087
50361
72708
20454
80970
56994
7639
75098
75676
26235
64198
13885
20751
7698
49592
24910
46401
28248
44799
24889
35211
84989
93023
27923
97169
14846
17434
6239
14153
3516
81762
65080
6808
8470
64493
62352
22257
93728
50652
61663
95170
6129
32913
59874
1930
57497
44907
10485
77722
88343
79361
64833
45338
72277
58103
16583
70900
89134
70651
44053
49999
33637
89906
25124
52278
71748
15081
45241
22285
69720
31516
3505
5220
42346
96976
23155
64926
22024
82619
26322
9416
65318
60335
55785
537
12569
8642
20285
70691
41385
95767
23256
15796
21927
92796
8260
39299
30206
46285
96172
94111
96224
50332
97472
75440
6604
71704
45986
69579
26064
91369
30315
39112
23868
23698
73428
38423
40506
92083
66215
89424
44713
46528
57510
31663
95785
14591
18908
98295
67189
41024
39219
39898
98393
55525
962
38155
82387
76265
97751
154
58332
21158
18609
49572
46062
82441
22232
30178
40527
18261
11249
60988
74660
35438
96676
2007
97632
43782
53007
27271
74181
65263
63201
47586
59427
14217
72413
49493
50836
36561
41003
70689
90549
56685
16856
43987
93091
71331
48009
37573
73945
80273
40270
86210
20342
74453
94751
64596
7126
97868
31709
32018
62176
27140
43595
84740
76857
64739
80776
49633
66276
96076
52736
18762
72962
37629
29756
15054
49503
63934
42563
78489
11700
2690
32776
55199
96248
58131
32419
93224
20672
54613
86715
48131
36500
51717
6564
30887
59439
36136
60874
33997
62876
8761
84463
13077
13056
12475
40549
97206
58500
2716
87926
48223
51171
99072
8494
25276
45238
68656
31702
33196
27117
39639
69363
49493
52177
89528
1277
89367
10885
18988
75875
51057
50465
96040
68357
21243
30190
84080
2460
35390
45415
75485
57465
36926
18901
11034
4098
50053
66937
99222
58530
65698
3430
38040
55044
12490
68522
30260
93755
82937
86131
70908
56551
71854
87109
64420
49282
95335
99855
88103
44503
89772
63063
38457
88064
7637
61939
83527
33683
16514
78248
34951
32570
64198
51756
62196
66533
67186
13310
28612
66909
59049
6712
90382
3641
54631
65817
36736
89325
96218
441
43755
34161
44807
31886
94173
79149
66986
43861
86664
13534
52722
80524
54717
2617
85363
12193
90801
9335
76414
9742
79076
89167
47125
13471
33609
72871
78184
14683
31161
28240
778
38578
88403
31271
28306
16041
98531
42611
2056
94498
82713
89998
70894
93658
24337
49287
13198
14726
84123
70785
84827
22376
64381
81301
46615
52445
56574
21559
22939
95055
73351
27946
90080
3858
14377
5515
3785
65414
81310
6089
72410
4443
77379
64410
71399
14258
36063
1921
56438
94753
7569
78821
2417
88038
97689
25248
8652
67182
86748
63762
9044
47349
27364
91510
7042
68799
59467
44286
18488
95558
26356
6965
31037
30097
32002
48708
93454
44758
90735
46355
99808
72390
48891
1847
88047
47481
15801
74800
50383
85622
20312
3433
52421
15055
74994
9086
54676
71714
63807
94243
38549
37708
45820
21495
8952
27991
39517
4658
23924
17480
75715
57961
2051
64360
50022
37579
44534
25112
14147
37058
62711
96578
71487
31999
56137
87523
74901
81785
28313
69010
94618
31748
49692
56227
2433
71541
64194
94355
65820
40842
49448
46555
51494
11894
71620
27054
80291
29366
18273
69690
84646
24106
19866
90506
83260
84466
97305
97196
37393
94812
91318
88607
8621
72658
1982
81820
16506
48947
86531
81687
66486
42970
6163
99701
52199
63472
1678
18126
76807
62028
46263
41746
62177
35078
4212
4531
23073
55297
95944
28572
30846
68038
6936
40701
40832
21805
87212
51052
9696
19182
36818
96647
26914
58329
61630
79690
29546
31759
16613
77775
45235
81914
36654
25532
85802
85447
39665
79544
71792
55902
98014
6636
51453
40771
62145
91041
24356
47391
93568
44961
10112
14733
20973
74934
54165
5855
57107
81606
48189
51848
77830
89250
15433
42404
1710
87508
75353
40546
71273
61125
68258
3351
86342
66714
92259
91095
76968
98298
46594
3152
25253
80389
83119
89807
25631
45414
30203
19089
64181
77638
37740
19857
74234
23723
19863
13503
40875
93087
74287
14516
91606
22953
8654
10935
17875
24231
13634
18996
95188
3301
25484
81496
50629
93425
15488
86513
57220
80410
96403
61457
86162
31630
65351
16871
61937
68396
50873
11215
1167
53834
7639
70121
86595
39858
62766
89248
15054
67495
99065
57954
5358
87928
60920
7470
36668
42894
88716
93276
22213
80738
99479
21310
80897
74859
10040
76273
6845
26815
83685
53004
11003
23102
16861
97681
14141
16891
82786
82220
56151
6303
10316
54651
15617
90322
9425
91185
85789
38437
20965
68763
46802
59501
49802
51786
84969
25109
23737
80248
63379
31295
8947
11716
30322
12332
9825
62781
39274
43213
48436
58325
72062
18953
64811
75902
41086
35365
14568
67393
73992
51529
28314
237
23019
4143
62288
26089
47806
81649
51622
43369
12677
42511
7283
47964
91888
41794
73325
59767
2525
40070
60876
15082
82416
22576
49112
95431
67374
39990
6728
87159
96341
46424
55492
70541
65434
83164
66415
26051
78314
74428
91228
397
35615
36785
21835
15082
15173
41650
77864
56054
7768
66063
51826
51218
50541
39766
12805
44248
20731
95360
35264
66660
90625
68425
57341
59529
48099
25704
74947
91975
81340
73152
53834
55637
52123
10651
52193
29279
21556
9492
55751
97613
76712
21368
34243
21430
93253
70689
21246
69886
21638
41759
6343
80769
97649
80224
81787
52953
24488
8433
3211
40671
57543
22343
70907
90506
10724
50017
24836
82088
5487
73640
49837
73120
3166
81789
91850
52926
46019
50354
64276
19216
13670
6027
65129
18983
93503
22589
35513
30003
32255
8114
23055
22011
16263
72488
37958
36018
1552
89023
33770
29326
87213
79121
21252
20603
13162
36427
49854
60722
38935
96040
21342
9647
97823
70844
74091
37997
95266
31832
52997
46297
12640
76135
76277
6692
96162
10793
5635
76497
43412
21172
80153
49201
11408
17383
44881
57769
34159
80567
83377
24423
88102
75195
77202
66433
41628
56858
22746
81227
28376
90559
67260
95917
82531
43156
4394
26476
2100
67630
64362
17254
82508
72392
86669
6949
6668
21079
23824
88402
77219
48032
86619
67451
11194
17299
80893
18949
66258
32553
48982
97596
32494
67807
4342
26821
46195
69083
58862
36067
97180
91155
49104
78090
35454
60104
66164
47532
58562
15395
33090
64703
56039
90241
8650
96471
1355
94953
52426
79942
49547
26750
59643
28771
40719
43510
79126
90455
89635
54798
97424
27132
98320
12737
86429
9763
78362
91674
45116
13918
62562
15477
98120
35740
84508
83458
36749
92059
79363
51387
66872
58737
39539
31837
48377
21863
75957
42837
51961
33192
58414
13234
95996
99808
34552
74585
72974
62244
38610
24366
49520
36799
20547
89679
54690
44544
74014
25123
88399
11979
89842
74648
47637
76763
56799
31272
45850
22885
53252
74386
87261
27199
59715
14295
14803
32282
94649
68310
23008
81434
1018
55762
54528
15986
57573
88975
78529
1412
94381
81286
39663
9623
43371
43644
85506
47255
90999
24993
17382
89064
71024
82296
30307
16568
68576
26287
45360
26063
86026
35068
46318
60043
28070
90635
96963
98861
44827
29707
88815
51268
67744
96971
32568
6563
80499
98689
31323
10558
40582
76865
53592
1540
94744
17103
88392
88156
87912
82076
70812
61012
21906
72799
33673
96849
34985
74290
52830
23134
45238
52603
85973
44634
49703
97163
71211
39970
18001
86617
65358
21233
95096
15952
87270
94607
30391
81907
211
24674
73382
78492
3255
34741
13171
24153
84877
19930
91694
75579
1210
88786
51201
25514
55966
14518
90880
26751
84408
61766
35939
53621
85691
63331
1939
50110
70993
80696
24259
99707
21983
84418
23747
17298
28603
35990
73931
31854
54892
31480
31678
54228
35742
59314
47451
52166
31936
38992
84638
8627
31198
95730
68685
52828
38107
66731
17688
38476
46356
77829
81728
15752
72922
31576
41572
31703
39647
40752
94620
32763
93299
32671
11662
56006
90440
91170
18948
43421
5335
64270
60865
84780
26896
99697
78041
73225
32223
72421
22451
98094
13167
81129
54708
53268
35538
78012
37765
80216
57786
10490
96826
58137
13961
41269
61652
79521
60924
95155
9065
41445
49042
83062
23170
72568
28353
96048
37398
3205
82745
41706
91432
77087
86434
21580
82234
29781
23313
72880
7739
23906
78094
19440
54258
57468
4182
68342
94162
52017
25295
25273
48215
32598
64398
69411
77153
1168
37946
62683
89822
35039
42200
55553
25705
33679
8236
24745
80905
63725
81599
78277
28208
57892
28394
57206
40621
60942
30427
78099
33591
32257
44583
35177
87629
10343
96109
43704
86809
89948
95675
8136
57989
12501
20525
564
30465
39707
98233
21264
15582
77232
5293
95207
53861
13972
46047
52394
89847
56474
83380
99920
97230
93564
30897
58140
13239
78422
9285
8314
55089
11340
22182
16917
58474
25365
63284
31245
99339
15236
29931
82931
9793
69801
609
12183
72379
75782
37297
5985
27749
85134
32955
17666
61518
78079
34420
24036
59411
57723
55537
37520
79380
62795
39268
60645
6121
27014
6340
60217
79002
89291
43392
71868
90030
1706
54149
24883
72660
21886
49396
94743
70769
43220
60186
34934
54861
19025
68065
39058
10479
52788
2581
3393
71067
1709
99912
26857
57677
6509
23615
50465
81244
84464
27500
56720
54587
93939
98112
51952
88730
10351
5363
12372
28017
22507
67012
83556
440
67499
28320
93434
17345
79464
74300
72663
12203
66539
36464
61108
73664
43733
75619
17327
79422
71313
65519
91666
65318
20868
41258
88316
76935
54637
1846
13151
82524
44098
67655
78787
68707
26915
77343
57189
27877
94275
73138
93713
64326
45966
73508
43480
88424
23204
51416
85594
6521
85446
81152
40776
27866
80969
17571
99078
18766
92882
87813
16546
4866
81404
55637
95884
46027
95171
59441
31172
799
92697
10006
57534
54820
2588
94399
77754
76281
55108
37192
32392
41996
77445
26595
30868
30793
60959
63278
86579
83224
75210
41721
38586
56797
73028
7344
2007
52048
16252
14700
28842
72504
61162
88695
89697
78048
86214
60022
80774
11588
27964
27514
92031
83989
88541
46206
49864
54932
3736
97236
89297
37877
54035
29897
50821
53397
63653
11940
21926
8515
32192
64557
87535
62365
1296
49223
23174
90088
64698
23621
5361
58905
87702
15423
94727
91314
68907
81955
35306
73816
88022
89774
96030
85800
5790
8890
27451
79101
68655
77499
36685
28208
96562
83141
13638
81925
82211
78202
60722
36082
95112
81098
49850
7986
20293
30389
23485
77675
17328
65121
47366
83177
63641
36888
1223
38895
88120
42794
66175
23664
25504
54140
37828
63937
86865
40628
67607
43696
45563
65500
63933
89906
33599
75749
36678
50270
77820
36922
35992
49953
44434
66534
35450
89951
28738
40199
22865
84637
76245
61826
9468
45531
38116
83661
87649
15524
76064
20166
40502
9427
10685
57440
69120
17298
14038
73671
40086
22088
42135
18716
86336
95517
62352
21409
31887
88825
90758
87694
79509
41845
23423
90171
18022
53076
61624
60179
71675
27629
69510
83680
80661
3232
82325
81320
62096
60327
13882
23609
45310
18297
89061
23512
80270
96570
93440
57751
5119
88691
97263
91552
42045
78538
52703
21038
85152
29111
97787
23298
8657
84128
91414
87722
51173
1301
62933
85194
33046
20389
19762
5952
66505
99671
19858
84010
25839
81091
15634
6360
37189
23871
59950
9776
23253
52648
95414
10799
64483
43196
53093
90480
27475
82809
79223
51580
86262
58844
16504
53043
75607
70953
85070
71827
68827
4528
49023
1815
12726
24574
69493
72773
48673
50196
30093
76399
53307
32308
32656
16068
75536
30597
26886
37994
55007
2989
98251
32918
13865
16836
50454
17043
9895
73306
82115
9150
96040
69516
41466
38786
95768
45805
87804
72982
85738
18133
63856
54634
96796
75724
65795
64416
92720
49485
42892
91218
12403
57501
51702
48224
40995
76807
9531
97860
96188
5453
83826
75349
97619
22029
14236
41906
99351
41948
84767
93917
95932
79217
60723
1701
13111
73435
10750
42482
63497
34146
37380
22629
34429
55471
14797
56901
75138
72575
68310
99794
46934
92256
95644
79326
93246
71329
1643
89159
88167
26283
99572
32176
98689
54914
53958
31299
86232
37773
13230
55241
79648
53572
19518
35961
83510
77956
55320
89520
12162
62821
52883
89557
82157
21828
80044
97703
31663
4252
69964
55024
73141
5358
3492
55306
4480
54904
32700
39365
21075
27622
7688
51497
74904
54798
21626
13188
88780
75474
49745
10085
11553
87829
33400
92269
47744
87476
9982
61459
4022
22940
17547
80579
33086
59472
57649
60372
90461
52273
18299
84059
95076
60907
15092
69995
31191
14758
69166
28701
37066
71615
45805
60684
21675
40006
39942
21475
8
34829
67254
43169
24868
84400
73948
23181
2256
98283
98674
85512
45981
85726
1686
9361
97139
32711
81817
9976
30102
82768
90259
6488
99343
9519
85216
14115
74790
69539
77437
58921
82438
49842
57329
65947
98633
80421
74217
14035
81639
75772
79148
21556
60805
36357
66954
39686
47136
12173
99438
48654
2472
30005
30284
2155
34378
89866
89789
42088
86878
28394
70582
36518
31882
96223
22690
96425
28240
66794
72912
29544
32913
77875
13569
61798
10782
22163
2028
23865
74172
75448
66621
25361
12598
3077
91581
25072
19684
85678
52033
71762
12497
3143
56229
29188
19277
5742
6144
50787
66335
32306
43660
81456
28608
98407
16316
94928
72246
48944
21122
82448
17714
80992
82670
76538
29583
65718
31811
73375
7212
58588
59824
18713
29014
86579
99696
85424
16938
87630
80562
7265
20717
96833
85057
78441
91515
82693
34210
24525
82258
19172
53848
88918
26891
88462
50451
91405
92890
30937
37353
19243
18978
23732
3727
33359
34610
92739
25201
14185
59343
80885
45303
86342
1140
98387
60325
83809
78586
17838
89987
89882
76452
99066
16654
79875
91540
94106
62729
23302
41496
70328
56227
23800
96845
85397
59025
3053
31190
25537
27498
89188
10415
37576
12697
27750
38209
75966
17609
50696
99557
32675
82917
45561
74359
60101
59639
79455
55675
7457
18520
71608
10512
11420
31065
43667
59419
54682
15887
38663
40083
13442
97393
74051
90829
68905
30110
3909
17478
77752
95516
13133
44403
27810
23280
70602
92887
67816
79861
39273
28134
49925
83669
53113
13371
78038
49592
36412
18431
68037
26532
16859
26779
99557
18366
4711
42867
54028
96479
99257
80604
70121
4116
36351
19091
61114
76650
75534
85219
97842
3894
37735
74643
75356
76823
16755
52814
11500
71220
42759
90460
104
27893
52321
505
46632
70942
57879
20295
19129
87539
4901
66496
31314
2850
80178
27753
73723
61628
59711
37740
77745
81412
12833
37247
92660
88670
69174
34514
23184
53614
68957
96204
98201
89477
52127
63971
79745
83476
91295
54229
67745
36993
29066
42503
39146
44853
65755
11601
84701
39193
17157
88941
83879
54898
60272
75739
71891
23925
42524
77190
79655
93454
96422
13019
48274
93010
10507
55906
4066
34783
27333
33515
47554
79540
90696
10708
38661
27426
90847
65866
17593
73881
8487
92364
20146
28590
72453
75022
20617
54944
12191
51077
17162
87626
70872
1523
65218
18423
67601
76432
49377
5932
98821
64032
59858
79739
74222
22727
42202
7073
43730
53215
52289
82959
32086
79379
61436
88103
86307
26391
83787
83883
38591
6363
74927
28111
57257
52255
55229
19162
59924
8222
57780
3492
52638
54904
43496
78823
97138
5694
45873
49985
80169
10345
23195
13234
76225
188
49484
49888
29442
94170
85124
29550
66055
30679
37026
18337
49291
32683
51910
80862
31771
31341
24087
81248
36908
52088
76574
47980
45925
94525
11198
93935
49037
75886
27542
61165
52975
15247
48043
36154
48163
64326
16044
49135
74139
56293
32573
50660
81844
90270
26343
74206
38743
20316
30592
64604
1946
19589
89307
53584
84908
16703
38
84125
97792
90509
43392
85178
90560
14607
76222
52618
34529
49920
83848
89046
88756
49713
36893
19606
3006
87663
68652
55643
70421
95006
60932
16427
31146
90584
92404
49782
68115
95761
41536
90063
12146
16685
37
60422
95987
18663
14745
48579
54819
47425
81015
21030
19966
59136
21934
86909
97859
86035
3452
51413
29244
87830
45265
33122
94281
68123
72294
31641
49990
21174
92179
66525
23393
87977
51062
71339
68548
77246
34644
15022
64563
34910
58509
34472
29453
55792
22244
42590
31910
40394
44054
60886
4906
15168
76079
10699
36365
3686
33788
89044
50125
43641
96400
89092
91342
39251
2310
12571
83837
16845
70742
54517
23843
38957
31888
90405
34405
98837
16306
7024
45239
60968
23346
80994
75675
26176
7961
80681
92048
63386
89919
43276
86431
27206
38486
10377
1353
85206
9640
53000
86629
94161
98533
59415
41555
75472
30206
66452
90439
16647
16385
63530
22026
85089
56019
97628
89370
16944
57512
28335
36381
37482
79805
25253
16848
64837
27743
39115
84504
2704
60146
3153
90870
65953
41623
88597
91238
90733
17641
40550
45806
45923
4751
73157
61653
61542
65855
88856
61563
33912
55588
11443
44994
64544
8133
53319
69686
19615
60492
62859
67303
90083
86196
58552
31899
87684
63978
85779
55371
19899
2883
44763
9688
14091
80010
72698
55212
24977
65568
91734
74756
49621
43723
19772
27025
66181
36715
68721
45786
37612
41988
5650
67433
89592
76182
51898
74569
28166
66931
55457
88046
36892
55771
16850
41352
2411
43369
29258
64134
36227
35561
8163
4600
43784
20756
64479
95004
42890
51488
98590
52955
14752
4361
92130
96364
81364
97698
61624
90558
37603
50312
47829
85756
40449
81977
6365
41908
30664
84596
35966
91419
1939
59814
6312
26273
80794
61448
37616
31909
6084
96513
57911
12996
36297
34159
72664
14248
15111
12686
60901
76381
22533
95488
25163
20818
99458
74646
47731
85829
27763
15621
90795
1616
17121
50077
3274
81657
82528
19524
61786
23362
73628
7690
81150
32857
23741
26753
2374
88621
75721
15186
40668
25975
66825
89103
90600
1393
49703
86452
59246
94900
68651
90212
27384
97858
44279
84804
43928
61424
33291
33071
19214
26809
79444
43519
85066
14715
29699
17248
53840
13562
50008
89916
5479
23324
13000
24166
26336
99389
50243
69230
20879
19442
4298
88210
97980
75525
66717
90722
38731
78112
51760
73833
39640
95307
99262
58700
69733
89110
13492
19579
38605
64123
8251
75554
31036
50001
38221
30874
36054
57909
64298
87440
50895
32277
62306
24403
54384
65946
77576
79288
28258
62043
60423
30223
17049
60533
24340
67620
96288
27943
32042
79673
80958
26378
49112
91210
57347
37009
57363
74170
83259
55509
55934
73962
41935
17127
93909
54566
52958
88656
2290
68920
96972
71588
67056
92313
95132
48244
76993
64986
95714
99203
85238
5585
88629
12782
32587
38906
49841
8226
41373
36492
24025
84887
78265
35465
41768
10467
71356
99203
24045
49226
57710
23199
46935
81398
47999
89865
62977
86931
15416
68354
38059
88376
48039
81441
62394
4584
11868
7040
78700
58656
35258
42921
45684
50554
46843
94554
48846
87244
73740
64487
73637
90436
73446
32515
3194
5345
86658
88248
35002
70519
92239
81622
99679
34352
98956
68536
93152
53435
39240
69678
24755
64964
93375
94538
29940
41950
6936
22489
32039
14165
48184
47245
66314
75353
19272
84228
79644
80319
33397
38651
43338
4767
11538
29667
13674
19226
76755
77613
86380
59892
70906
84454
53146
59395
9025
11511
24353
757
75959
47177
62805
46435
42873
42521
91854
50876
36268
56964
74012
59678
63973
53554
25884
51624
88699
8779
28464
99201
56566
70668
29544
53436
21874
50718
45811
21594
40425
18603
42279
16267
72145
65207
23729
26623
17378
95500
8099
33812
10035
14104
37926
63849
69389
47395
7903
66744
85743
19228
99932
28337
97711
31520
91021
62529
68071
90547
8861
33339
43614
93359
99003
89514
77385
22420
50765
28388
86574
43188
51599
41456
792
56869
78419
67881
10605
37410
6921
16919
51698
68857
91237
24902
46606
21770
92761
56043
57939
67085
89634
58939
61827
5850
65078
16744
67243
39339
72020
99794
47536
791
3241
7549
46525
50115
80514
4631
21422
59284
44622
94382
57819
23336
16066
39042
63606
31305
77890
93674
67065
49487
93641
26753
51459
36037
1520
39729
33670
27635
40782
35280
4199
27357
72416
49683
73527
31815
24235
54611
65861
47976
78663
62306
16624
75121
17680
99211
18655
61030
45095
35105
18049
60587
23359
16233
3400
14241
75691
62544
16884
20401
85251
81252
97072
39284
16318
38476
27684
29102
71571
51210
91689
93807
39162
17237
15978
89706
1052
70357
2600
63681
29979
74380
1180
20833
4896
81923
85332
49399
5150
7541
58349
32455
37474
84116
10081
13442
63975
98437
51013
77908
4121
30502
14978
71992
66170
36561
18159
52653
82676
45044
21591
24368
83495
69948
7065
98603
62866
56730
45557
93586
15078
25704
54007
8171
45682
585
44464
5058
94233
53283
82898
13784
57971
37922
23926
43731
65408
36557
54689
2269
65398
15246
73426
23164
85142
80735
85241
74259
61026
74812
20196
77272
39291
94418
10135
78243
47813
81441
17799
9696
95037
2849
30786
93338
10589
60345
96257
91931
14907
91961
94318
91693
23567
10290
56673
74038
34536
81419
19500
87130
12963
40187
58462
29594
23533
26579
17546
4632
90501
3928
7666
75310
64625
72976
61481
63129
32794
79399
7436
68192
8170
23022
57093
98579
37701
93535
27333
2532
55231
90205
99616
60539
33562
7184
64959
30355
79406
54091
10510
90282
66466
38311
6767
99519
59622
84333
24086
95479
61977
35053
90276
67853
67648
41696
3488
70545
49889
27165
54049
90224
40678
64924
69631
84843
88754
38502
93644
20848
43716
70252
57005
91844
25937
67762
74212
81198
69592
99509
15494
38885
4134
4879
30535
66561
95105
27877
50624
18711
32059
37786
61014
56101
71054
66026
44982
83563
22329
96239
83163
92472
15802
13342
9031
57873
42063
2646
61978
44808
85460
93136
39837
26524
61587
80144
77686
55930
32787
84416
26117
37614
12411
69245
91004
7421
60744
6976
3727
96577
84555
36435
76339
43135
78266
37659
44117
588
12185
27636
13065
80873
7594
5346
41106
39980
74236
75047
21278
77296
19383
91107
92399
14642
85032
85311
57314
92365
32859
84754
42188
76599
66051
71687
65802
64718
59463
2276
61689
22550
36800
40197
10018
49677
69696
50160
52575
89464
17522
58369
17091
13782
39716
55336
35199
78053
59536
35628
54731
28724
24192
22205
32944
63000
14486
54599
90320
15180
92227
22315
90196
87827
92944
75947
16208
75742
76857
19424
89920
56792
7040
77197
2390
49500
59429
25115
79702
93301
84946
98310
69082
12336
71125
69747
84582
29815
94644
88403
55785
61793
45979
87757
62109
69314
48160
81283
45136
46416
49910
80825
33332
44156
11197
77181
14418
96661
52151
11750
72395
46099
30652
17299
49729
78506
58671
19747
55073
11351
43167
24404
69056
1108
2703
26953
40977
65773
19333
76127
48312
8295
39127
59239
28958
72976
52503
76848
25392
67559
83230
36015
48943
5814
26479
20716
65024
60254
81502
55461
9078
70718
34732
49707
62463
74412
90757
38806
24468
64434
9821
5118
14563
98625
22014
25180
36054
74164
33013
21010
43967
68735
30384
33200
16548
70126
54858
20099
20931
79227
85065
48655
69030
99074
20626
27904
89013
90693
6104
18828
80990
60053
91563
40869
8384
49982
36183
51660
31103
55564
48415
4095
56924
42360
43612
59974
84782
21912
98390
5466
67574
45107
1020
99831
36133
54808
84811
53190
28705
91794
18554
2076
32279
23692
45826
17957
21322
22487
25672
43562
69786
96297
73443
88764
75239
25696
87798
59104
33070
20206
31512
68760
5965
30611
49802
727
52747
11227
46695
92541
25078
21465
892
75817
55383
84508
17646
53313
39751
52122
96494
22454
89090
65142
95199
37735
71785
80273
92370
97722
96467
73105
98038
84732
71668
15588
46468
8875
99113
82573
85986
27723
51957
33321
73473
16897
97290
75976
61909
79789
54251
69239
73172
19003
98995
88310
904
43566
10959
5161
23444
65513
47391
4201
76763
12336
75302
99555
33701
76677
53194
27106
50956
41456
12939
30018
5809
50456
89994
5371
68329
91501
1028
84097
53377
38640
34523
67703
20079
65163
8989
67910
79368
83349
27685
26489
44823
10364
94473
24283
88748
77124
70271
50025
46893
86352
6774
19824
22024
53471
38105
85584
7111
26618
43791
9161
86187
72069
91
95805
27276
91092
49089
6076
64148
95760
17549
60598
34260
85789
95907
73220
21892
51989
47328
33523
74407
23738
32246
87427
79662
29742
84129
2915
26649
26278
50754
15757
56553
63360
15845
20995
92928
70933
84032
56205
61456
33889
59919
27159
64384
74974
11805
95262
29414
52068
29025
89354
26701
37107
99069
78402
53027
36616
99593
35550
49923
86878
60502
39690
33566
62541
86386
24603
6603
35550
89700
66215
91081
37328
60125
36728
15056
39429
64265
86901
17731
99744
48472
1466
54408
3809
31712
16489
23264
59562
43161
99076
78149
37637
72748
38121
75545
23063
21783
49343
32703
90260
88785
43641
66707
31469
10969
10049
10720
60443
44338
2726
34206
16390
82607
85316
95047
51049
68441
68946
9938
47221
7756
54109
6167
77504
1110
3236
48370
81202
84012
40248
92425
8788
61400
58590
26162
1044
71276
39644
72467
41190
82033
60303
68457
22137
39606
67234
82078
11034
18608
33470
95395
82175
11010
64777
34025
82708
26454
22689
47513
39731
6162
67114
86847
38662
67002
66387
1078
34442
96533
35088
11214
10252
86616
6294
21145
84458
614
64009
5822
31683
19859
66896
4833
38917
742
72226
27962
67482
49672
10658
53831
45150
63132
45806
49694
2550
5013
13269
51368
58136
67132
61011
19478
17716
34006
17101
52102
68575
1797
42690
4107
69665
89526
73588
96123
77169
17087
31562
40924
37926
94240
98212
5899
70995
24963
61939
93425
95379
89492
60555
83335
95860
33412
16332
67536
22702
39920
2324
12785
77712
27568
71200
57378
29863
58833
59086
98914
60388
52106
22361
26339
20704
12761
5116
87776
39036
33378
93387
55220
67888
37641
13728
32498
2930
88276
83238
79217
22789
98525
43104
16685
73019
5556
31801
26389
93692
93709
85456
95288
31604
84184
47420
15172
49365
95510
24673
22913
52410
29956
51518
34142
43851
20203
78834
26487
86661
59512
58792
54606
46067
77706
90290
79750
21698
99570
27626
46355
53674
34294
17270
43471
37939
97002
89378
27228
3583
16949
76657
57850
16987
21209
86738
45251
11963
13803
6425
44037
50913
9137
64511
92081
29475
82036
77508
14604
99359
6481
65297
32952
7447
45041
22265
21399
4633
52080
49097
75535
20258
17229
18111
88358
94136
94623
38190
76430
72752
47070
76074
90462
11112
30162
92706
43099
99721
97037
30408
69415
27944
83421
42947
22202
38826
81333
13487
62954
61111
36398
17419
73369
11461
74681
23408
75545
14475
72011
20890
69484
50021
19717
5632
24043
30904
85948
58899
65569
78948
34861
42686
97368
72654
92859
43264
59717
26134
88766
25409
62276
11209
64536
58597
36815
14439
29087
95255
14284
17140
36136
51138
45004
72890
32090
53318
74925
47596
18149
96657
9381
8516
65543
52572
65420
7309
84677
78980
85130
26595
89299
90982
37624
16935
25285
40234
30272
63906
67108
90166
4298
96879
78563
97791
97803
99529
81461
20611
10752
12885
72435
4082
79626
61949
31081
10805
12619
55578
23030
10751
53284
57513
79148
82951
12338
2508
25402
41703
22517
75292
76431
1835
80639
70672
37256
33334
25348
33001
20654
26175
7079
62177
48056
99493
53289
52784
93121
22854
17734
80011
26673
81778
13292
45991
80912