7049
94084
56713
79233
99795
40633
88009
12427
91981
8495
55798
99006
88910
97175
36742
78656
94277
36736
49156
43683
3144
40865
42547
46703
81551
59481
64754
4264
60932
66813
30317
46369
98948
16992
51071
33445
17610
50492
39091
11937
71183
5438
88294
12683
26956
99535
89146
435
30734
66438
49975
27791
48016
17128
46551
32139
57139
2020
3522
22450
38827
56340
30322
13328
21458
63536
47609
78752
2870
6739
14448
17080
23188
37157
50973
36218
57509
36213
61387
38703
31998
99093
88482
21480
21057
64699
7715
47624
95000
18814
71157
50132
5112
60530
22615
73200
34392
69352
48957
53829
39173
56864
27979
56180
91955
25095
65868
27519
49803
60836
81960
60010
48807
7242
61538
24576
81837
18467
93017
72527
47724
54890
27894
77084
16728
18625
95686
70694
37463
74285
25888
10189
34429
37985
84554
74048
26679
94643
89625
96181
66261
16831
65859
50560
47981
62588
77118
53650
86354
85411
52700
99391
44106
27159
23899
22138
20735
91260
46840
88093
80928
37391
77233
73780
52391
38462
7917
60124
53993
67243
56468
65982
92817
18919
96395
9452
95897
90972
53490
63497
32375
43488
30035
79243
10649
93670
44875
81309
82884
42191
91566
98168
59766
43144
69547
2261
18301
1909
59027
76201
74561
5647
10811
87093
68321
72998
72740
33663
69377
61040
69185
4383
87024
36547
88705
29769
19846
22034
64948
49204
19584
27132
96710
60351
6361
93691
41440
69721
50423
311
94249
50401
73078
51148
66612
16851
9517
48014
62383
13721
76776
36391
70644
28825
83846
11188
87645
51442
41062
85062
39736
42792
60776
77096
34533
76712
1908
88409
91959
83508
95816
83992
53944
98141
77562
77465
95066
86327
7122
96229
46921
92640
16731
58469
90911
12185
16703
52637
11785
22646
8526
41980
3027
35050
85137
14810
52438
22216
66993
19278
27389
31848
90550
25577
13038
89524
75462
9766
76331
6703
28693
29014
65328
70427
23979
28453
20231
58892
37922
75936
21056
21146
85772
66624
5707
66675
6077
39490
86241
64975
9812
39369
47892
52783
25587
7469
956
37301
30258
39667
58300
61628
29472
50702
54867
88169
19547
87953
18940
59605
98811
56844
30290
34376
96475
6790
55599
80002
84554
17442
24040
91804
83659
9677
2776
71231
99524
62560
49627
14831
36498
53183
65462
11090
53878
48477
16249
75020
75620
77478
13125
42568
76009
34865
70783
16242
88927
82500
56812
53641
91386
36510
1592
55830
32154
90929
46429
61374
50488
64481
42631
10187
59017
98068
222
71420
44538
25446
29327
33033
55366
35256
88616
49593
63966
78540
81510
83821
87113
64346
28908
43390
64381
83888
87581
7855
76968
49387
8638
73877
84249
22010
42308
94563
98958
50668
59596
25782
23134
30973
41137
85854
35186
51400
65515
29160
41087
15467
16650
55849
34504
92337
5953
30537
74230
78654
42219
99716
94173
71460
78692
52777
46460
43230
39488
15995
15287
37000
59148
55260
43750
45357
56702
816
30339
96637
55175
49870
70862
51827
61571
67794
53846
79832
63177
8324
31252
29335
62943
62467
86371
57530
91194
16438
33943
16403
88697
33138
64208
17421
80443
12228
3410
54778
74600
38255
88407
55402
60106
96735
51078
464
72484
9245
66334
28460
72117
49710
6007
13609
76072
32161
55847
27683
83359
24467
85769
39340
3053
44063
5345
80909
68732
68083
31921
14191
52417
84551
26417
49189
978
50489
83643
40131
25459
6825
65092
23674
97725
53917
90520
36470
74442
84354
25857
10213
50659
3052
10225
61890
69996
93450
52040
11688
54508
83980
36610
87527
81615
27103
75083
45607
1149
65289
848
54709
93807
98983
58263
79883
18856
15123
40284
41988
89155
89400
11828
49207
84437
65450
59765
71675
83327
56814
56965
30516
13131
23128
38433
24442
30726
48349
52439
73857
51405
93972
30061
95490
45257
10228
67622
15527
11684
24028
64518
14940
91907
15488
88455
94631
50364
63940
53620
33776
31701
3496
71245
37447
27389
68459
44892
97744
58980
11171
40774
35742
2232
10478
23761
40081
56784
25575
35753
18485
38102
67569
47811
88078
91038
24920
38678
82504
41394
99380
15690
75117
9311
45237
68382
57232
98532
25214
5849
16868
10841
5643
49417
24547
34961
15003
84865
61941
60016
30094
37340
63919
93671
68576
9051
74074
65082
16525
87294
41521
95180
38803
55085
14609
13832
64671
61545
43281
69115
54610
87360
57357
69468
20722
1836
88089
20243
28744
37241
90687
21289
77986
36536
73675
57165
74788
25863
22721
36559
40441
98929
64577
76394
63407
3690
70922
72739
49106
42460
35821
2590
96283
20832
28824
2129
26396
34459
96757
1815
60049
95194
39588
76086
75094
62601
90088
18641
13373
22765
22711
85596
87855
95599
11791
85251
15144
12089
8979
69369
10041
11339
43199
6989
33263
38780
67150
4031
99986
11030
86778
2388
82559
37406
20456
54001
87196
64406
13934
41108
91480
98285
43806
50709
42454
97209
6270
60261
75228
70215
77154
89683
87435
30005
53640
99457
74120
12518
92805
60890
44071
62876
88163
14638
24349
78977
73211
61365
50919
25526
42181
24192
32058
65118
86409
58817
89261
88338
57937
10011
69428
65951
78314
60720
88249
23466
80947
59990
16966
91114
589
66069
66407
52795
60040
41129
90679
40732
38502
17106
49238
82463
51094
4603
90273
11492
17403
11504
714
24317
97377
47278
79435
79658
87458
29097
527
34413
56716
79664
91576
93531
96290
7671
69449
70883
90582
74535
4076
27356
66711
6516
15875
2103
63105
90463
18905
37458
26102
35858
8925
97846
67535
57358
15927
76720
59674
37259
50310
92777
12888
74857
42191
65084
26785
33255
53229
30559
88714
45879
96008
98226
22183
76043
15802
14105
79178
14673
95717
86365
57175
62614
2828
58366
1715
92676
6527
87070
19625
83998
87582
77185
45233
45994
86350
53444
81160
79702
48996
89564
62306
4179
37377
24534
32228
74384
71094
64290
76988
92869
9582
77887
67679
68150
43489
27934
38653
33342
54463
14032
33589
90374
28515
75606
5711
52287
70466
19658
96138
57788
86267
92045
76585
11548
65934
16773
434
57479
64545
34189
83062
88925
32859
9554
88802
53810
64920
9446
92054
90486
32951
66281
61171
77535
76361
3003
44444
3364
29123
90297
65894
63505
45953
82255
27924
96998
81070
41298
51563
75268
60927
30982
6531
95485
60086
62205
4225
91064
47582
24489
43213
15483
64396
76341
3853
48644
78757
87674
2793
73515
67434
32085
3654
81178
71812
15945
22662
58097
90546
74548
41990
15088
73657
217
51204
52524
33845
93897
93288
75898
75627
28156
98890
26072
53858
77959
90861
70178
22402
4719
9577
63391
61659
62380
56536
1575
72286
72724
74413
94218
40720
66700
53298
12980
86469
69370
9484
22260
56227
34753
64698
22595
89867
84275
15256
21188
932
39390
18893
54804
16994
33277
41997
94866
58269
40391
55575
72277
51992
40591
23355
85956
3506
97945
50384
96634
70547
47543
75378
9417
92075
55933
53288
94081
51749
45821
69424
24048
39934
93774
35155
13876
53652
13658
47294
57833
8452
16858
78205
99480
38450
91625
37544
74341
12741
31846
80939
1724
84464
58822
27528
65648
45840
12573
44063
86522
17654
18967
6058
47201
90670
86464
57704
48875
32319
18955
52109
8808
77625
94857
41549
74898
59609
37231
25791
39066
30930
77463
88984
99887
16552
95846
43736
17005
34919
98324
38782
26178
37080
28033
96678
98844
99857
94852
24780
1118
54425
66082
93451
81712
45725
59604
62719
83245
42362
9030
43412
12756
63123
2890
99815
14893
5716
12107
45923
29712
76964
21967
54366
81323
42599
13462
73877
93969
44534
73339
88743
96594
31843
64644
70576
25566
92406
6147
68535
41270
50438
50984
75883
99890
89511
54027
98039
73992
64090
25237
6348
73431
94453
85710
86459
84080
83850
26539
17280
26847
7080
66237
29349
44057
38118
31332
41294
94781
19461
35630
32087
84022
84702
15282
85221
79250
36379
63342
32147
66325
40364
68646
76297
63723
93091
41736
69092
86410
12922
60826
66763
95549
26758
59055
15295
81333
45420
35054
17508
46030
31410
58918
2038
85425
76653
98090
55406
19989
90520
31164
92463
45648
88311
15592
33566
38495
83274
99515
21480
34557
2791
16056
56253
65255
79420
31942
82795
67884
14580
51446
28442
75079
26925
88775
34045
90832
56245
2403
95586
49602
31505
7277
78857
51652
96078
93482
18796
21365
15177
14152
92213
51256
3366
48881
70211
2460
65453
57935
8941
67791
72981
69901
68931
56420
39193
85657
87247
80941
62473
10585
78889
94264
63475
84747
51718
58968
78999
83344
99742
59801
27419
12049
34522
49076
22536
91412
52274
21996
33833
87384
29330
3770
8381
16979
26823
45676
21421
27223
27981
18432
26117
10065
18770
80599
23087
93698
18704
52888
94719
78729
45784
29522
20394
9841
36102
54173
69838
18972
49256
99104
97801
98846
59427
46723
18834
20569
89155
70090
57560
41619
83228
80933
45315
78631
61587
4104
4985
41161
19352
10825
75265
70509
50275
46459
43802
53828
37100
2875
39020
36698
78994
80735
60372
59748
12881
50152
44988
45848
91003
48439
96218
59053
62393
62929
48447
7954
66156
49203
86905
25922
91788
14998
30677
51517
84497
79776
44465
94239
24323
27380
68450
97496
84745
32427
23956
54519
79990
91388
76107
92876
45321
92629
22695
15227
62086
257
80734
59453
30857
11460
67420
52853
35938
57971
97905
95380
6357
56391
17420
63193
76201
51329
6725
70994
91976
27030
57757
75040
17458
89624
59481
85543
35068
83719
82945
20271
93303
88526
659
39801
45419
98423
25112
66465
16058
82535
38651
2902
92958
31074
89660
43531
39228
88858
49518
47971
23125
75598
94716
17952
72796
7839
94569
33064
36928
65055
212
23851
4217
44042
73781
7197
80142
35214
93560
26498
58221
88543
45958
62801
89827
68282
60355
73917
55103
35870
43257
295
36374
91318
97973
56748
87394
33843
59005
84022
74900
28486
18479
33826
75002
79051
72040
270
13844
40277
85604
59638
87057
99476
55946
6510
66755
6977
55906
49947
38279
11803
58517
7733
72687
86341
17767
40985
64940
88550
3807
70520
35864
12547
51296
4879
92319
52041
2128
49757
11923
17986
49167
65684
24224
80633
10221
29721
66921
19511
88590
61739
65584
59134
75345
98848
76404
51068
23980
28654
73335
35156
92148
40067
76555
2924
13503
33748
61114
42750
26133
13331
24601
53451
61559
64192
55415
7257
90297
89034
10104
40826
80488
52530
12945
48106
41260
61950
73827
79031
28953
38020
63568
67358
2185
4946
33687
29862
70384
17334
88787
38606
80458
85294
41568
25442
97979
2171
55730
49170
29731
12208
81275
19677
59764
2880
72402
63230
93117
21527
39924
67576
36642
49341
49663
23540
24421
24924
16373
19717
36745
1397
49346
83841
39549
76324
59718
46255
55420
67651
77705
68784
56354
4632
46395
39053
69982
47495
41529
85136
25648
90583
88827
2814
72139
4826
58435
8475
64652
88901
27985
50101
32100
84742
80505
45109
92737
14726
16516
41685
3787
67606
56630
92395
26607
16193
10342
11672
3858
88694
25041
20924
61584
49043
54180
39713
86370
80001
18910
46189
52809
72694
33247
85633
75203
30845
41520
75364
59535
67500
61742
50959
61039
45299
84162
66070
96777
22405
96655
93831
51880
6136
9443
61025
43019
75571
14645
14587
15896
36085
95571
28340
62259
29122
47041
42716
99817
6367
91535
35342
57122
17523
36793
17974
95111
92541
9646
41515
98114
90660
79923
45567
23696
95574
17617
50815
94394
17669
27806
13514
24630
99099
20901
44659
45729
2343
86529
69492
90628
76455
86715
75189
98159
60161
69220
4470
70716
36279
33217
71404
63322
69390
38077
78310
85750
62138
12114
1194
43659
45911
49865
11890
63031
27978
15123
71448
41697
17579
69961
12023
3007
46818
63587
52635
58706
48968
49866
79470
61928
61455
90678
25254
74097
52159
45308
97178
58788
9709
79662
10368
65291
46545
61763
59708
8802
42272
18748
16393
95955
26224
87662
30581
29479
17946
70387
38958
21642
72737
93105
7429
71731
38971
30788
49464
68083
14632
24522
50907
53593
33230
18462
46216
23622
75281
89834
5092
12032
53406
88087
79653
39174
33371
57780
62781
57399
74028
93626
47270
76775
46824
55472
56006
97430
56451
59301
68697
38084
76906
73998
49367
71140
85365
82616
9888
18705
63204
65193
63002
21151
20307
25997
50613
20461
93416
45853
98121
10511
14685
87113
14251
33472
99668
26169
26815
33788
28184
25374
83623
88381
18283
79549
7394
94581
92961
23791
41122
85579
87361
80354
46528
28567
83664
28851
60214
91509
44276
5157
15707
77010
1002
33757
40269
749
98950
89974
3634
2968
48084
19597
26947
21625
69191
48305
34518
91557
96596
89503
74501
10006
35441
67390
33550
23510
92263
71186
53446
66547
9650
53981
34928
81419
68869
1445
45394
91337
4646
27780
79164
28972
46931
54437
55362
91495
91306
86729
81820
79151
70264
61393
26616
43412
67525
11825
45178
90025
60697
10954
25616
17154
39847
3837
83558
81581
27906
84373
32408
99511
12050
40395
84763
64504
10622
7459
78523
38911
51806
69558
58298
13339
9676
27984
42797
30036
66242
966
72248
50674
36120
78817
70466
7224
89320
7871
25450
9020
27271
96573
57594
6035
34251
58706
95037
3199
46054
69911
12515
71620
65127
44132
17722
39973
50994
51726
53812
1294
17591
31111
71380
45707
68172
57671
13570
18273
76275
49962
38657
78830
92599
58181
13960
18195
62839
71236
85973
31019
80056
46848
98341
52912
65751
42475
66434
17314
76369
47569
28135
37975
59951
72616
90200
33869
53676
12299
65784
66547
80796
71953
52755
5762
99703
87352
46736
58400
11851
95881
57738
3589
80925
18053
55816
21565
5667
93964
69231
50611
85674
658
14969
79639
55958
89862
45212
84702
78714
88161
23548
35493
92020
68197
88144
9232
87351
23057
25654
19101
88565
11784
22326
95139
29716
94571
11541
23169
26336
48537
83392
95131
62073
58091
10490
76260
47177
82691
8922
99744
38002
86811
32997
6843
86052
46875
36467
64241
98094
21930
80869
92588
46399
73948
9952
68827
36179
99824
75834
89810
62139
44475
33258
25925
56563
39114
88178
34937
50461
15275
3869
79927
18187
81399
50619
89622
18393
35319
67227
80193
67914
13621
14102
84313
85836
56633
8398
3125
29431
23862
19395
67102
65423
31299
4384
45533
45832
53890
98768
73864
51581
21841
14972
13408
25840
75032
33114
62824
11270
29264
26254
13768
76716
33243
48446
15546
40826
11447
90966
29260
80439
1436
42137
48644
28577
20007
56298
93398
17582
39361
65596
66219
56076
82316
23047
76090
7477
84819
77662
94766
42903
96729
19545
78956
58471
31245
13172
45997
74370
39034
42682
54127
36389
54617
34431
94610
44443
48083
340
93334
5320
62109
8480
36148
23781
65564
19418
3187
6466
95011
14758
14545
96343
31373
76683
36758
44505
83935
93048
58787
16583
70325
81728
96500
9564
53458
9123
24880
22975
89052
23137
85716
37967
21601
7949
41135
59714
60307
5836
99663
98315
10636
68875
17601
55524
97862
94145
28095
64949
92247
24620
29587
67979
48576
99464
65980
49676
92623
63851
96553
31919
89294
56841
21028
25419
37308
64871
88903
9863
56986
19372
62776
15966
60245
21330
44134
16559
51435
26297
63270
26158
71965
77658
16639
60673
52935
51287
36271
30880
44535
45159
59109
74892
8940
4225
61653
55738
84738
74156
46314
35115
55386
98895
13211
49444
47417
29158
72920
74813
96018
90632
66243
67834
70707
51496
9860
59199
53042
9910
54787
7427
49170
17621
35321
72872
44658
22466
48864
9526
99566
86092
19658
32497
21815
75792
85435
78549
57838
26387
91379
8129
71383
15509
73649
23959
9815
56119
45354
79891
1196
39473
11573
22187
57874
3359
78491
57357
35139
78956
49750
19667
97919
18167
67439
4553
83723
90893
23078
77266
7746
56036
71333
33318
99529
64599
976
63442
31226
78230
68020
34524
54106
50939
19230
31894
11492
89711
17386
9529
97341
82094
42870
14322
72917
18029
50369
70828
78277
76036
20551
75163
24563
84332
58405
47100
4100
86484
13702
85671
40786
56117
82760
51093
13895
39565
32751
16174
22301
78554
44079
69713
8762
98289
3
74969
49875
38229
32515
60425
94593
48287
87569
81604
57793
74197
67496
85357
77880
19607
6438
56498
59374
26042
47759
57794
67074
64812
10446
63036
66665
72517
87827
36755
28613
72061
44084
96574
12667
53163
76867
86556
22566
97255
64470
25895
4547
54691
90865
19804
38956
94691
61298
62981
25265
81062
27295
61331
91187
52784
54999
87057
89497
26196
8165
43693
99506
43685
92428
12668
45091
21794
6712
95106
28293
59001
67226
9235
11005
70289
9311
23695
34604
14339
94467
50617
79411
12395
87457
94140
1063
59099
80362
50048
58521
38527
94294
64711
62446
62804
90801
80882
68256
80466
63762
36651
84205
90404
94673
18977
18550
45755
8891
40793
71268
24991
68510
73462
90222
20593
70250
57265
85206
90533
73278
79111
26278
34805
92115
26421
38382
97768
88305
76355
81894
40967
5958
40392
47831
53564
15533
85579
9404
64327
39042
73536
6121
8973
62318
35772
77445
84960
12004
67281
93912
36721
27616
26799
69521
49850
2274
72345
14558
65452
89636
78462
41680
73148
36329
34316
49223
34305
63151
75136
31677
86492
17522
20545
86596
58924
62318
94705
25748
21201
82133
49511
26370
78985
71522
76445
49894
82704
98102
76053
67210
54808
45050
5076
81184
58215
74609
89537
8859
98123
13951
92487
51547
97146
39834
70794
90884
54665
47760
84407
97666
380
34645
20141
29475
92717
36767
34602
42500
68324
63552
62274
65050
68378
29081
87687
86526
49528
6052
42574
47754
41047
32343
21657
326
3722
46614
33694
69448
55746
47012
35096
95836
9311
65036
13325
24382
3685
89056
56600
88541
50451
59598
7994
13642
63319
28933
3590
49397
23796
21455
26054
55336
87970
52600
59166
82543
90824
46706
24101
90338
97609
2529
9683
15600
5685
52729
99183
19139
43196
39506
48584
90786
67457
64879
66177
72633
57297
24208
23483
128
45215
83961
28951
9264
19320
97556
73511
33028
19959
31931
52539
90769
61578
43952
46596
33179
97993
28907
4585
32426
2883
92337
15636
36564
44860
87593
53274
8118
66466
33074
71144
35931
50986
87340
82787
42409
94668
91091
52662
57769
13612
65301
2245
60149
20885
21315
29652
83813
53306
75607
21486
74978
50845
46483
79107
93948
6400
6027
46540
53351
50791
31826
64240
50639
69387
84056
73594
19202
95438
90132
69934
86224
31093
58966
86600
96736
45253
61895
50413
42671
62499
89648
55294
83301
52082
28757
34133
47396
4729
50457
99125
9343
79108
15016
67449
22656
75710
54338
78959
45067
75749
68766
72869
7935
17191
1022
66763
50546
52248
1851
75595
46545
80312
83705
47909
72859
86691
60993
44315
49667
29597
4949
53844
59226
25736
48065
10288
48769
90723
57786
22216
28293
73966
19974
74363
92549
45581
42058
51632
67625
8332
21347
56391
39744
8730
43057
81826
7479
23397
26309
14087
35727
29860
99533
68751
14996
70596
6500
45869
71581
87394
62407
31532
75546
16736
78654
2415
67794
61933
98229
56774
79116
17226
63239
90744
32331
89198
71930
6811
31892
15406
18634
75234
24560
99526
99777
9122
4033
10628
31558
88959
18412
970
26430
30480
48958
10714
4039
31048
32005
55876
85892
63153
93882
2372
84170
32409
56175
58260
21730
99741
74064
27776
6536
17534
55969
97923
13575
20093
71009
32858
14265
27538
85107
6628
80238
40188
63497
40092
80958
66818
19461
4870
25351
42606
4869
34464
23694
22680
40418
58847
86690
41716
91623
20142
33659
47355
47749
39788
58653
318
64121
19299
77894
20948
34588
19825
81896
12522
20797
19267
46556
17241
3411
8252
90482
76985
84387
33872
57085
85905
4684
24291
73439
86157
17555
98465
59441
27988
7222
28142
68254
28411
67193
55940
17104
58674
39896
98820
17726
89897
12554
2615
2903
75947
37070
25862
96021
81347
97876
97621
57546
34114
10287
11430
82421
32959
99955
4638
27181
25181
42277
44377
59637
26000
72909
76346
41275
82620
57948
18414
70031
34302
99282
84037
59633
35135
86359
36684
79783
36155
53797
88021
44719
92567
99148
39096
86325
93207
46383
4558
97423
19087
60012
73042
28538
93366
16467
89354
28328
4045
62478
37922
94326
40577
92833
64415
76922
23333
50565
1478
87696
44161
83842
98901
52531
38750
78010
7805
97642
57063
11370
48946
99587
1410
20760
67716
51043
34250
86530
47971
80735
10806
2885
8592
11625
26533
71120
44652
9715
29339
33760
35511
81187
7826
44007
86713
75695
37742
41560
60490
17475
21021
87197
91343
26432
29710
67538
44447
49999
9152
37990
46301
9224
19986
4232
29751
3605
22837
54197
60473
47996
43140
27954
35361
33791
77006
87292
5790
6896
16965
14409
14420
8147
49137
59050
39854
88071
52653
2064
42147
30893
25443
29620
20098
34676
15476
53107
76302
45302
91986
6188
26695
19699
65630
49414
11822
70853
10066
46008
66753
7564
83259
56870
67437
50663
94432
21023
15845
76892
98559
62190
61364
77673
75891
11742
50814
83858
96102
48058
17464
14160
80059
71456
98792
10518
68241
72860
24774
11921
94073
80315
88017
44738
43247
3615
56767
63865
77831
54994
14330
46166
10062
74807
83976
87453
52215
56608
32801
80307
8975
46187
36767
65963
91341
87986
47225
49013
99486
44653
85557
10679
69432
2343
18789
32644
21345
39452
82732
98509
40435
11542
24990
63461
49199
75622
9852
54624
5367
53868
24880
40964
4936
64512
1800
32494
37082
28233
94001
33299
55899
33397
71438
77529
43491
81134
83468
71178
51176
53496
9556
41383
63146
47771
1676
38728
34146
51953
38279
29037
35767
22620
45886
67444
85022
45788
80590
64806
42365
46781
5248
50586
53498
16490
75221
53757
37396
14738
42138
28571
86208
50161
4073
23442
61425
70741
92652
84976
47429
43941
37502
45374
16165
87943
13693
47718
96607
39080
8979
37375
56901
44003
29793
42155
18068
90652
96785
15081
46727
3072
44905
40670
60448
14979
34651
27250
18382
37758
20609
83222
60351
63594
56699
2216
23354
32886
39048
31158
70900
69566
41691
62068
93798
13647
65152
7602
1921
84830
37482
82829
34917
75058
74332
25390
88155
82181
32062
65751
8109
66664
98151
91746
97377
34350
90192
17495
24571
14528
72454
5045
59113
15925
49056
64996
99153
83748
75777
26197
80752
12427
30105
45241
99610
38201
88711
96681
63947
92377
16046
32341
64957
52734
73320
36529
68015
7167
37940
40579
67904
34875
29113
39264
578
67857
71204
29585
77009
17240
26485
4391
16827
9853
29121
63433
41209
60058
75474
42004
78471
30364
48879
10414
50541
79667
86369
77502
23673
33967
19881
64636
63772
51251
53203
98377
15417
64006
78583
34144
78173
92254
31728
86638
68415
11762
44633
73790
19349
2652
4078
46769
99130
6370
50535
94979
93158
89358
37466
15826
790
3302
7
42918
98642
34780
95103
93253
10133
41
22125
7914
19300
17486
43803
10926
7075
7778
39455
85729
32381
72492
99333
92204
65443
63842
73616
33512
92042
82747
330
47273
56607
97784
132
55723
79477
23078
81759
51592
79916
53266
16142
44664
47750
26702
95196
83386
94427
12691
8029
93133
25699
28200
14640
52104
85430
5867
59125
69083
14205
88852
86738
24659
75430
20276
79017
68400
7033
62818
68165
43062
39318
60565
95343
67469
95953
28807
13034
48106
98252
31186
2311
51909
52929
34708
13601
35019
85894
71550
65324
49845
12714
37145
58125
88242
96735
4660
76048
40376
64387
70371
1416
85290
1803
79131
45626
33571
16991
57435
99753
32103
89027
40131
44757
17875
16324
63796
19065
86770
31671
90405
98342
54198
52534
21274
23694
1090
35945
45164
33648
6784
54892
18424
17605
83326
85611
32874
34237
21505
14984
20008
1655
69573
28331
7623
19262
60999
61701
46758
94581
35745
39410
99277
60113
50769
73838
87332
92345
36599
72307
92997
45049
60732
86521
8943
54177
27897
65226
92191
58141
3344
31887
79047
69926
91326
48531
99575
60191
80554
14992
70109
89885
31530
12947
7367
53554
71384
64331
15310
82489
78377
98753
45624
33244
88732
97669
51872
39947
48944
28547
68436
89776
44882
99176
7692
22245
33205
51737
50152
69227
37341
40872
82148
41179
12425
65969
71398
90214
86468
17241
15634
96736
36761
14936
2657
59430
65932
11093
54849
67321
75707
78018
78324
28047
83680
21488
61480
61445
65260
69195
82241
12902
80705
29132
31820
98085
46735
30076
73482
47007
4555
54365
90520
48575
59772
49111
66464
67856
9776
51154
96975
41929
3971
69006
1375
39229
30076
2415
70387
60383
61194
11770
29378
49018
48947
44504
15450
3796
74951
62668
58506
51308
5072
6044
65570
46438
9232
12826
22907
74658
71812
9051
739
73912
54482
33665
71639
58051
54138
9117
97968
402
1764
43747
1822
72023
41960
25442
3548
55604
83140
35390
92659
19078
71537
95861
73532
15708
32084
66831
45791
26276
68573
977
46517
12038
50961
92209
22653
97072
23859
45176
60529
50183
18810
98972
76583
49146
44176
91160
22383
90840
15991
70119
35744
39982
96513
6249
65179
6338
16626
31143
50370
90531
15096
94575
15396
69604
55103
76011
44820
1495
73625
1264
86747
93066
68028
63620
6937
99676
44828
79074
86505
41130
80037
18877
60802
19347
48725
89673
24322
76416
65988
15534
40115
21819
41426
85691
95962
2260
99593
14554
6761
56250
80345
4371
92608
96499
82445
64665
90177
12772
56971
86840
45897
14831
42682
6965
89992
11485
80897
63240
89302
82023
99347
16536
26608
80907
92116
60291
93384
64050
93131
3686
49634
42383
75390
4584
29223
62677
51959
39892
69773
5467
42648
6378
74643
27224
27630
14746
76004
88173
49488
69402
31824
99356
59616
62048
24279
17714
11022
46310
26910
74690
50241
84621
49208
77984
12106
4601
26259
51784
1727
61879
64523
69389
17177
24299
99653
37542
16822
51506
6917
94245
85469
34266
90633
30200
88750
99142
19897
64498
15344
92923
31209
85894
24266
49896
28355
88965
18438
50106
38479
46000
51861
41710
46030
54222
86531
23953
19537
934
6256
91372
84276
60169
86403
50295
89732
29517
58614
99082
74498
87069
75903
38849
14
21997
51990
25584
58840
81329
13855
22993
14308
24200
63567
2302
16108
8044
83373
69265
85946
84362
87295
55285
79069
60877
46627
14130
22937
85112
94536
20211
44113
72399
10916
50555
13141
42732
51592
61345
37744
9487
35643
72893
78053
50293
21310
53680
21238
66517
38811
55058
31728
6814
15627
23581
39964
67631
11681
33110
58140
61925
66607
24851
73477
76592
23103
17768
31036
61198
62861
62850
42276
20162
75053
6179
37767
20887
50142
49069
16851
77833
53886
48985
28893
24722
15372
51460
9492
54435
12521
92840
18556
87971
61130
73734
15043
88695
58204
63986
41850
91169
59169
43042
73261
18143
37774
81515
414
67557
78533
81650
29184
39202
3277
3444
55334
89984
40894
97895
39168
79762
97489
24095
85463
48406
94264
33347
70625
42865
11689
66269
27670
98414
7608
44561
719
89946
36775
10586
99091
31624
3335
64612
47668
50166
22473
91422
40582
44358
83799
12718
4541
32254
22855
59428
96267
73691
69746
56359
40847
17517
18445
62325
1274
48429
81262
7781
18663
27740
59979
65420
62113
57822
45181
47562
28655
43188
23760
49936
8090
38053
21268
32572
80545
92642
48867
21411
67788
58240
73421
65506
4973
17646
1127
2030
55470
36289
91974
92527
80001
89122
59394
68941
43230
36796
29001
86116
99651
95629
94357
8923
53269
95027
82302
37942
86025
70933
70560
25106
75147
47856
36831
16984
45980
5621
24487
40323
33793
71416
56409
60487
74224
89393
16123
99927
11709
91301
66461
96805
69979
64097
31854
58925
80040
13008
75449
50087
15213
5959
7898
95715
99923
97745
55345
57033
71260
62048
24698
40422
83625
96354
14573
71839
15662
72812
36101
79843
50619
32251
16753
65433
48559
77590
60378
7732
19941
54186
70765
19422
96057
71786
5893
72020
11142
9476
23080
21062
59555
14737
72774
36528
78065
52379
27489
92975
72423
51016
57255
59389
75824
20612
16521
87719
95443
37442
11616
39105
30510
26933
13191
59146
74264
9720
95281
89547
66868
59118
64365
84272
48082
93533
98024
25877
61673
83659
78580
26385
99260
86213
77132
68247
49538
78818
43672
55729
19320
41405
20660
23363
64270
80177
29924
35961
30278
20888
83987
18862
76358
5913
17236
73953
41265
54340
71107
82649
13014
45343
78553
15310
92787
631
90848
4162
98252
459
28601
92362
30572
78770
91934
94996
68507
92773
63425
72134
1804
52266
90450
20131
78916
68311
50367
15688
82162
26817
65801
35342
11892
86506
78436
41560
993
47257
31553
54494
47437
35642
30348
24618
79807
6617
67278
53355
14934
5818
80988
81072
17643
7998
26296
11807
19210
8715
20904
25710
44146
53118
34019
22318
73368
79841
97524
15091
7880
45272
22871
6855
48800
79131
79711
65659
80630
73362
98570
72165
10220
81694
13686
73600
63891
38344
3850
53931
94946
62353
5526
62408
64791
11848
8041
56059
49170
70161
46530
84163
5945
42600
43922
32425
49361
97700
59227
25182
7066
67585
68830
15002
21635
56725
1416
18557
86440
85526
23391
18764
68194
50639
88940
98586
86409
73040
60013
95048
66439
81491
94127
88160
72469
17758
16273
50768
9559
17685
2921
563
16259
12734
999
20366
26619
20225
19308
43572
13957
5380
4259
82679
20366
74033
61051
50487
18120
39874
74800
33279
92473
99349
57089
51419
92350
60277
24447
96846
81253
20597
65376
37907
29539
69007
80838
58851
79415
45537
28225
39372
37839
62966
29710
15259
2586
46865
20644
26106
55748
40166
90113
34065
21765
44179
42983
52960
95079
85222
56442
68484
44051
68671
48529
2829
79008
61380
64697
68154
39126
63256
72280
59898
68745
63768
45004
98076
36376
78011
72504
86450
26607
97039
68121
37678
53202
4640
45121
65349
53774
41607
13972
56866
86460
425
23025
16712
13397
36362
6230
36852
57563
60486
1201
91315
83862
25393
92102
85031
30294
65512
21704
93384
37701
65901
80778
33803
94186
43417
31092
30922
87880
13566
10264
53870
51963
24093
28715
35545
22610
77748
48896
17157
55818
33828
67207
7889
14179
20218
9318
87956
61008
39247
12151
28800
57179
77291
23199
2507
55383
2155
59977
88186
80081
11417
17642
58461
29657
85942
96666
34354
74087
12045
95698
55428
13825
59575
39304
89806
43939
92000
49785
82846
56546
36061
65121
85451
13119
56640
90071
91353
53194
55038
18167
6436
19906
44374
82525
32587
96068
18392
35228
24691
2788
61790
22989
15156
59994
78907
78663
59182
65389
6048
10172
94053
78410
44144
71840
57736
82700
43716
33073
51110
60695
27014
26955
28291
56100
72406
1898
86484
8858
7087
61038
74903
72729
43768
21098
50478
63090
18816
31125
18948
27715
54349
26051
23766
5517
80302
83166
5771
81398
44837
46088
73538
61190
44782
43946
90752
90757
71578
19778
38982
82429
34815
45464
26121
43456
81859
87740
92447
96591
32049
58811
20157
40523
33480
22900
44277
70620
38352
5776
19635
69806
43586
95229
87863
97679
59171
60108
94705
18315
46526
9014
964
62223
75255
61573
69284
83202
10530
44947
80513
22146
79143
84006
60049
34357
90033
48768
1810
39343
81855
91076
32730
74030
59848
77913
80942
49130
44867
5691
19745
6403
60268
78162
52549
7948
50351
28803
76795
60469
41363
59299
70550
31397
82280
37091
42167
39381
43002
51637
48284
44507
88710
67590
11250
86729
11331
24011
76842
93348
59585
18884
29819
73325
50924
99100
47759
9974
49889
36623
98172
87061
63597
80055
39722
43504
23500
36357
5645
26278
61768
66623
18998
81124
26133
60942
60214
48600
6945
92153
50951
8289
11628
12504
19121
15051
79698
53850
72988
3255
78416
14730
88539
24911
64491
43965
94937
5744
9279
50436
26225
74435
82395
36414
84805
79005
39901
83146
35031
61783
60070
8935
41778
32534
77394
27540
17479
46258
5519
66805
50911
73927
51174
33764
3149
23776
23083
335
73214
15038
9977
76373
94077
76463
83771
63778
65880
79814
90068
17354
98589
15386
3841
77201
88235
75233
26929
93935
68329
73464
88486
13349
96218
75088
11289
95551
99191
30993
26629
31106
6933
10736
32906
93919
90830
50908
4788
34000
21021
61699
35858
10837
55834
17036
604
21966
70916
35200
44058
34792
80020
89643
66591
52092
72184
5065
86246
23405
41735
10226
85961
85816
19566
15759
48416
52466
16330
23245
57911
97693
56433
79896
90144
18748
61955
80187
30182
8119
21294
15741
10223
87424
16657
79098
75030
75559
31410
75560
70793
23175
14249
45570
31687
73309
2918
52037
6596
3480
91766
51111
142
24094
49128
81785
77708
21702
33100
60666
74098
45984
96234
85709
1892
35294
69554
52859
54423
21013
4222
15376
18343
52859
39650
92778
4666
90826
54220
98764
75732
53407
75531
38169
46099
42072
33406
28112
31434
77002
5836
5159
99208
6481
41378
32333
27769
65913
82201
81949
51151
51269
2798
81523
16137
94238
79840
69874
52639
60677
95841
66468
95060
148
83980
35239
21473
98372
23138
54018
27250
68154
98231
72122
7594
61035
81363
49011
26297
73629
6893
18300
70912
39579
11213
67686
77229
77665
13257
67313
86407
33321
42584
81315
7495
11947
28719
61642
69518
36144
25911
92070
37939
34113
71288
2309
31274
14669
53224
62016
54192
88628
94612
93091
54354
46450
4304
41813
89406
57994
97221
8707
13880
9930
19794
78806
92661
41252
50281
44520
8289
48028
65302
87773
76018
76802
77461
39020
62762
76697
54724
5601
54666
56297
44779
40041
93110
2496
49519
1997
11740
72669
19393
9031
75199
17113
41991
96291
64584
17589
70955
93652
22533
58660
19893
4373
93568
58231
64733
70161
4778
92712
42045
25631
90625
4495
2110
56374
28783
37645
63535
56095
63335
78419
16428
69404
22952
92398
98200
98648
62483
43218
27741
63782
89475
44656
71380
34132
94621
2358
71536
17321
59379
51562
48167
8542
93346
78103
11527
32917
82222
76810
67470
35316
51584
36799
93626
47029
6360
6578
45037
66432
52355
27452
84582
65402
94076
478
64545
63257
95021
20328
90032
28395
50990
4634
75216
1462
44034
93346
69546
21
23554
46034
7307
77268
81979
73806
16834
55272
40056
61585
67197
41953
31415
83234
91305
13731
28149
94791
49795
45190
93598
58579
10404
37782
42138
16804
2428
40842
97689
7979
87857
30048
33480
52998
69928
33342
14138
44640
78251
76047
26547
25717
39405
65101
22714
73967
65815
54236
21209
69927
84816
70827
25338
49924
68808
70050
97767
34494
97926
11477
3072
58169
93912
74672
30465
49852
6032
79723
67019
91421
78438
94749
57689
62402
72588
828
70402
80723
5947
68442
32026
47603
9512
89357
98983
16837
24528
62494
82641
67208
14010
13202
67142
82481
85242
16571
98097
73810
54322
48221
46339
52610
30657
14130
31122
86633
57998
77818
61332
61654
24506
56667
33430
1373
99769
41351
73135
33517
90939
29949
14822
97943
24736
22196
44771
24207
6435
72146
81336
34126
64500
84936
57299
78990
62724
62007
45406
5311
27971
63920
68358
76210
51253
67304
78400
1251
26715
9822
49364
70115
2639
93694
18054
53545
79589
33812
27461
29813
84956
89577
48030
97995
86160
26728
4828
6459
44540
99003
7002
78685
21788
82538
83751
83068
27299
61955
60190
52348
57857
32599
89033
17933
37805
71306
48603
31019
68331
4653
78394
80169
48870
24522
14532
18328
42973
91028
59799
66201
36906
98904
71422
18046
5133
31053
91686
53119
24369
69551
85792
73427
79239
33390
59658
24074
50454
96962
72741
7688
83170
88918
80027
6161
5284
79869
51779
68477
90010
97501
11507
30902
48374
77280
33709
32527
6658
16915
36320
329
79839
94816
87542
92061
18809
14427
72971
30256
87430
48343
92268
4491
228
85223
19762
29259
42507
34087
22303
18423
49017
2340
46011
13044
84427
68317
28048
46195
89262
77805
23012
50557
61191
26816
98915
42908
94160
37151
47289
33587
22305
10343
38831
85520
49581
407
61133
98155
18578
81640
52190
47616
59737
35385
44928
6403
10659
61612
44057
9690
7261
24235
78693
97488
8528
49374
46883
59767
42377
34796
25077
63576
36266
38006
86296
53782
25377
49159
33921
26148
51824
77107
67307
42526
87789
31477
16642
90017
45224
97908
93765
95409
29803
4170
58398
86859
2881
21336
60480
90713
80168
14326
9417
70481
66456
21831
66215
81138
72504
54882
20031
86157
85877
79354
63118
59362
39423
56722
38126
93767
12209
82246
47824
73990
99264
43917
56254
18893
53812
54714
49275
26784
90230
80083
9260
3309
69418
55992
8663
55729
68852
44624
29684
46596
10437
38236
65311
4011
18765
6035
31452
3680
86496
40401
80368
75222
63339
97952
70030
92434
96542
87862
1506
69138
16972
8788
63493
86030
83698
33636
41145
98560
57712
22424
1530
34432
42060
67829
36785
80687
93258
83463
43163
59742
77156
88289
54778
35023
20759
19279
44872
88408
156
15027
56268
58918
43684
81235
50498
70309
85660
69278
92639
16811
69033
16641
56809
73371
39514
68817
87338
46167
16208
96392
7730
43474
61414
47334
13041
4907
66853
23995
4305
12400
4283
42844
77561
79576
81490
29648
67794
61046
55513
81992
28006
23793
86947
45733
11493
6050
93787
2302
28940
58362
77198
84171
24384
48032
82681
91228
67368
16840
35572
50975
54065
67290
91514
23392
63158
64866
66899
68876
36089
9544
73574
87448
61452
57866
73067
67921
64630
2685
42143
39364
60059
27267
14097
27270
65400
18987
10070
98315
73146
97871
41548
17801
19479
43557
67567
79022
13093
96655
34192
26752
51946
79711
53588
41931
55190
49539
28298
40167
37841
94117
21924
4446
26974
19969
29369
71937
67009
65966
47931
74458
35894
2277
76059
91550
33631
77011
8031
94788
57054
2458
11322
41765
72285
79951
7858
167
31042
35567
3644
52862
47291
93701
74090
59006
54465
62367
9321
45706
72724
48972
5662
70012
71420
12806
71913
3640
57763
25656
47864
46230
63154
67123
90589
21390
38875
18083
86296
9156
17384
80050
55323
21883
13780
65480
8914
77035
29447
98872
32579
89335
51431
41362
59330
82428
27828
66437
67918
87199
23705
96568
24540
80736
45977
88576
62910
67883
89878
80423
10463
57523
80438
72552
80479
6969
93760
2744
99245
78744
33856
53398
53256
26353
67851
19937
99434
39861
9837
60494
83272
77709
1607
45472
68540
58649
74127
6459
1959
43870
18420
47359
34338
98937
6535
33675
69247
23613
31119
33123
90764
26491
20829
64061
82309
87379
8547
93916
67416
64235
49715
20754
61973
86053
16699
2597
32724
20447
43097
75501
28258
19111
5294
6561
28099
93461
50212
27781
1635
46893
70347
32538
7038
78634
95353
48961
55687
41712
16464
69584
30781
40525
50696
33938
52420
49375
73178
97891
5653
35342
87777
42282
47600
6299
52943
65086
16587
61809
53799
26541
80923
92234
63684
42108
80355
62471
7502
20694
45270
68941
91355
40800
1037
96651
90117
24980
20003
27061
44948
65481
5693
32769
28102
35002
45708
92518
80975
65154
86733
28322
13909
83622
92817
17312
28404
37126
60052
87128
95787
47128
46319
91974
47321
57322
28192
24414
20307
7216
39739
60460
82690
70288
64130
61082
51958
99306
64843
87658
89677
12268
64103
6744
80015
23863
92646
49886
41920
56416
61629
78605
4425
89210
87593
5533
64365
5123
15642
81597
17899
53590
48617
25183
40781
19569
6157
58060
97441
26911
38428
36853
64890
84912
35114
22114
50588
56348
60966
50139
25554
55909
81857
46385
92845
57028
91570
13700
90118
81677
77775
97691
36766
88676
37047
28308
5493
55613
54016
38888
14177
99702
54481
54420
55202
4564
36756
78994
52261
94928
86583
54233
83470
72953
79629
36549
86478
7816
89571
35582
68778
14507
1907
55857
64859
68470
78823
89761
72499
13921
17758
90168
12034
97487
91228
35583
67392
76099
78048
54186
85487
79566
37641
11125
23832
4428
62159
47367
27283
36770
78632
53320
80117
39584
46142
1298
88819
27009
32389
4597
56727
36085
57686
91703
18752
49138
15678
94419
31979
46510
8631
61326
7379
79306
99530
13836
59085
46907
68140
93869
85013
79530
19163
94665
59592
7026
8898
75949
30206
70375
69718
64630
65194
59461
94656
30647
25044
82037
44245
43897
84971
99741
53663
69146
73870
34179
77960
7114
92889
33837
77369
75698
71509
11509
69648
53960
24890
79419
99384
70684
85970
31245
93840
11370
55934
81716
84068
60404
40597
45225
31490
18902
50317
49610
94406
19418
10574
80179
10151
29953
8739
81844
21637
72877
10629
10919
66691
74019
43525
66656
73069
57232
14235
78699
73466
95546
98410
59020
50403
26775
29088
74281
32483
86279
62329
89220
45449
10024
76563
54585
98104
33878
63413
34043
25963
98012
79648
60188
81548
56024
26584
64246
33656
84651
4997
95180
17589
94698
295
92052
72980
86616
72854
71727
71508
40249
54477
85809
59133
54086
47648
89829
80215
38561
93247
4261
37149
59136
961
12490
65605
73395
61035
80904
38490
32297
52998
76191
35815
19739
51417
71975
53323
782
4392
88284
66841
77813
15344
94921
79657
75669
69746
21999
95381
79353
35196
51368
94822
11151
76628
18081
1419
47164
22447
11918
99604
18740
44018
67819
26514
59907
64467
87819
34828
63120
71304
13549
8489
97967
78557
86232
47137
78283
66124
69440
51000
49137
75834
82721
82165
70567
20355
58031
27426
11017
76919
137
29639
40363
91907
15170
71040
30751
26586
5735
92154
97086
40936
65445
9875
25642
87686
17510
3618
10327
62926
19846
96836
46818
72629
51858
37239
51735
17984
66522
59335
54001
59168
68587
29807
17096
15415
58079
26671
38685
91846
8201
59597
14590
91988
39660
42787
24140
21207
3600
41083
1460
43398
7054
5366
63131
98428
42098
15340
12624
33717
60147
64950
30646
81363
18142
20271
15754
24414
45284
1935
81717
35659
40306
15526
9046
85571
90861
2029
44104
78767
23233
32134
29653
60256
63394
77908
37979
41086
42076
27653
13647
84685
34973
2686
9747
25461
24854
39011
99448
6602
76473
9037
1859
7907
75504
42489
20999
31591
34246
3359
68004
60441
23335
136
36427
98401
58303
14409
72092
41141
99850
87735
82974
97091
40228
62442
6369
26225
73251
97160
78506
76256
59972
40870
52003
22113
54145
57160
331
34945
21097
7430
41395
69119
99738
27795
31736
11809
7557
1319
90512
12336
61874
29072
87958
72392
41840
93278
21721
47174
48669
20216
45770
4697
59006
71651
69891
86910
68903
82064
24985
4983
13796
77534
86808
58727
66805
11592
59077
20555
56686
81321
28784
7182
79388
42057
9819
83105
25062
45206
72290
69692
11693
94460
62953
45430
36722
38814
5682
15183
56181
24858
32836
81699
25903
11140
79738
72982
44292
9511
28544
48188
61803
43927
71678
25228
19188
67570
6407
9001
24635
60544
42602
67688
27303
94513
86677
42581
98421
11603
48363
9305
8574
70383
12997
35655
38744
17577
30085
24567
98649
91330
81999
78445
1301
29728
20146
81558
43610
74237
67113
5317
42160
96939
62485
46309
17745
41064
26498
56121
86528
1946
35458
4974
63662
70382
58650
69902
93795
72471
89576
56811
83764
28780
76975
15289
70679
68823
85552
11282
28357
69167
66400
38142
91339
38158
6853
11543
73952
10971
32642
1153
54042
70176
33776
45804
56143
50038
25661
70731
5884
55347
50301
24288
41858
35821
91968
71211
22576
71759
25866
42422
46310
16870
94108
95945
72596
76634
58608
37959
62518
7922
2736
87401
5025
54805
50778
25018
47774
91401
13815
3499
43952
41624
29033
67574
60941
67531
12924
76845
89386
87536
3892
4002
95377
71198
65070
99494
44913
21050
70346
70844
33580
12509
13210
73624
40727
29492
82041
22572
17308
44379
26961
24469
96411
22764
72588
74546
85091
94493
40724
33286
25009
13648
19638
7219
51042
42849
11840
90510
73320
61392
51093
89677
16573
28476
93912
31026
15930
89557
85927
79580
94638
67666
58106
95773
135
98478
79393
95450
20965
63808
74185
5777
37700
84963
52393
1554
9440
53103
37466
32234
60456
61839
2476
30652
94194
9102
18239
27732
40845
80303
99029
53811
72336
58687
4688
35608
46198
74462
81534
48159
97169
54854
63060
10256
60264
89736
21869
30877
99995
18165
92406
35004
39686
69567
62873
85616
34111
78159
65597
49716
24858
59849
98899
1249
11947
46600
20931
25175
39833
94401
6028
95103
38203
63127
30437
93032
53559
79129
37432
76775
72023
98032
30406
44839
27413
98857
54751
42763
36985
893
12678
97007
87045
48571
7763
11735
97134
45159
22576
37491
31280
44991
99109
83762
84000
62719
91590
21710
84060
89164
49421
91420
50764
41269
25883
78942
50335
14279
8525
21518
7092
28813
49858
60324
24549
42987
76723
3794
91378
26399
14182
47586
61039
85077
60214
58058
11547
37108
81938
84427
77202
16918
12770
52970
14827
38010
10055
19182
45296
50768
69170
16284
75911
50715
64269
34570
91511
69161
98245
24462
55805
1187
69709
59993
21668
6191
49392
37134
36946
5482
98441
4733
67651
82047
33831
72631
53035
64646
37357
14917
2021
40060
95902
56352
43830
63782
30435
86891
1265
93290
15828