2285
59778
42102
85906
15765
58979
64378
88120
27772
64512
12142
52023
67151
92615
86098
67820
61486
90643
98409
24272
25888
87872
79395
4043
81159
33181
50085
16339
49850
35573
97709
27834
8667
12377
96596
93069
66632
21641
42078
65894
28071
42096
26512
32961
64575
77740
55612
9417
79720
99398
66170
12006
66598
65730
79550
56397
85866
25855
5148
26274
86481
77898
81251
20295
55551
46180
76431
92061
96493
54261
17950
47338
98454
2655
19704
42683
64075
74005
57785
85504
73327
14111
53548
92943
87868
2400
67392
41326
2345
38729
91898
69973
52596
24136
50702
20703
4823
3523
34641
8687
86900
36948
16616
57750
96906
57088
5534
16059
53514
63675
17948
49637
93236
47861
32922
40687
29501
56301
37774
22797
25886
21794
31107
79712
13281
58985
47330
65460
56542
77874
80331
73297
4108
86619
20826
84554
86901
75417
54851
34487
72736
82488
88059
15133
65396
26742
7960
38462
44007
43538
76339
26159
53006
36440
29840
80294
15949
11136
21895
39224
85158
3415
89898
34693
32326
35346
47881
91429
53124
29744
87278
3139
15065
74629
91686
35034
42674
79576
5512
5594
92081
27395
96594
19775
34512
4888
35504
69711
88023
47540
59948
78349
20945
32292
84812
67052
59998
52195
34822
15580
24033
40788
31368
88086
33548
99096
61451
86435
94366
74644
53232
82480
71028
92382
68199
19133
94089
29431
81718
73904
96879
15004
1989
14766
89647
69957
21645
5085
61709
38664
10464
9849
34732
35480
2648
90804
17430
38752
56862
50365
75263
31144
97716
52978
83671
32856
42933
98014
38461
16403
15744
24662
89378
82351
4852
78379
69475
46593
46032
81759
73973
62953
65023
91647
74475
51670
39773
2157
51422
6150
13402
7846
7109
2074
41667
69598
28442
38248
63026
63116
26319
83917
31621
65001
67034
5562
85164
56818
64825
54300
18593
80598
56129
73222
67127
84209
7977
73467
26750
96885
57610
10071
82157
10274
56890
17105
58040
8549
24552
3244
3062
48560
89812
13711
14377
14780
21383
23050
59355
54023
33980
3630
69658
45272
43106
27334
88362
39688
8762
35395
28768
54148
81548
14128
79172
48129
41971
28871
56289
55215
18796
23620
19136
23815
17541
13591
30784
28933
27827
30257
8536
71993
89780
6
73901
33982
68492
86941
87455
19443
62301
11982
31886
94991
27802
45787
43893
31696
36840
99965
96276
66511
38317
50822
31187
7447
13684
47327
62440
38990
19301
74734
16810
36355
30755
84471
15337
58232
55290
39275
5384
46262
56833
84999
51269
16449
4962
13986
48649
49466
71681
92225
78086
10957
23890
40521
9223
30879
24226
17935
334
27176
7761
87540
35293
7208
43069
28733
11614
69035
45285
35522
98089
31264
56128
52832
25966
91013
38518
66986
39216
47185
10352
12000
56520
36942
38354
62361
49756
16767
70150
54692
59683
32651
50752
65727
67614
15713
48199
65758
62961
56320
5050
8344
40378
34916
27082
36018
97519
1712
12827
41317
82290
54345
1137
93413
55233
58599
88704
2293
17363
39227
2614
64905
58448
56220
39500
70244
24820
17795
28760
37316
47454
36874
45074
12254
69512
53513
56034
87679
6847
91239
14395
92092
35712
66420
60459
13415
68676
72610
56347
41505
36148
13870
90454
11647
57311
35153
97915
19727
39205
50270
97787
54762
13734
51997
834
99793
8169
74975
16759
98065
20269
84808
73689
75653
51711
22501
95982
93065
97595
8027
88290
91451
49966
64700
76368
33231
96902
7766
80116
91462
16470
3931
95471
44003
83801
17786
78692
70320
28592
49793
54609
33738
42929
2606
42787
88559
46821
98585
21818
82557
75348
54800
90431
98037
76489
12778
17271
44591
17855
57111
6208
18248
31141
73142
79612
82092
13555
63318
423
46296
57158
78562
26807
29272
85341
60572
39850
12484
72516
80046
71708
48610
12331
14146
36516
40124
5512
2
84970
28966
90590
51867
81000
40128
69290
9280
92708
32218
19952
33075
9540
34597
61280
41733
56670
79205
922
33240
99350
55963
42286
31153
88300
606
56729
58470
88018
21878
69961
33333
34634
87481
57881
98616
2803
3171
39379
37344
62571
60936
83776
45591
76550
46930
56183
87301
17953
35123
54753
92846
92870
77040
70318
9036
1103
85044
91792
80097
89449
10856
95115
61973
5735
79263
6281
58583
63994
69308
28673
15900
42064
69939
18167
75441
8488
15130
2844
86101
6794
47605
21059
28264
92931
28567
19599
93679
72158
82320
97467
57247
12111
34808
70286
86077
76439
70341
7208
73149
82486
42325
39680
85646
41593
86684
51484
12160
61063
33067
78259
75632
15621
7023
66926
99106
57695
89761
8259
89447
30839
97211
64996
41298
10423
40427
35745
11527
77397
83684
11846
15467
61702
97305
89342
47465
90011
6562
85732
76401
96189
94607
75916
86100
35452
23446
75998
93911
12358
54755
29000
28737
58831
14859
51986
97111
19344
75665
2923
8410
10149
79977
81067
53484
48792
17635
7477
79114
92951
54665
21133
95603
54521
40793
95861
1467
84338
55618
32630
10795
13491
64145
59457
19626
83645
48806
24532
2052
30108
46959
72884
2100
94848
58625
47813
5482
16952
49892
3328
62517
12076
11501
64494
39527
58358
49003
12270
80523
3757
19417
84139
79485
65008
86300
61385
97168
1377
75798
1624
20732
68031
73830
20673
51731
15686
49737
16525
52844
91708
56819
22703
53773
67244
51881
10701
79290
42655
19812
95693
782
86100
55785
76519
67212
60031
89650
39472
20922
70600
35392
62350
74013
65930
47883
765
6689
9682
51359
36626
14461
16110
48143
83242
38775
48274
92384
36146
40207
8439
34865
33455
82174
71610
95107
96597
82909
58725
92124
11280
59284
66676
28827
46946
60552
63921
39822
74395
61743
69636
5531
7499
72267
22717
28551
19364
61539
49253
91590
17304
60670
64818
67712
27447
90108
15656
97082
55970
74678
37289
88702
67067
37722
40440
57402
91712
53504
59768
4262
56859
85635
99189
16961
47731
76552
48393
84779
31396
97265
66009
14682
69580
67944
27976
64897
19101
73555
51774
87340
15661
81420
82868
37611
4261
40101
94736
5167
65789
29861
93309
89006
97632
39219
67701
98151
58818
92439
22859
80704
99351
34283
36564
7913
37681
23655
18608
10140
93030
33475
87965
25145
94159
68899
47296
69983
18312
78435
46135
2772
55583
51122
43533
31081
21545
96211
16359
29302
23515
5694
94699
40406
77126
23883
93633
38860
30673
8339
70332
35817
45594
81965
85598
85491
42567
85896
56212
39581
38210
84166
65255
33366
85711
31142
16374
59241
21844
39309
70021
37879
78154
25093
24056
65886
98272
12277
83807
25473
10175
98437
86412
96139
79421
81736
71630
25347
74293
95245
61554
69815
53995
86783
16275
45340
61649
2393
55367
15431
73479
51505
94175
56211
32797
46460
83916
1549
80025
53093
2064
46897
40914
16685
4769
26405
44214
36553
98330
80135
56134
80511
4715
20031
77405
72807
5511
77222
12721
76391
46146
66523
95408
97520
44269
1043
24555
77304
31843
46112
57835
32522
9780
69291
23596
35581
9623
168
48078
67083
94743
61010
65205
24556
50115
47023
61638
93389
44047
13773
56159
79162
16811
38322
11557
69404
68930
46037
69748
73124
45628
6713
96424
37840
65320
84996
74301
26776
78625
53231
42898
90164
86380
74331
16461
85236
66482
82669
48662
31944
25724
51508
91631
49943
4029
54774
25284
77962
97322
98010
97526
24227
69540
45706
61959
45097
72031
3121
52774
67811
69350
24170
13203
14128
78279
17675
85910
39872
96663
63970
51127
17284
42720
34877
55613
18624
73408
12593
31908
505
55758
30162
99007
72899
44189
45263
30266
70901
92373
84741
16136
41252
28265
30177
91589
23427
34137
26324
58820
26796
15758
26380
82770
44406
9314
80312
80173
11087
27264
60389
32633
53277
67071
63125
1638
44958
55817
13399
47849
34436
5730
68150
77505
90046
5350
69699
15052
51076
86289
30488
47763
77523
82615
1395
46652
48157
82423
35414
23132
45092
64044
17233
66104
45813
14616
26152
54805
6458
6662
66363
17003
94190
68136
17424
90260
78031
5515
64460
66954
29310
85688
26100
69131
19692
50398
82964
55073
63020
74147
4479
35546
48081
70374
98375
30836
29992
41146
18698
34522
48281
49748
97158
6835
79730
34368
98734
17002
87326
85417
22971
3496
88870
97913
30793
18907
7845
9486
81117
55144
81786
21053
1815
45388
9517
49754
18757
2874
73544
65707
97944
9344
84730
52184
99936
51372
30950
81379
11215
52484
5573
39707
83019
43736
68612
68990
58078
10873
74025
59744
4069
36584
43858
40888
58635
69330
73205
33984
29825
8916
50592
93770
62515
2443
272
87700
93940
2414
78667
82430
77747
20996
54572
29094
46920
9054
32117
75005
80974
19965
64353
41311
37612
138
16336
42742
60834
36895
95599
34102
19492
49978
89522
87868
76564
93246
81389
14697
59589
41693
95878
52464
16300
92927
16493
32375
551
69165
67582
75803
20599
31899
18525
69169
36378
43703
11159
87747
51655
84806
99182
82277
44919
44422
15106
49129
10920
99742
16666
32077
52781
42664
62458
95337
80141
1563
50075
12406
97677
46923
48343
50401
73845
50464
11057
11901
71739
34055
61181
39966
50938
21148
78900
85703
15920
3531
27485
12790
81871
3026
18684
22146
94010
32711
50642
27112
75617
79459
30587
38462
46033
51224
21347
64687
94884
87815
55732
50871
22906
83847
26685
33310
75696
12549
48332
4034
68580
74382
23992
14561
40308
26031
78214
33777
86951
95999
30636
55281
1846
45177
61682
27193
29584
43822
73992
98923
79211
2579
7204
87713
65512
99349
28007
42724
30381
22632
61571
51173
50499
60066
88285
25838
22921
66686
3206
53399
36690
26985
37745
89138
40917
51330
68617
94863
27389
53785
53766
84699
49316
35777
89715
13706
31210
98974
73257
85459
20116
51655
43038
75277
61910
65001
50743
7397
1288
35214
14893
29527
3163
32781
34125
65935
68507
95260
33125
66266
74851
26823
67057
28772
86779
27900
8057
45916
69656
29921
82290
84262
42556
17200
91202
54250
96048
47621
58794
52598
52517
30977
85709
1890
37703
59486
26134
96856
79614
80872
64136
20231
93503
7719
21586
39718
68832
65855
18490
93267
48021
38383
81738
45733
31993
34741
72139
71304
6655
44369
98371
75013
76050
97756
50953
78500
85801
80418
28835
59587
59254
69445
6813
51865
77487
56356
24130
81551
99357
72605
28325
81905
34408
14320
54314
10493
88897
31408
14050
29744
13163
71357
85136
55030
37535
61624
7335
99834
743
85179
67926
32871
97191
2110
725
83872
42912
15229
24660
65839
64634
72260
3346
97056
61471
77355
44805
91426
9108
90575
53400
23580
78348
76755
33538
74143
21805
19175
61701
95772
79140
43905
53446
27358
50114
24737
80477
3747
51535
75168
13475
42112
22761
82046
7537
42293
70965
87007
82166
97604
32569
99990
96065
99174
94559
5005
47598
15011
33186
56255
23566
64780
13834
77513
27019
26690
62604
61747
98735
395
73073
33455
64328
31757
22184
59714
7748
41211
72869
37705
93941
33257
14709
29310
78650
20987
74608
88514
87228
58334
18296
86901
86847
12251
61865
70461
28108
73558
82093
63050
93848
89729
98930
55308
60241
16359
95045
37636
9190
79217
81777
17396
97326
96431
38476
53307
54651
33567
68409
46921
29247
90945
97636
21205
86087
45045
97251
17228
55397
37238
38483
36391
12094
1709
54306
49114
93427
65682
9657
42335
85513
3785
63626
51488
18026
12058
25440
23826
21726
75796
59424
1900
29345
10513
84585
80581
19479
64291
69169
45954
12104
32825
37930
23317
10607
22179
5012
50656
17083
60164
80208
66804
41820
46768
64382
82128
83570
23920
62061
60087
66008
26308
66349
52904
41895
35377
12765
12354
92919
71047
95765
20456
57071
58757
71147
19417
71625
76679
38845
69414
99158
63177
81706
15738
71008
46436
86317
33942
93605
70007
43757
60376
83730
69270
18144
79278
76030
78143
86789
538
43173
62336
52217
46575
16819
34129
43952
13023
57487
72980
98595
95520
67315
96200
9935
69941
71868
88750
40221
50602
31272
60471
30355
15065
41436
63721
16878
57847
65416
15671
31720
60987
37243
13846
8412
98772
85073
78005
83653
81966
57223
59069
52174
71989
98789
83379
99099
74416
87131
20515
96949
99650
50694
24447
2556
91567
38408
45012
93920
877
42235
79764
18141
99307
734
7328
24815
44044
80514
41758
35815
50691
86935
29885
92668
42166
55295
92393
15946
269
92758
67734
52091
4631
40098
53821
85009
21077
27932
15158
40392
68403
85363
45398
38930
69095
95241
8355
72641
228
6219
3313
88011
89296
86624
56171
18422
12346
50666
37157
93800
12906
70359
49081
66772
71031
97077
11855
2340
7615
75157
66317
98634
71672
76865
26003
30311
7571
43892
28970
60823
66954
13781
58423
5643
14352
3115
18103
39037
27326
83764
87069
46943
49732
27848
18315
31534
23209
37627
97831
53628
6014
5703
90683
35352
74999
45498
34365
47185
21747
28648
86496
73171
65602
38082
38222
37751
59372
74245
63767
61215
30038
86872
12661
2689
7712
53901
14147
74605
21531
17499
75038
87189
15871
20342
26922
15479
50133
11881
31388
66098
498
74062
19189
3152
85229
1954
81223
81191
69916
87872
22176
97748
27925
5561
61901
25629
13869
16530
9909
66676
27210
83600
80818
83086
82380
90574
88410
98323
70677
98222
40408
48317
63443
65443
26640
53607
50499
77304
22120
5900
59955
42144
20610
48783
44495
67100
88452
84774
20425
66725
61819
32534
35510
55131
68278
59166
61589
62057
51472
74640
66840
23435
1371
29709
78818
43554
64536
42069
43008
14311
76793
2503
63522
72165
81231
65421
2370
42908
21930
35290
45600
89666
30968
83313
18413
41691
61890
45611
60811
71409
61699
88927
64046
49760
59807
81307
53295
70463
98598
9890
65481
76867
84909
56111
7867
55292
71631
960
24278
28931
80828
32442
91414
86626
35219
512
16178
11846
65376
67562
10464
92846
51329
8211
40720
81011
21526
72385
6139
99628
97634
5875
84758
92506
7285
94635
86449
57389
7363
76690
66509
88897
38843
21960
34838
29604
8431
93742
32058
14211
99353
49298
33771
57050
10744
68806
33584
50191
83210
38277
59504
346
34966
20596
63012
34880
73888
65455
31144
26927
20935
84462
96882
71173
49987
47678
77063
6737
76599
19134
62696
83983
22822
51176
34652
57928
16710
49559
3223
25308
23888
27010
58828
99686
67407
26837
56246
45628
74715
83933
59408
18121
59703
11939
14526
76979
24383
29699
24343
26089
50996
15023
43842
25257
91639
31256
31160
26221
88488
2149
42128
38464
72164
49903
14571
45700
19387
43363
30458
22998
19495
11518
9548
99642
40336
61743
23869
96040
42821
23942
22187
35054
95923
45713