2493
9564
74506
38994
59133
15370
31975
17504
35295
29915
53295
5993
78587
29848
30702
73210
60964
84232
74733
88418
68330
8622
86439
21357
57068
65613
64027
37920
79432
6391
97676
99754
54094
73228
17440
25567
17116
50349
97132
2055
59897
23596
40623
53479
93205
71822
58582
57497
92698
81259
89800
70868
67865
84910
30820
74126
65809
44175
86812
61533
9610
51584
52515
17172
60343
11401
83647
11079
21870
29837
95439
29208
39953
48318
13851
97785
93582
15167
46720
99040
82780
48785
99966
57881
18243
23406
96679
85639
14844
7773
51057
64930
3414
89708
84970
50563
23935
65583
46354
88929
71304
37085
43178
19365
60422
17512
9356
34740
90995
15075
48431
99287
1080
79569
57673
50716
68706
73770
17245
25901
38838
48050
26663
62832
25624
48845
33516
27324
96492
73283
97983
20406
80803
12381
80959
59424
84423
3994
29568
82364
81459
28047
34866
30146
27875
84203
83351
44350
18226
75203
19717
10646
81427
15128
99829
50233
73510
52097
10532
18856
87264
69947
80445
32086
75267
2927
59978
62465
73212
62591
14997
10293
24717
23786
7563
79121
4782
97822
66449
14696
57102
29864
4243
64960
86715
20892
65489
75932
23161
22917
29940
36693
70459
97084
83971
90487
99174
87882
12270
43368
62073
41547
40968
82148
51987
91063
41924
81539
44694
88301
40935
65210
76838
75957
1206
38407
12044
57309
86627
11364
26209
86585
37310
69270
40587
32455
4780
69770
34897
11306
55434
43237
96228
64677
55133
85623
86837
94361
63280
20959
9822
21651
79797
82624
332
91846
82639
42418
32363
65998
18939
32271
18545
83060
44483
39763
23651
45719
44950
35483
78961
58087
68259
42895
97397
69125
52659
26920
24377
62510
9764
65284
99952
51434
5916
22148
86437
23680
62517
6295
42986
58129
57024
59483
29318
21545
7495
86093
33153
27399
70935
18596
57856
20772
49242
65754
35654
9584
59943
73336
93338
30708
64519
30534
77064
92833
41693
83329
42319
85804
37422
58420
88139
61444
4919
43667
85316
12177
91474
88858
63678
33754
23134
76592
92043
69423
82817
95880
95162
9561
76528
57333
99569
77884
15902
81009
71533
59395
55989
4138
48662
35986
23885
16928
16782
42663
94066
85110
14046
27244
30439
46663
48031
71186
89524
64117
79605
18175
13469
20707
64404
65408
92442
21587
54296
28819
12495
98601
81056
10940
89693
96617
28572
44768
85034
39259
87211
70184
91880
69510
62110
79216
69371
18721
83585
23953
96336
64424
9313
28163
55425
71315
93334
51931
48045
85646
98457
98395
27596
8729
11141
27280
58775
62843
51135
75616
38205
65378
35809
78921
47489
76278
55311
16116
74472
90594
40508
35514
35767
95477
98341
17257
84822
81306
95747
65030
2952
65024
49864
41936
23067
58628
9655
59489
9411
13594
38155
96151
84419
15047
7084
3869
52438
35321
98632
69204
48122
55080
75155
28833
62129
29146
10986
11345
12069
24254
47020
75252
60987
63088
34211
90442
75027
56200
27944
56060
85771
79031
93859
24284
60347
15147
5670
24409
71516
71503
87711
55810
18657
96672
99898
76172
47169
14875
35654
50947
87886
31706
74711
79481
32571
61426
20166
485
5304
62951
51328
82083
50553
71615
44902
59512
79511
46497
68522
65808
93536
59439
71161
5297
25146
41964
51950
80096
21397
3825
761
95463
61993
27501
43063
35815
20676
54580
31389
38238
90850
88808
9477
83294
27490
24616
43231
97468
32279
75008
12751
19509
76620
37558
51294
84700
65103
36290
640
85932
71900
17472
66994
7480
94214
89184
33567
14996
95504
44815
23954
42207
24935
92614
22104
89331
91568
79691
32096
84410
88345
22314
95578
88621
89481
52317
17209
71408
69968
99646
73255
99546
46688
72068
2914
96241
61712
51002
67611
22496
9309
43912
61825
41137
6854
18111
87627
52212
79221
2725
97839
20656
27626
32352
67247
66275
45689
41141
1305
27042
87209
78706
73367
48910
52567
14983
95376
4588
41122
88380
63855
20516
75215
95592
34291
79438
24262
24223
25284
69063
21706
16907
81697
98736
92339
87134
54822
11579
86309
41122
40653
58144
78757
82663
16160
36996
73368
13822
21174
12344
52703
45810
12417
87420
44361
66044
14489
69810
74368
15081
35860
11280
12012
16400
52567
56970
72857
14689
1614
26951
31786
39949
2612
36786
61800
84679
86890
71640
63988
92931
61118
84047
55702
67928
16157
87951
76288
26802
32524
42958
62368
67336
5758
75739
91125
71731
65433
22404
81754
8003
74663
26196
49336
17769
1616
74511
78204
1056
32158
12924
33842
77815
32733
93196
26184
94126
13930
88497
60280
54927
75085
72052
26626
86412
79318
87679
39085
63816
11016
23112
48051
52603
85547
16858
29862
5148
40089
41038
64311
4624
12859
7621
89633
71369
16191
97871
66360
1238
67283
66694
21942
43736
90601
68875
53631
99490
70276
19991
59906
14235
61636
10188
79394
88344
56057
18732
26302
360
26117
98465
29231
93720
77453
98126
43833
37946
27022
96507
76857
8374
12323
57100
53246
34048
24268
89648
48445
89417
58256
16059
56298
72930
2929
34191
85152
9450
80361
75414
6706
95512
19467
22469
81778
86691
77225
8128
64831
97745
65515
82991
2249
9168
75534
40162
44009
36162
47880
30548
34987
14092
76265
12474
57703
34522
29833
54202
26236
53691
20740
52431
8221
95090
84482
61572
33334
11870
22784
38117
1545
96448
95673
5593
74862
38017
26983
46501
51446
68826
45357
56012
93044
62219
15304
27518
68666
39406
2677
26841
5361
28609
90820
86527
77117
33814
60498
44818
22902
496
97011
73294
28906
20540
72532
56808
50610
35314
71748
85893
30737
36439
46260
60363
31409
93459
52725
81740
65683
38771
83806
46663
79157
52383
5942
68460
93484
13472
43148
59105
82213
31531
37206
2628
45805
98000
70521
17502
57061
75296
23738
80896
55403
3689
51739
15782
4485
85764
73436
94180
7118
25166
51984
39827
48841
2817
74476
71873
96718
70327
76023
86080
44709
94927
12789
15100
83266
9237
6223
65575
28680
25917
17795
9815
63191
72747
81912
33189
30437
88673
42079
95578
68597
74775
11923
55031
53378
62095
76136
53243
74786
83861
6224
53151
89610
94286
85611
28903
67637
77550
64944
20048
79041
83500
45532
3835
94397
15856
34323
96537
49292
20035
23386
13499
84320
86454
3483
77806
71707
28723
2902
56050
99055
55298
15506
14879
29381
53686
59547
61332
28422
55762
48099
97520
23867
95312
55822
30058
12338
11559
12022
73872
98028
58485
76643
56105
91695
55913
30230
17491
17154
64726
55831
52323
7047
13854
77418
62004
11273
21763
42635
7072
65653
55535
35650
66855
80232
48402
78782
64406
99249
7628
84932
98699
69343
75881
89720
42456
43130
93776
53716
96257
43286
6622
6652
49303
98567
39244
79755
356
22839
64885
14933
83479
14748
67383
29602
45902
228
99199
11218
98097
97115
93499
27352
73701
26451
24684
55773
12861
90714
61925
74500
28723
27236
70230
4919
68623
50755
80774
99633
82285
30258
59075
75348
47254
55279
92008
88705
74823
45015
7309
66393
70776
42842
19726
62322
6700
46390
53769
97776
97320
72145
58275
89588
82154
78693
38088
56250
63888
60032
39735
46741
42245
81188
76270
93155
37860
32290
52451
37952
24496
5258
18108
94944
63362
3881
29769
14215
78703
75588
52277
20501
98278
33131
16510
9537
83171
67645
67728
47626
1464
17244
56934
70521
41697
6786
14166
13767
44182
263
22180
41459
92638
84631
36551
59203
21102
21711
80980
85355
25399
64945
24334
69993
40669
55695
37058
22671
21060
383
63114
67894
63704
57189
63825
44047
77195
22032
27787
21669
29968
35610
69209
12205
75035
2006
9688
2441
45592
38740
46622
27821
1815
2447
39605
94492
12618
35446
37184
11258
59205
9445
11767
3935
53384
6225
82152
6425
37370
47305
12065
22244
8766
70626
53195
88825
23065
42618
85293
46748
81832
40392
39540
68076
91754
30016
96526
84439
66221
34247
95413
23324
14407
62711
65941
43279
95833
89997
53458
17139
68175
15052
58684
52825
75295
73790
63482
30672
16639
87182
59794
8291
756
47041
6990
26678
96214
86152
24400
61340
59178
59630
27654
40595
67782
64171
19924
70623
55040
93932
91838
30735
65581
41034
4996
82376
34234
2220
61943
11691
31478
79025
5458
29149
38130
18406
89137
17976
25692
33468
19419
50494
31072
91337
54558
48750
31656
1313
66800
10988
19601
27842
75375
95918
53223
25183
10631
80286
2572
63277
23693
48279
54213
51658
60048
73979
94655
41151
82176
78493
91364
28579
57440
86699
16809
92413
67840
84921
54412
87411
27445
50064
4299
31936
65376
69528
92613
73236
61432
84259
85925
54908
91805
84367
97359
45106
56041
86818
80020
68470
26719
12776
28400
34680
78914
92736
10078
56954
66592
22024
93372
26984
93952
87335
6825
83671
42379
41999
85899
8500
65794
24227
44632
79293
44619
12406
23340
11204
30421
44660
58838
50614
35012
6606
10423
96342
60982
72081
28670
55808
28136
37040
42852
49887
15344
94032
31038
36021
11588
19466
44569
49707
42662
74974
561
2475
13263
53659
66890
66269
79185
28008
67808
81331
42554
23420
62708
28505
75730
13065
11668
76365
36559
51938
76773
54472
39011
7013
55571
14882
93932
28191
75074
20514
41520
33599
77844
90407
66996
45033
92472
90255
54526
93455
86709
58122
95800
16163
99334
14142
56215
28304
65991
50865
75290
17132
66033
14053
3056
57247
76443
82846
6301
48591
4867
65620
38498
19368
27420
62242
76060
88864
73890
5567
3646
90012
73480
52410
9883
53412
26150
39427
58886
97242
25857
84850
92777
6289
46535
70687
22086
30294
89177
8796
57208
26119
95396
44590
29997
15614
35735
61855
93550
92122
93833
34874
50081
32089
67921
98300
1261
33811
34266
21850
28850
85102
38987
33464
85922
44745
81368
83166
31989
30372
72265
60385
28161
25267
39434
73201
19139
27763
74596
66783
15339
13032
72771
589
93074
70544
91960
71344
39335
16987
35041
64490
95949
53180
96515
31613
5514
97963
78728
70222
34183
61877
95765
68321
69805
58948
6500
11382
68961
33117
18964
514
69263
49009
7500
61979
79951
50523
12334
78893
55353
10752
55743
27007
55491
78620
15290
84595
95855
64392
34043
90383
96736
74582
10503
28724
49426
15177
81957
67013
5258
19208
20027
83324
55696
73090
78401
19436
14647
99685
64932
13238
27447
8139
72862
39202
30435
41619
23019
94682
14563
35811
33340
81831
3581
18334
99713
44028
48039
80399
44757
60744
44314
77428
60107
59634
37188
77641
47785
38238
10981
5718
35878
38376
96490
35374
49306
35217
10574
2544
59387
46357
14778
18955
94918
52302
69381
57319
68408
35397
53693
64194
21002
6306
11137
88423
28972
46789
38407
77758
51032
27833
44967
87197
12477
19141
80195
30421
96596
65449
88638
5609
84184
67131
67933
83197
81368
85832
5503
86173
27824
78529
42123
69588
76593
20393
13226
77779
51
80861
30157
8889
33230
82581
47225
22350
38150
99314
69020
13957
37538
71415
27422
96240
58920
14483
4712
93373
78172
51523
23105
11377
74818
83647
78468
92946
61029
78813
29873
40241
4185
76574
11053
78418
34533
59268
296
50149
99695
36433
49395
48808
44034
74062
22325
59656
78887
67276
41554
58155
71087
55796
90518
20295
32798
42286
95878
88837
99292
94527
202
33334
72906
92175
16998
124
15202
91445
26179
7750
90741
61271
32945
66935
75956
88391
12709
48645
72202
26866
22899
52737
79286
22268
15682
20890
33906
63496
55623
73648
74801
58666
48099
62767
9486
59429
59379
33115
55468
45405
84702
78521
14360
83163
57560
98087
71116
89199
54303
17416
86065
72136
30334
10257
55843
92402
50240
39789
55325
47148
66387
41575
45044
65014
69325
52687
39230
60008
361
1348
12169
37737
38786
46540
15492
87787
40749
17509
77953
74339
58338
35338
32074
56822
13482
76008
14702
62670
40428
38672
9618
67653
25160
16617
369
21386
69283
23205
5446
70992
98218
75699
45472
46528
46195
8552
3395
77080
49557
57689
87581
99716
36248
81397
75710
79597
80710
4612
39243
11802
1082
73545
65101
8308
14297
76906
64261
81372
70399
24132
36275
95657
24486
74321
28888
93627
97827
89948
22728
1806
42908
24997
13485
83500
90792
66664
55417
780
50860
90087
79672
44961
9984
44424
54395
55796
59107
38773
5665
97779
38575
63415
69651
64916
7159
36881
98996
32291
50346
33319
89456
1409
60192
23250
62328
45697
10798
82995
72298
97691
59536
15911
13006
98005
65201
40782
73233
27693
5201
43864
9213
88527
51564
94165
16157
30035
1597
73508
11374
69801
65395
52515
52148
49252
484
11027
12775
11712
9070
37971
53016
90773
47221
23647
28285
1315
19756
9513
8876
84617
37753
76578
68830
34594
24906
41227
74389
1538
24680
80749
34393
6362
51513
20788
60611
92090
87792
35295
39026
53813
8794
63329
61357
75153
44941
32552
29712
43927
77099
95636
30612
12213
26414
66340
49174
76640
88099
98415
15002
49784
3045
89807
39297
70206
90400
76301
87576
67324
43805
76592
97326
17000
75301
98953
54644
41572
30537
1954
6087
8337
2928
25315
16658
9857
44835
89717
44602
12692
35471
65242
78669
24019
29144
87790
43003
91340
4661
1368
13512
32407
79759
7295
91228
67799
71846
58779
53286
51392
30408
66560
85991
90694
79360
15214
76844
15956
10190
83147
33235
36298
27412
97158
25447
91059
76022
2790
41931
4603
3954
72855
48185
72631
50908
30639
92091
50617
49169
19188
50138
89402
79973
75784
99315
18909
51567
15216
50751
77742
96160
2684
61922
26535
51937
23006
28561
12443
6050
2451
5222
91710
68324
71026
76962
19376
4015
23408
89807
16275
65190
85912
21735
20356
78924
87172
86921
8974
7347
81864
73960
12032
32374
11179
91050
90570
75325
13823
88178
11605
59213
56020
74842
47174
23556
11490
5095
63149
37368
21636
52899
98939
18947
43247
88234
13225
53329
44232
99707
63530
17513
80673
49604
46156
448
87279
17846
4291
76020
84557
83498
43960
28504
60185
6882
7423
10958
90919
61248
69217
72236
66010
55827
93961
22375
22622
60280
44574
74334
24337
75923
99244
21527
81386
61155
9380
53776
45343
84846
86998
43423
86483
75550
21966
92119
26386
19715
28689
69151
83659
54726
73391
85167
26529
22984
84955
813
2648
55452
29382
72074
98553
78197
49592
53207
78146
29908
8197
92215
20415
56077
11576
47523
32388
20364
76221
97228
34354
69076
38828
67939
74549
58602
94986
40645
94828
52653
74885
92148
47894
81559
93699
44712
9801
10512
92073
24156
94492
27046
15673
26608
23718
47270
1190
43914
75498
901
27239
56141
38565
88722
69027
38708
23373
40977
36207
83158
43232
43881
60333
49417
2131
64645
71587
59780
90903
67112
9862
89039
67184
85611
57257
34502
16993
88955
14060
48386
49568
62997
98193
12110
69561
16919
43314
13075
31585
41643
60445
46679
68463
89001
76566
8446
36522
21376
7517
35033
38250
52871
85130
47996
65789
88484
66572
28443
90150
5132
10642
23239
93781
51299
37874
21823
85113
78493
92998
51386
78890
10341
43617
62047
44229
4800
95444
63806
17815
69209
44118
28933
49248
22585
20752
52967
28008
59285
29453
58008
84332
54315
40277
77645
48615
71264
76543
85220
7768
75724
8053
80843
29278
16777
43406
95981
21728
40465
38242
61232
66709
45009
43781
43245
66209
82109
17363
32107
98308
83616
57590
38704
40982
60456
53354
57335
61491
99216
11285
24574
93843
46597
89414
75259
51502
80465
33390
17174
32966
64503
43049
26497
98789
90019
49708
81411
33610
28598
91961
65172
63508
70098
53207
92073
67147
12805
74529
31190
54574
64025
41264
89271
13243
46525
55
96630
53132
22967
32091
14711
65878
54880
25300
97686
86522
40187
61768
41971
64989
22224
82255
61985
16209
87828
69987
53179
3894
28917
86156
35672
89106
70941
96703
70472
2533
75420
72959
15512
87097
92913
6899
30711
80993
94986
49460
46849
37199
50397
48710
79700
89825
20756
48351
53605
81987
68507
3043
36362
84825
59012