2659
34462
25277
81624
98101
66186
99004
35548
46419
6821
56627
48389
40802
94328
80239
34472
13199
73039
10266
92620
91658
46761
89467
67354
86897
99738
36379
84811
24072
45589
3281
60980
95780
2226
1542
90395
59946
5240
33909
64591
78284
3998
73627
61553
24426
5233
88890
45335
26992
49859
5768
21332
38789
82201
1146
13448
40897
26492
34808
24584
73605
88959
21017
35038
87499
94183
53690
75102
84961
33787
32140
64379
4466
79057
31346
57197
31671
46341
9661
23638
51156
79456
90673
95841
24684
35847
19934
26863
91800
59298
96976
6687
55102
28777
2655
91849
24669
87497
74588
39968
33185
93888
15454
59241
10174
76815
77319
11589
90414
52848
91876
16526
73929
74961
23179
66855
58918
75351
75628
15439
7023
9055
15172
73299
94461
45058
53554
43271
57244
87641
50276
43355
80221
64941
98163
45156
2258
43480
75021
61446
87363
96103
43618
64409
58484
19620
98357
72465
13217
46918
28078
19631
64616
58386
70696
76647
63299
63345
43042
65823
8351
62445
64716
77790
45897
15421
69668
34691
60802
36638
10112
6050
3459
61343
27089
94938
78492
11492
41249
56371
31387
39091
66213
81173
40859
91636
19227
63660
91950
57637
40816
91922
38149
51316
56874
18127
88563
14486
19049
21081
48278
40380
59195
93382
19180
64721
57416
14325
22317
18951
542
36557
11044
92314
35277
58925
54611
79367
82233
36740
10600
64258
74402
7990
48835
9804
27761
27329
3824
99402
53578
78270
54061
88634
31964
69881
39485
74408
21879
84435
39971
38782
25131
85917
93576
64069
8996
52845
66733
55299
28087
79818
98743
33136
96947
19066
7827
94493
57405
73363
53673
4143
75601
75709
6637
26228
95665
52940
47736
60537
58376
51954
49217
92040
67097
90577
30916
52516
48972
42015
13135
73596
76084
33732
65237
92644
64368
12870
38585
85563
8074
44351
58580
38403
38872
16913
48806
27623
94090
40971
88768
4634
47879
35146
69493
95867
13040
70775
56286
47452
59909
84990
50688
75758
650
62763
73548
73087
45039
16543
9188
81847
65201
18720
62634
55328
45031
80555
23487
96670
75178
41657
30327
68786
82940
28683
35108
73753
57738
58328
58690
89824
6883
59031
80120
56494
13812
91077
45170
78143
12327
66934
10616
88691
35372
90599
58228
68664
4959
65053
36856
84032
95726
92377
10580
96353
47247
36872
82858
6442
4001
1741
52684
57357
7147
98741
48266
30723
54926
29949
35056
40078
9230
19969
15217
74570
89684
87745
93313
40361
93014
69203
73644
79029
11314
48547
16619
76754
32578
18746
31191
55365
60004
53685
68365
66349
38489
61777
66303
71754
87423
5493
9669
11917
67835
47824
36484
6406
95369
96118
96564
16564
59408
72873
76821
70598
43779
24480
57572
11842
74267
10020
82186
39444
37153
84797
60887
3477
93043
30238
58110
16703
93861
19519
24556
67041
14789
90921
70212
62259
99122
48793
87960
9856
5777
16845
66926
19158
94970
3165
96256
66837
85005
8817
99971
3460
30829
195
69175
74061
46181
55476
60242
20366
38747
11254
70510
40969
8549
95968
16727
98929
37239
8350
45376
45022
4687
9083
10251
37647
93312
73640
23617
61323
26472
46421
13180
79398
1085
80
3977
7748
93178
2175
34629
16696
11868
96268
83105
19840
57074
72977
23621
50047
27258
68114
53388
47628
57493
68767
30616
70279
92147
85818
2516
68395
66067
86188
13412
17606
61137
80112
70729
42078
99592
59174
41419
20511
65051
32956
76593
89431
806
50480
81518
78347
4377
17242
20254
66490
43573
82993
61900
83155
51722
66556
65659
42281
15878
16564
5980
31831
84351
41497
9719
19547
33670
50770
82241
73590
51822
19505
98134
85195
29551
28677
24767
30514
98425
89367
54903
65208
25260
53177
5769
4873
87786
78760
9432
47061
38499
10177
68516
35200
12600
49932
32620
14380
32895
73846
56706
79904
97221
51713
4547
17342
39137
86341
53542
60492
47220
42777
57180
5850
28295
35819
74754
9806
15088
4297
32133
46709
14150
83749
8707
48997
78742
88042
69374
88613
70183
68150
89284
37967
65174
69151
80538
11851
16072
72577
37973
32392
29201
20267
70648
19627
98379
272
12181
45654
21671
19808
69316
59049
32349
35954
15493
73992
94757
39827
58772
82441
38189
46703
76282
79662
56484
16734
53887
90043
63885
35020
9264
26971
72660
93590
17395
36591
70624
14004
4454
10008
41952
90835
42095
59303
4208
35771
54382
72765
24534
95872
14594
96011
40873
60448
6017
91477
97854
85274
33671
42413
29955
36783
42643
73679
40124
40804
48489
86972
98388
8042
64408
94295
63749
63700
48002
8451
3095
84486
97123
36871
6807
60899
43111
11702
73764
38217
8316
78320
72268
33357
95269
83385
5309
50868
16912
37755
25168
25657
90593
82338
48572
91663
87172
45194
17413
32192
36181
45772
50010
76987
21739
9788
60146
24786
41838
93332
78385
4654
77255
91268
98288
7394
22637
36440
13808
18788
97032
93359
1009
20370
12177
5636
89072
62636
91130
48357
73767
39898
26832
11197
67708
80119
54544
23153
45333
96031
95519
40551
74499
56223
68689
39760
58200
20224
15570
95822
37175
9305
77109
26577
91476
18937
31275
76029
98029
67637
88881
64308
52989
47078
90335
53899
29561
29831
92530
402
72891
44838
45798
74514
94501
97931
18907
57465
85164
90292
72259
56811
4179
80695
29943
76246
58999
8281
12355
90114
13494
6240
11633
7803
55254
29857
72293
4049
45964
3114
92016
55572
63755
76990
89096
55014
63025
95292
71057
52991
35583
22575
76369
54903
17571
95503
24983
93975
84382
87815
43017
56272
47374
84415
20473
71586
37804
45651
38839
25965
72392
96464
47120
35152
90675
53147
42091
87553
51521
52675
12361
85952
4966
1049
67728
86910
37869
12662
21873
879
3112
98526
44407
43641
5642
62498
90502
2839
7794
93288
57761
78488
54121
27228
66020
62691
87421
92450
70713
3627
37183
92731
5125
76771
15867
45200
41376
34186
1052
12524
59414
72643
47762
16166
12455
15533
83148
14549
13505
69150
85787
2745
33548
85752
68528
13611
16239
12695
12004
17919
14447
7919
43516
35143
32670
18915
31489
16956
4617
5714
83951
80267
56318
84142
64433
86536
65049
71537
21095
99496
71184
34024
64257
11184
21440
76121
58629
35297
83563
65311
51313
48286
64475
5894
6694
10455
37835
53119
57433
62381
5554
32858
44595
63576
37599
62481
41046
2011
35476
28641
59512
38269
65855
29827
55053
11211
28280
86934
48641
36131
79323
59269
80637
38546
85675
32535
67303
11177
30428
97370
62290
55481
73389
87101
62990
88595
383
56691
16827
5837
25999
9289
89433
34441
38153
32445
20997
22562
56743
66013
21121
17446
88011
99508
26061
12740
1355
75999
40358
27666
74135
20278
59466
30119
96685
70562
97801
62088
68828
62280
42227
16522
59128
75219
85555
17987
28660
92166
82978
24198
80765
23864
97850
45608
97114
52587
22485
32320
36065
38923
30417
24422
86527
22608
84169
81002
72928
53463
3885
86645
51229
59764
74947
2830
10853
33195
33433
68130
24469
57213
93164
18349
98124
70025
33709
3424
34642
50466
78535
65244
70754
59961
20414
77541
19865
96492
54837
9557
68397
12366
93078
47910
98814
38379
83612
76785
18237
89360
70156
38494
72036
84173
94101
86733
28503
18892
24566
47449
20645
83634
82600
76249
50498
91446
2195
42047
70108
15237
49945
24523
90736
83437
42703
66103
5597
66244
47828
65701
97902
12912
36018
58620
9084
35845
39628
58234
95904
97892
96566
46805
24435
95021
34521
19971
58724
78394
46283
92187
68222
48721
35306
40559
48542
26239
25584
66890
95816
73618
96541
96068
60119
95678
76339
90058
79113
18496
1320
16508
88740
34208
94319
55325
428
71915
76831
57185
79763
65488
33306
128
60734
42868
41922
16576
24600
27736
24827
45327
63312
44547
69800
19448
59232
1299
36045
81399
75995
26287
23270
7127
27282
19386
33246
85435
14561
7402
16643
87617
92658
76708
48206
25941
68074
24654
69824
17649
37555
25594
42183
67950
15785
29495
97898
56127
35213
37008
66707
316
86145
72139
31617
58226
44775
76746
92745
14538
52075
5050
20241
11613
41720
94113
69505
77977
3364
74141
80469
13678
49375
38371
91124
83407
92805
11508
52315
44421
82565
24053
59721
94119
1202
64495
24137
94929
48982
33018
62730
14607
85096
72869
69603
4216
87544
77247
95878
25947
96590
32990
57425
50817
6514
56020
69050
72641
62544
69541
64179
28769
9627
35020
84029
42755
5391
88351
38407
33360
48529
68514
57381
88154
40153
40118
80015
16958
19681
17554
56489
29734
35311
88265
15837
86873
32755
26411
72333
97361
87474
48692
24750
20715
9306
61341
69692
61465
96917
76489
25378
23318
26411
21828
90127
13207
76291
85063
28272
75924
28066
26733
92863
72140
71014
56207
42225
56750
38181
98650
36197
57979
20453
81756
62759
67482
23260
11785
62364
60962
95183
46752
34773
40401
40546
21555
86339
33772
10996
9313
32104
55306
46685
42666
91658
1666
41290
27080
3571
17917
91232
31448
2935
39356
71478
85690
17941
31648
60259
38439
8160
73015
19693
4011
30461
88598
52622
38388
66121
34328
30255
54358
21425
27376
45814
3450
28582
67337
4737
59772
97384
3004
95708
2285
29556
27744
70799
8135
79545
33402
10322
23515
53712
84452
4479
93225
12479
65282
88583
17918
66852
38123
25985
69438
30088
38904
13084
18237
11964
18810
92126
99554
97798
85898
31341
17825
27507
52827
64227
35571
12346
45020
71865
26890
98932
93188
87451
16470
16923
57641
4558
32906
26279
41832
42331
78256
24321
61974
41806
91399
8830
32051
51133
60425
37156
10197
46260
39430
63650
54817
72935
20441
79297
31111
24848
11820
62815
37402
31939
33621
6451
51519
1031
51237
37652
86386
59962
90744
15074
83311
37196
66667
87854
92472
88262
32657
57566
74631
80658
59676
61290
47103
66753
20858
22088
17604
10963
18250
68717
58806
7437
39397
5540
19760
84088
49843
20881
67896
92257
17808
39897
87799
88816
4149
85257
22684
28952
17882
36476
53824
7208
70714
73669
39785
52283
6123
62772
21790
91351
34990
7922
17614
95442
44441
27341
15151
71603
16806
82737
72808
10050
79698
34997
29375
73476
95548
15845
45581
23412
66135
49418
76534
5633
48057
6283
55639
68634
94296
78685
63197
19437
69780
61020
89032
88792
70712
53011
94238
54232
81877
59346
6144
12849
41370
31852
96860
95373
23295
13066
10863
76636
87616
41200
43013
20997
98624
64693
70224
65
69615
14960
57428
44988
91738
95055
25709
8274
48930
87550
67710
20147
95626
72558
14351
45322
78866
11596
20340
63176
8586
71354
56128
82349
10166
52510
31944
89400
5561
85178
34771
21307
83260
59200
17313
95460
17648
29997
49003
4210
80018
79145
1499
76110
94445
53278
31607
26306
98405
5908
90915
59399
69377
9703
15631
99033
57189
80773
31790
93981
21211
59354
32993
63663
27249
54945
30854
85738
30845
19597
26660
76117
32651
79407
59743
98172
77183
89472
31661
35998
95184
6853
24330
23958
53039
7074
30170
52221
68617
82631
44833
6706
3430
66191
23436
86284
24149
30111
58060
34050
63622
99492
74204
95927
64356
96846
48456
43103
9352
15728
44699
98372
96899
11929
61686
89544
71643
55973
99737
97708
20538
19707
6174
75353
98957
51983
31094
33830
84468
55
91917
52511
4811
27645
88363
78241
65893
99867
45970
14407
69946
58172
28398
78799
60418
49064
68509
52091
97861
94078
50157
99474
33930
80288
65928
26272
56107
94147
55130
24746
68177
46583
93510
40029
9511
22741
50508
61084
59596
12108
40782
54230
95814
76613
65625
21887
86530
34232
81268
74476
49615
59058
98741
91122
8026
95172
47546
52460
24564
83525
23047
21803
77686
51973
62
56314
91942
67220
80741
78537
94831
96292
61408
50943
561
20649
20115
45823
21452
28770
68536
7910
96809
75810
7732
71500
93783
89614
65028
85163
97378
89347
10531
76096
72380
58465
97488
64087
51739
25479
43800
22969
63
19886
82167
45707
40209
51874
13251
28406
84634
79546
4604
52835
32808
60489
83724
1437
10249
46769
77722
15609
55197
86688
46740
15899
42931
78928
85408
40248
7392
46074
17618
95291
5177
48278
85671
24544
86992
8440
2068
84865
4380
41514
9840
31119
95205
7190
28634
82558
26298
12641
65265
88377
120
95770
38675
67763
80754
83816
34794
1623
80114
69547
48118
38244
73479
77956
43887
82508
25047
74202
66736
31835
15774
32305
13292
54012
97777
12599
52264
51338
65404
40602
7659
33142
573
10017
2684
69872
73537
93991
68828
87777
7464
29447
98536
29282
19626
96160
70035
34198
11117
99629
89713
87682
27832
65420
27282
81334
40612
93844
95876
39840
84585
17024
23337
98246
19258
45405
13866
47036
17110
74150
68181
68772
97626
49728
30734
70625
40931
34479
12054
87491
65245
85694
99681
43588
37862
91003
71625
41085
25443
52662
55519
5694
75207
24885
29968
54861
41438
27973
85365
38748
66179
6703
73799
18812
28608
10734
46098
25667
54423
52768
29969
10640
99813
32573
74680
57669
30929
14013
45474
51335
11047
43198
1283
78289
26914
30774
95570
14745
67697
45428
80270
57981
50875
92799
32687
89658
64906
7424
84944
75029
20376
76370
14236
15939
19111
15248
49292
24825
33115
48438
91909
46340
65355
20328
51480
85263
6128
49885
11624
94694
28759
78313
2267
26783
77817
1905
68998
14203
35747
1495
13149
69916
48848
22604
26703
4586
54132
32010
2794
77788
57003
15720
79512
10366
64300
68420
34961
68021
49881
21893
9080
24026
54298
44521
580
99370
93926
87140
18773
85873
36177
50631
94092
14250
21227
53057
6799
56080
36765
36559
74341
48899
40484
21087
85882
82619
82122
77311
99496
69484
50860
84397
47494
25953
49273
20423
75856
43172
57212
73773
73610
20386
28266
34659
25312
56312
83628
15928
79714
69491
99992
70066
55156
11753
99506
65851
23231
10601
90188
79424
72033
36179
8972
49947
21017
56744
4196
84141
9232
19174
14189
13902
67925
35190
63152
65412
58295
21176
59651
41071
82998
90522
95236
28183
53904
52256
31466
95751
81963
98105
24284
60072
43661
21353
38516
55891
77867
35683
66905
20333
80540
21483
32761
22813
20694
13084
77628
89659
85411
38112
97534
28026
68480
22996
63533
48001
16658
25305
32214
54381
49456
99751
42924
33808
77468
10047
85144
92194
99857
52320
79097
59283
57129
99598
60006
51586
54939
16030
30690
62199
40329
47177
14118
95017
27676
98117
67947
66579
12642
34987
98761
60609
32594
68095
2121
92140
11773
35049
85392
32802
99279
81461
28003
24743
91773
99481
26821
64984
9577
50082
19685
9089
53063
51502
20263
632
48999
75453
85514
97510
55377
26036
78127
18398
48045
4641
20962
50210
54473
23746
51892
48478
98795
21470
68158
46414
80975
39745
13807
87910
93229
62789
85435
31249
30527
70137
66977
44863
5560
21522
27963
19627
97343
92571
75551
98437
39641
49664
13277
56881
8382
69499
5608
89935
88469
16717
74203
90907
38060
70183
827
19108
23141
89749
94526
39592
22598
48977
68304
15013
3775
98225
94539
27946
15626
53957
70691
29089
71225
28894
91646
11404
78815
66676
42915
85388
66666
70250
25865
86357
8486
12766
34283
94630
15873
90354
54012
63209
35983
55499
66923
74718
25567
73526
8516
80513
11308
85053
25453
69634
83039
89008
83495
71796
12295
4798
7337
95835
12779
42760
33820
21276
52589
11815
39559
31468
32590
57883
99822
59921
29489
81667
66854
34218
10155
31581
72780
52347
22586
13285
96156
56106
49299
33513
45
33084
7119
44531
1685
75211
33355
57701
26609
2128
16372
77416
81489
39001
28951
50391
11792
97648
69361
69335
14316
26980
99909
97260
76309
6509
82135
60109
93635
39566
40770
85973
50784
29296
4814
84709
1333
2011
33181
59981
51588
826
50803
99444
63265
25102
4119
25091
52683
887
82475
66721
49094
25741
58144
30567
98045
46426
89893
39063
81218
33614
45033
91395
4646
2105
18118
70857
35376
93213
58903
34662
85412
11703
10398
25505
18488
53914
47328
96417
36154
13523
33520
90452
76308
65139
93431
37442
33990
95191
75508
63554
64167
48774
63307
78491
11178
84813
22236
84469
10170
3036
89527
19596
50349
63146
17939
12581
71095
55488
44262
78729
4545
23665
36428
29938
76828
3833
93323
9742
28303
59547
57277
42760
72777
80156
91841
6044
94739
92401
23347
46525
39936
38299
2802
26159
48071
61941
87792
76487
77409
76765
4295
33252
86252
73424
43836
71473
17177
12384
59649
24477
94173
14919
96494
3761
24618
45540
49019
36299
57700
48944
55975
65188
19680
33533
2758
97153
7658
95668
8227
31659
99916
28846
23161
4547
47977
17255
56814
84106
8695
56186
71204
49905
83161
5202
45308
12078
80318
5226
89319
55947
24618
59040
28484
84116
30902
82547
77751
99503
10682
46566
37217
60542
13535
75204
27441
57854
34371
79091
50785
47622
86353
64565
44460
63776
83326
88445
3143
97462
3825
12487
9020
66031
61194
48787
49811
88960
81598
4525
40430
65873
18717
18393
21188
7713
93138
72356
38796