1363
30672
50283
60540
63568
42533
53619
70022
99525
34610
49470
98353
1534
61129
9922
98033
82183
69028
10467
78421
5329
18781
2310
34412
95169
35082
49621
51401
5994
39454
15434
77316
8882
68755
57315
55444
83836
51661
50603
39244
21228
19377
41171
68068
98284
21517
79309
94255
62650
69710
78454
43803
64492
3715
67004
76190
78820
54758
35600
91487
24551
88306
19744
17534
66020
11052
38418
985
92889
50973
38837
66426
37796
50915
43083
87470
32529
99669
8842
25632
38305
80548
14716
63198
56956
62113
83681
38168
18779
60609
44242
91622
36997
34064
99903
82158
15959
69360
85707
94212
67060
20333
64954
6061
21088
37029
82334
94179
90581
63202
38707
18131
14185
74928
41321
64
8318
79386
57238
52677
16059
79163
34941
22557
31606
75532
5321
89227
81981
40526
86527
40934
23011
26368
71120
42679
7661
89657
18467
80964
91265
9404
82047
92785
86043
83661
59843
54157
60655
25858
40574
79534
81409
98326
5962
43699
36485
44519
85503
66560
18105
33826
88470
14891
6045
78494
77177
39534
88763
39105
46796
75961
46365
43236
54414
64526
28262
84480
91820
84304
30284
62533
40065
26795
92008
26023
28335
8416
54551
44127
89637
15520
71250
41146
41116
80874
23385
70169
77567
35485
50876
91270
14771
23272
61519
31384
311
51162
44769
66299
90271
14909
97523
22309
44796
76749
10367
82616
77318
62877
35378
65066
95165
24106
48431
2512
81274
93233
90564
81536
2687
31359
70162
50847
28360
49216
8021
19732
44285
58598
6616
31618
52383
30516
64075
50140
45153
15739
75511
1783
4896
14057
59495
93917
25934
14487
25897
75710
90875
2829
40199
80390
40943
67636
890
34660
19556
97679
26663
69394
80488
54946
45860
12062
68169
24567
13957
28265
99681
89399
80413
49892
4779
18400
19117
7157
50806
72798
50383
22556
46914
80448
84431
61923
51248
64883
8312
93949
85407
95339
98076
96807
10950
51273
98443
34495
52828
69049
28003
70914
4853
48045
71915
48582
93468
52633
69100
55572
83643
13619
55425
67390
25383
97952
94680
21678
58824
57228
9238
56035
95526
11664
45646
56493
91421
70520
27813
21710
89890
21255
47488
62352
97689
37927
36969
94292
29364
48354
12604
87047
41040
33281
60725
66124
26235
27422
36686
10729
73699
36126
63909
1480
89223
20043
37364
52052
70512
86667
65160
80701
34414
93591
46464
68212
54777
30141
47234
44872
76823
87908
10422
88829
16974
26245
87860
24509
52439
81687
30020
26510
75349
68998
22359
95265
48588
91005
9073
84282
58429
81670
44350
32477
97407
32800
53191
92511
27407
14164
4284
87012
64582
78998
65901
32826
52070
42379
95955
33851
76940
93899
30837
70419
21433
36761
21793
39292
35851
50419
17302
7792
12655
56434
2782
28646
30327
20435
84586
99116
38435
43967
83964
54650
55020
55684
69344
45037
53299
37750
64388
33807
74637
47895
17143
9386
31294
25554
97872
13354
4260
89612
7315
40040
96235
31611
14217
17817
28290
36019
57495
27140
77630
33078
63629
85456
68269
69752
65878
85326
24076
27556
15026
28545
99454
12217
2963
58105
66017
40689
46838
13900
49796
58454
80850
1469
91814
91960
24235
79124
93611
6976
59346
80256
93834
61635
27098
87309
48947
39483
87803
62249
31315
1885
90346
49353
94572
17839
20497
52353
14073
858
6752
4555
35181
70429
70718
28604
90069
63983
53765
93447
15614
81628
72341
46120
54684
95903
88441
76159
49505
66580
98989
48712
85588
76552
47201
68176
46566
75338
2361
52810
39395
80977
15372
57754
27143
96000
76161
4184
64759
93635
25326
82303
96406
75077
16500
6887
22681
72987
18442
92583
88685
80133
92214
36793
55637
10691
51771
22245
54166
14936
72183
4277
44896
8424
29906
1508
73908
26189
11105
79689
2499
52978
1861
24695
75646
20175
15542
80708
55132
61313
11426
8182
7575
24484
12139
60139
13250
40529
71599
72969
12336
44194
32114
56000
96777
91986
29365
38880
40268
44136
60257
33200
88297
59575
13076
47255
62238
76373
21856
41121
22074
61435
818
20476
48481
81265
76556
16948
19645
51477
96540
53548
6247
1790
28773
50353
79778
77056
53409
97327
90744
79725
33984
66193
62236
32853
69840
3303
4576
15823
7145
62329
64930
60771
61025
21382
33422
52224
62717
42799
61679
91444
38698
17670
55961
64774
91937
99632
13938
1940
41013
64744
1408
23234
77972
7168
78220
75583
93723
49072
64549
56480
42287
71716
4416
74490
32663
54197
28968
64948
37504
61581
6770
10968
26700
24660
91069
82921
34217
82401
17147
82960
59577
32597
58157
63951
49232
4698
74568
51815
33239
89119
69535
58145
22782
49959
40176
13868
48629
71974
12494
74432
51890
2730
88290
21953
74037
67615
15743
65348
61504
74046
72804
70919
62652
1152
82409
6807
86097
14510
74153
1370
90360
18305
31268
56593
10915
99089
4091
13845
66696
44841
49298
82664
28651
96908
12587
52164
34556
45167
48430
63114
72043
33846
62212
91736
94610
89485
50066
69706
43768
1832
74158
98116
39093
39228
20421
14049
90730
57255
15285
17113
43718
21563
86105
51134
6167
61383
51828
18649
44633
63369
81763
1803
46738
32131
93497
34238
90690
89934
23314
34619
19362
56618
11924
77633
72392
17159
75161
37756
55608
52422
57914
19594
13647
76547
95955
88903
10448
41211
79128
48235
57787
72286
47246
79595
89231
97660
75485
81586
36470
29699
90601
3328
67808
45700
37908
16271
78455
12223
13697
64972
36137
91726
15062
90670
31996
73950
73214
57735
48412
79140
21200
81158
96950
20323
67600
20501
77588
6056
32391
92692
3184
61769
40982
8137
33529
68440
71858
97846
52738
52625
88331
94927
92248
90588
49963
33214
59762
14902
77794
74874
64145
90700
46052
49815
89531
4008
79768
18331
97173
9278
29697
95157
50980
84442
61774
40592
14115
35633
60033
96052
95631
31707
30278
81010
81752
51140
53843
34490
24053
64007
66157
69681
15868
80940
99430
1322
24333
11626
84962
77560
87815
5649
27938
73803
85890
71006
85443
95427
9719
65921
2550
89077
31219
20652
75412
38680
25298
61225
78281
15932
81127
82908
87353
45120
1046
55056
4121
41176
52683
12507
18427
649
84646
69702
65794
44255
79194
31412
3925
29496
12378
51606
34411
83121
67278
47635
48618
46172
89066
78021
31093
1165
14568
44741
70955
21609
28101
33103
8232
89832
48263
99063
31302
96786
49491
66607
74077
17185
22423
24984
66687
14384
93319
14139
57259
66566
63737
6455
31574
77255
18281
83324
33240
14913
73666
43375
81423
14550
65194
36687
67787
57894
72484
7074
3394
15879
3869
86341
88972
20901
97484
15310
80367
12042
61146
25551
8262
81604
54516
16137
54112
22614
47713
62221
52048
62418
75506
19744
10702
34361
29981
93514
12674
88487
5092
59007
7910
71553
47333
79054
15468
63320
49948
45216
19257
27438
99934
7247
10708
9764
98195
92687
33230
8775
4478
99090
37958
46844
10706
61570
98157
75779
5839
1233
17806
57027
44455
24395
50258
9010
52491
99702
59417
30022
66543
51439
51007
98629
48391
77603
39670
37880
67880
37524
15071
17814
29225
55173
30489
25434
89867
52328
66223
34650
41134
23869
11656
40292
70102
58488
42992
3392
80351
75645
93462
73375
89962
14301
26159
48863
48757
95896
79902
49502
63416
73762
96668
48907
9609
97864
87654
41272
5814
48489
73820
70508
39066
90589
75535
88590
70200
70242
18086
83197
81768
78763
85519
10632
53685
72839
22643
12931
12547
69170
52845
99142
95441
4183
2929
61611
93249
36211
70242
83216
92521
6695
52467
81199
94260
85505
76706
80293
48855
51881
30673
14910
68834
25090
76626
31361
62683
78334
27938
90612
30925
64639
44221
63032
98478
91729
66733
27416
95379
46194
96929
19872
65855
89738
27923
79056
35102
7039
80337
42043
5637
48436
92211
37351
60761
93320
12573
26788
88259
79317
35066
97214
13372
47514
72449
27000
47139
92352
68709
79462
91738
19787
98159
86125
75789
60592
64482
24470
95184
73706
20801
47997
32572
32132
54492
57448
53359
9718
59603
21495
99549
57777
27159
10915
71212
56702
36976
72749
40248
79926
65278
4238
96566
77435
23184
93733
94425
77030
50174
33742
12526
9431
38313
38886
50218
4635
46371
94130
89119
60924
98334
95492
79743
92923
42599
16717
58875
26546
6872
29931
31350
80538
13895
85423
38256
32662
49444
9382
7905
5217
64871
3821
11906
22763
67741
21582
95031
31317
48971
35005
75270
28753
54896
69257
15609
90181
18593
68385
69925
10543
22508
43762
82946
62368
81486
93019
6127
3717
29251
29137
71373
99007
33825
70763
29559
65864
46296
76511
18246
54809
92879
57417
28862
4927
33293
46770
86560
54442
35896
81004
70509
17478
99054
80719
70263
91360
74775
37734