4205
540
49405
997
31159
67343
40035
91823
55439
26778
30137
90637
26412
59887
48972
19604
77008
85116
71505
24531
83335
67932
70029
56529
46425
31169
91417
2674
80474
58626
2176
61906
4608
38349
20537
53193
1903
25077
13084
15909
86012
30359
63209
78121
8626
16519
84509
9089
22132
75444
78546
35409
51726
28739
62862
71467
16776
9599
45612
92199
5763
2798
30954
48403
14601
23472
2987
21127
23049
17664
30005
22404
21346
41003
54393
70766
57318
51781
3868
58736
57068
11228
31329
54824
42802
53485
65269
97772
36316
50687
91180
42769
23920
9327
35676
25614
15740
43837
46006
36511
89659
9296
28255
61032
31146
24665
84634
4163
85052
3458
68543
66011
63816
58691
39247
98040
12994
46914
53461
45553
52803
38840
78533
63549
48459
94973
4845
20820
78893
2710
48852
56985
45708
71967
60181
20322
13214
27166
90757
95621
64465
33807
4927
21538
19921
73079
47036
78484
61099
4947
84130
3278
80063
44940
38316
43250
77238
14894
87378
67389
87059
23672
12664
94811
9259
65175
94309
82289
20010
79240
38803
58533
58408
6219
14792
92643
86358
92627
2356
5314
63627
61853
90033
76830
43481
49961
8592
81987
49017
67343
51579
83886
53044
47447
34253
58353
4834
79654
16316
47522
1158
37491
56955
98986
39134
97146
53702
43608
56672
22789
66350
82132
64909
41650
76299
45376
36905
43675
67116
88845
50882
91442
85684
46004
5959
36520
40618
81523
70894
91023
39844
92116
32988
39426
75460
34359
19868
67296
24074
35491
73903
44800
57441
12057
2040
57700
45137
98728
24090
93929
61979
49603
18693
44184
59739
81107
39282
21601
36823
59959
49524
84811
17944
48269
68480
22680
6179
59572
24771
56358
27086
78488
34203
76180
72125
60012
9384
85220
99537
6143
76904
26314
14001
64503
27666
42962
37419
18308
91763
28625
2130
14539
769
92981
23638
72734
13056
52829
31263
45164
82210
8629
36623
3429
15324
43477
16449
98564
21340
83211
16964
36857
92194
93835
51384
98667
47888
65772
47271
60922
44571
76286
88006
61627
88319
69175
94942
28082
28619
27759
90031
33709
97100
37323
95329
55561
36358
94701
92825
22768
31793
32786
30610
8647
68405
86055
84541
85703
58188
99462
63017
84302
37916
57575
64152
98052
92167
28248
1086
57599
6991
77256
93912
3796
62579
24225
76055
2801
67709
74808
17670
35704
91654
98596
17646
59161
66771
57755
33472
72338
1569
76938
90279
12960
68033
97049
68735
18725
60145
60619
81037
84294
82305
35588
6288
61637
49805
76419
39435
86353
55389
39205
78381
89775
60147
11036
15715
99788
60456
94901
4120
86693
47066
41335
39373
92074
72330
70244
8362
43975
69510
43766
74100
89781
39618
20966
53087
22822
24215
56903
2183
72281
95685
10244
45701
88272
32215
66126
88757
48871
69383
2129
61650
83965
59069
80527
41525
51176
65555
62550
93359
58957
8418
68449
50417
24843
46721
39757
51636
84773
15088
83176
95928
36415
76240
84855
33661
4589
40282
59596
80725
45469
28419
29236
62364
61326
38676
33607
28163
11503
91662
30085
22601
89625
91761
36513
29801
90208
33214
31601
27143
1970
18364
17634
9153
274
70826
37066
28538
71397
72983
75400
67161
88919
30421
36499
23847
81010
51945
52598
48491
23507
97988
53197
57006
61534
29490
25765
89251
99572
78777
6621
90671
8317
33797
73726
70937
77286
5569
58051
21149
10028
94478
74990
68559
32509
62944
30786
27714
40314
13624
74191
17500
74222
21988
138
26765
1653
38300
80983
66112
42039
64228
39635
68176
21366
43260
54989
34276
64435
94644
85366
11930
33120
20863
79352
88636
48137
28187
73770
35508
60519
80286
82623
71938
41506
56707
2982
47915
51658
67575
22594
35408
88278
64858
91625
76962
93826
90303
38658
55899
5627
53533
96492
61710
13094
40300
82764
47360
91458
16928
700
26896
51132
67070
61291
17595
45249
98542
69622
17910
81898
41607
71520
37613
20190
70778
64126
39019
39104
47950
91127
41626
66513
24
44562
59760
25120
15878
44065
76848
13543
49531
26384
43893
55562
11691
88486
7830
89721
16585
81324
78314
17143
59019
19928
48008
17850
54004
25248
57095
48200
55056
55580
70226
19241
35581
28017
26039
30473
37939
36563
76014
23941
52516
17640
43962
684
8971
29981
34314
12742
85754
87868
10857
57995
84650
35183
5901
75879
22079
41914
66933
93992
40613
67123
52383
79656
76296
51896
17581
73065
28729
73110
28504
36172
56857
87737
25540
39198
10776
47696
65979
19068
70635
54210
45482
39132
16103
14701
87347
16939
91050
55346
53234
631
12973
89818
77375
30064
15064
99812
90066
57062
4614
40713
79401
47186
61918
55617
89140
39085
84429
2280
92073
44721
98491
36210
31979
18799
70296
43263
88352
18523
66260
10331
66123
46841
94019
91381
97686
7746
95386
99951
23246
29722
51276
16646
90010
6700
28563
78940
16544
9862
5863
91066
62777
6169
53056
81262
6801
75886
18324
90169
82517
83789
29850
31218
16955
72763
82657
83535
70683
66490
46917
42593
66716
67767
36763
85201
88168
58422
64493
88233
24206
31105
5620
85368
84350
26444
3253
56222
56177
18259
93583
78825
73124
28326
1588
46007
31254
30874
74468
58337
98694
63897
76113
10914
78459
20314
55876
99146
8080
44431
34205
67891
87933
53639
39133
5425
17634
23511
32222
95767
98097
88301
86998
21496
24000
36972
3263
32945
44454
60300
90722
51621
88929
53795
49881
100000
47892
13351
36412
33545
24249
40675
82951
38121
44742
91276
95432
57920
59456
40781
81586
2663
30508
25438
3362
74064
16094
16281
5673
19758
67194
60567
72526
37169
58487
4682
17655
59537
1787
5837
58469
48024
81819
69406
8497
3154
36692
8664
75992
53145
51296
36141
2166
875
45063
52160
86208
75355
51619
10967
18507
65103
40288
18803
42776
34938
97088
7351
78019
29092
72448
10022
93015
49862
67802
24395
25917
51611
85689
3902
77859
64000
23783
3198
18520
64460
43738
42369
76895
51906
55825
40369
95306
98397
91398
24623
21641
89514
33177
97668
51889
25331
76762
19333
7413
54532
4925
88995
61766
15658
5928
59886
68535
26957
16747
85659
79655
41060
365
39770
42507
66362
7174
83556
96019
74839
6652
73461
18746
76079
44482
79837
67423
85339
51214
89984
57866
98096
79220
9613
99330
36664
32295
97390
58215
48763
83373
13236
73975
13182
58880
82573
69253
82738
50811
97727
94172
15396
14833
54323
54119
71227
28552
62923
22206
43218
99199
73791
12285
78592
20927
33441
19893
17462
60886
70014
45791
25898
1576
13738
91449
62978
19874
76408
27965
85515
30024
19757
47557
96920
6591
64282
293
34097
19311
98024
36153
30328
61561
32456
15469
2338
44512
96078
92125
34566
93064
33214
32052
84138
60806
82506
69090
37875
11048
757
10543
72213
34247
78497
26966
92679
33453
39613
10406
63272
58382
92541
86836
9327
38805
84995
31998
42139
65803
1707
87535
77965
81542
7883
23688
46008
45574
9250
50113
80431
99825
14570
26601
19664
13851
77014
97443
56304
62945
73376
9663
72093
97928
24019
73759
4171
39485
67104
82127
81362
67458
76578
44230
76273
47110
50716
30021
82299
69551
10024
59551
96465
86908
49454
27625
14564
22108
6113
92089
5935
70677
84232
60363
51158
7951
88538
46049
82566
34110
87697
99272
55839
6902
96349
23230
7230
79013
56573
9602
31276
85999
80553
81159
53181
45964
87767
41836
87635
34810
14722
83239
41535
36996
25583
39297
89608
92846
25967
52937
40827
7489
37622
74849
70998
34695
93024
64509
36339
28099
49766
63127
19566
81085
15598
86631
59503
89383
35384
51406
63411
45009
97871
84309
74461
36510
52661
97107
49828
38620
72180
37226
42706
43527
1851
36732
19209
43810
82029
44058
41161
30434
45530
76676
64085
99909
3049
92459
66072
36961
13188
70816
3853
42280
56627
92281
41060
20079
99624
38637
1113
25880
36214
90139
41348
42058
6211
87828
36549
24747
23369
63823
8553
68635
1573
10358
32346
54622
61928
47260
35365
35369
10807
71598
1445
38702
32572
692
50680
88302
29207
67992
3750
33971
45777
98779
23807
84390
92229
12662
60567
92014
89907
45790
98363
29758
30601
24908
80338
68316
35890
9500
4384
32133
51910
64236
41233
54879
95077
96026
27397
69364
36623
10182
6855
19465
76872
81537
52506
82176
11311
58118
54089
81663
36071
24338
40468
12623
82587
82076
47339
17560
72928
10148
44607
72066
31686
55593
223
68459
83794
37032
72706
60697
27581
39340
81454
78160
94647
88858
91608
88503
86563
71275
10357
98565
24427
60779
86725
15887
21235
21565
27700
9515
36420
69371
50140
44201
62078
97856
62500
33847
58902
31279
32385
18546
90576
96552
3622
9348
19263
91272
36557
95659
27774
24280
59094
31609
47579
44702
74917
93976
97109
9723
68692
85822
70275
10571
82149
67896
44846
5650
45571
11646
82619
66493
20381
79614
84233
4740
85042
41732
51940
19237
89122
9707
59783
8335
19824
39644
14449
58304
63889
37174
95042
19325
38316
10530
27961
31376
57997
78287
64838
9286
96647
20756
11325
78973
1346
99155
69898
26131
83106
93896
40521
7517
1587
63457
54026
1886
45696
99015
23927
61925
90388
58275
61159
82644
76836
35158
30796
83257
12486
90685
94672
49950
29083
55673
30438
40060
97001
75250
61682
56501
66487
38575
69524
4953
37560
25808
35649
14937
48220
36207
41117
36846
63240
69756
41596
46008
95995
31931
19857
90339
35392
10286
2974
51106
47252
8167
21877
60125
72133
14988
97209
28141
81563
49717
72047
10977
80284
33077
66782
13954
91465
18009
96294
82625
17477
97519
48984
60122
48556
4854
78945
37864
69518
35366
14333
46554
69957
99919
3191
22161
49884
25424
11069
4311
94379
58247
37422
48973
73016
13497
2331
64011
73202
73956
50913
82139
57262
97761
48230
25332
392
95560
44632
3807
6464
81245
30555
28210
39952
3888
70436
75080
66840
75668
40457
5952
21043
82920
12090
48009
67202
21061
8348
31182
84236
31622
20184
53907
91396
6213
95461
49053
85772
40353
83210
81329
22407
26650
86321
99357
31310
64308
7370
54279
96076
93949
13273
77391
79449
78977
88959
64468
81109
66642
67711
47878
5192
58705
6818
87928
2304
12662
62785
80283
44259
25286
5221
64203
76289
32389
10919
19506
41171
84390
51927
24937
56649
56094
93944
87512
86923
69252
65176
78389
32931
67140
3919
32156
8548
66463
20369
30355
94569
14874
91393
44925
95114
61357
99417
25487
4481
22115
60527
56564
81869
38912
41720
15270
6538
60162
49303
77985
34284
5579
87275
86328
49094
42150
96718
99222
92751
67979
74272
36217
44341
83296
11049
98174
55711
9259
92072
7172
64303
64301
313
42694
6233
15489
43214
55325
47324
80077
30912
57739
19574
9165
39053
74304
73763
29571
42115
45042
66500
7424
80448
563
76596
22358
40966
28813
45592
98416
76041
72747
1650
80820
97072
13843
91615
51318
30978
4305
24550
48419
32091
29250
37115
24284
94643
32377
2212
45150
41769
29159
18391
31666
24227
65995
68063
40217
49295
78064
85287
5923
91035
38639
20361
31317
50212
73900
59493
49787
77304
33991
10814
92268
23376
14531
81195
67562
19752
30631
30470
64437
97105
36084
27729
27466
30254
40046
22114
10427
74933
64608
41165
18177
15693
1304
83916
77682
14503
86640
21167
80612
99564
18524
5265
77011
92599
8659
16640
17547
12087
85395
85618
26028
66703
76177
97413
84769
18045
45087
144
8609
20102
64295
23209
44995
71752
8072
70330
32954
70119
86291
18162
99980
80143
50985
50923
82249
47021
50201
99520
23975
93990
70157
67570
79281
13530
91044
43721
95544
61859
34460
98458
30691
35993
23178
74899
19379
90792
44377
94232
38676
46484
78276
9285
33912
32438
32103
37578
42694
61791
62925
52466
33008
51187
59923
22966
73803
80144
48143
28155
2050
49479
36320
19852
36460
95877
52720
35542
43458
23192
22443
32562
51871
94957
94867
42295
28294
72455
64929
28660
20567
17797
4560
234
27493
20547
82377
4999
79918
38387
16644
28132
41766
56123
60271
40765
92085
19919
60782
9305
86500
70646
78766
79983
36353
63125
71822
45147
29878
20597
51533
43741
24344
82372
31016
50195
45080
82425
81699
90691
92726
44916
1489
16369
46988
93955
98944
72730
60264
97199
22047
96419
23733
50555
40971
28336
61631
91259
61920
84563
95705
21831
57058
29119
50302
30240
6428
15374
71020
14527
16687
44070
99487
19325
99157
33144
27179
30589
62338
67237
75818
91264
50805
61018
4535
57302
38367
37075
78377
69621
88829
70545
15606
97704
3202
54270
47876
66060
86739
48359
54501
51184
17460
97851
77716
26642
19979
3207
77706
2412
8506
59532
99679
29399
6831
71465
93412
30073
60028
36617
99254
59641
6308
69481
28451
82972
51976
70198
52956
52142
75916
71593
11864
79189
95981
88566
20672
21092
23549
89234
32700
65665
86573
29374
75300
75025
44933
648
12293
65289
61096
47804
91597
11468
66470
92694
46303
34082
68457
74692
93681
54532
24796
98786
9293
79711
86700
43374
75081
40778
87192
31980
46104
82048
61840
824
10250
23001
91956
97750
10712
86498
35526
91223
36885
3041
78206
23002
70498
21477
39284
40937
81975
30086
99111
10710
32498
32207
78773
19201
17396
98256
90529
56660
27201
11222
66099
79101
22133
33988
50706
50435
4317
20364
94033
83390
80203
84340
98012
76808
12154
86206
17339
91715
84369
28570
40094
6399
9011
15918
61337
81654
15209
79072
7626
82459
45094
97137
40480
99320
14775
83408
48248
30294
67955
58473
50744
4373
905
87379
83264
50936
45680
32340
57693
97786
87323
5432
55337
55893
81079
15112
85258
53162
95235
22775
21444
40519
93376
35913
93080
37067
37342
16587
68324
61140
93993
62839
78723
97188
89597
38839
3942
65611
92862
64698
90193
51997
76996
49216
22284
75555
39996
9472
92709
63400
45682
82516
96480
48955
1925
3145
21239
98937
67370
90865
77200
60347
56005
11799
30837
2424
92821
62716
78466
33477
27358
68557
13363
39383
46394
70199
78824
70727
99659
70988
26872
25718
92464
41512
86614
19244
82363
99489
89337
35277
77715
42052
99420
70608
29254
89875
74350
67651
14161
91177
93832
51777
6129
62906
98645
42556
35646
81385
73719
71992
58860
58359
11693
57709
71989
7186
32115
9752
15061
83932
79335
41573
40887
44792
77407
2011
7955
56717
72622
94305
90094
88794
50926
34170
20757
87990
40554
39945
21666
21657
45653
73050
99197
18723
49777
16972
44163
14229
54029
88930
9202
56590
74149
18897
63802
29002
55373
85628
40533
17235
37438
9716
45317
66175
51201
81542
77607
29275
17444
71256
70617
97110
37482
27457
757
47655
45599
87684
24202
13776
7718
20267
47500
17840
92143
8950
13725
28547
89217
35269
35724
22997
97213
46787
60650
27313
70176
17400
9991
42807
27142
67442
63531
54623
87422
38104
61650
61285
56953
3122
80667
10760
79216
97007
19796
84403
95052
50741
35124
73099
93027
83511
13604
11884
72372
50039
45213
28593
32284
23410
69339
69116
49237
60434
92020
76143
73716
50549
58835
57032
41781
86264
46268
18174
56547
95173
23134
21962
89568
63711
50374
24685
82479
56019
12128
86871
26896
6695
89779
67645
78161
33126
61687
9999
31812
43586
59970
48594
27330
44059
10138
97418
47780
37029
77168
51989
65695
4152
89132
57808
12353
91610
46465
91761
76745
35614
3719
56925
80288
18071
65256
87123
50752
15851
38542
89540
34683
62915
83609
88039
13393
89916
14725
14891
71895
21066
49191
64663
32144
73211
66189
146
20039
4843
33351
51765
39078
72526
19745
31132
86707
51088
41168
45162
44860
5856
90193
16524
69090
83194
50576
15494
23423
74565
93664
1562
55173
64577
59082
31729
86595
20518
64363
52157
33709
5790
51293
59353
87810
8224
96659
56734
25752
97647
43633
57886
8920
40972
30047
65816
46371
16802
99862
13670
13521
81799
15580
45053
81323
51815
31619
90002
80057
35724
23163
61699
94230
32056
9414
39138
90586
77593
64427
98387
26306
27471
79277
7068
24309
61583
13397
43101
28804
4759
71950
62091
27096
60405
95719
26575
38479
73422
7725
20978
75230
90810
504
30249
30384
1879
26594
21116
58562
12312
20510
22357
42886
89663
21861
44882
31108
35401
31674
2868
51701
25067
98516
51786
21432
18046
18053
27656
58768
29527
1842
36666
11267
70722
88605
54845
24390
42227
80282
99990
25092
82226
45972
67454
14119
17128
62543
53074
81090
95707
92901
93262
92065
32609
50695
73850
27943
31200
16898
76662
50322
8398
63308
37752
82369
6584
10629
36727
49159
43527
89484
57210
95733
77704
62770
16786
79648
40510
24166
25708
47131
70888
84696
87693
8441
80646
14156
15002
19429
6
47314
77822
95880
43505
52242
99103
91781
91112
77785
38876
97837
36683
6963
37384
3199
16060
51055
99770
6132
15918
73636
92585
43572
90110
67701
84747
38012
86386
54935
52103
54334
64364
31188
57957
83330
32845
20010
35922
41060
58795
96661
91558
24234
46768
20045
83457
70423
38511
40774
74767
43026
92714
32814
61725
51431
90453
82413
86586
46614
44902
90505
32938
47072
86008
33923
79754
14529
46464
83434
57554
35797
28611
56703
99915
71376
14978
29126
92770
57362
31425
86390
15155
3333
72152
65215
56512
76332
60718
14979
43143
31508
90054
73469
77245
79714
25673
65219
26369
82476
47961
44993
49714
86312
74904
43832
6415
54242
75843
81441
13546
29244
33226
37370
94493
18475
42546
35657
80785
25396
32055
77877
18774
33272
49175
16563
17088
13534
43854
24158
8618
94236
14703
8247
82537
66901
71235
28894
72919
2551
43577
38458
67656
20832
69316
53712
35249
43882
2907
87852
2755
8367
22195
26368
27486
76282
7065
71896
72815
3625
24028
10903
74981
38542
26654
11031
32198
7816
72227
21376
17331
34494
60255
27040
29236
88320
86954
92069
56660
86191
93055
76164
18554
35483
87617
27909
20613
98863
98393
24626
41531
4752
95212
90567
27574
97084
65726
47349
45113
32163
85191
24207
47177
95101
84033
39062
45487
37690
49473
45476
43123
84883
19359
17569
77509
67432
30705
60338
71408
2256
31110
69946
6363
96614
57185
32773
60785
96179
21636
41261
15260
57752
10933
90809
90021
1192
60345
14456
24002
46465
26343
32690
82016
45659
12675
78229
16912
86594
60588
46350
29394
32328
78186
36566
82075
5638
16061
44005
74114
64704
35678
99251
90295
7580
68878
99976
72414
837
15484
15559
85640
35794
80232
25714
14232
51306
54873
15938
49955
17084
29299
67764
10960
94208
69707
7454
32049
84043
47786
8379
93917
41127
70485
62360
70470
84687
32475
83749
17124
22132
61607
863
69821
50470
46833
57
64711
40569
41272
21389
38299
13701
73906
36514
28957
37190
45205
55462
76354
56312
40919
86168
10815
15565
80291
76811
2913
7190
59308
53063
34774
61748
66606
76683
23520
1470
27582
8013
45370
17509
67216
81811
41045
52545
18947
20271
56779
37753
71314
1570
30847
86502
50293
98595
95250
14451
76474
25907
2807
46344
47694
28445
54892
66897
82818
29155
75720
42533
20463
55162
64740
36174
79926
29118
43762
16284
29733
89696
67243
36276
714
58096
86565
27861
16914
27241
51242
48112
12840
75602
81442
62888
4002
33472
14409
28314
53746
43212
85872
75021
28843
67756
1860
66604
46855
81416
59308
23792
20846
76443
80888
92951
75950
19829
14377
34292
72872
17488
424
53987
21653
55875
9589
74614
43090
94839
74059
64584
8911
79937
63116
64041
75247
70070
68602
42766
59971
15106
53630
51620
85608
66797
54542
65266
18919
45636
84022
27069
15310
5074
80794
3626
60628
33869
93850
93187
23289
91653
50751
93309
87199
30878
48004
4097
348
93989
39801
98075
11400
80955
3773
80561
83009
160
57348
47115
79364
61122
12826
36687
15882
51003
85023
823
84826
25888
55777
21803
47635
31912
84082
59971
67081
3229
90805
8778
29218
37578
23788
16812
73056
2487
7
95491
57803
64107
30329
31853
32420
28545
63462
53975
55058
57116
95923
54209
58761
24882
84475
99937
42702
40141
51057
89432
53768
80505
81216
12661
4896
96210
70944
17507
8767
59342
47717
72203
21385
72156
27681
83055
95415
68270
46702
21002
20793
28671
6809
50414
70272
64538
56264
76536
84185
45865
27331
29715
41141
80975
4511
12829
33354
91024
25771
96270
58057
40776
33546
83989
98303
61396
79463
44706
39705
15698
7510
64014
27697
75577
77965
33529
31923
10567
27908
44351
98259
13800
47568
38688
48253
53437
52443
37161
68377
73509
54807
70752
58316
78194
53336
37487
80940
37137
84208
4435
52362
64946
33262
47221
28669
71204
17564
78282
66034
72304
97379
85984
44144
14444
94497
73991
67945
29492
70465
41386
43399
72150
50544
4611
71895
93845
46467
61469
74748
54807
75156
80989
66512
16482
72899
67293
28953
36533
81608
83881
91786
22162
59407
91792
438
1895
25708
12257
11892
87130
89416
50535
2423
71785
88276
38760
87040
20524
79729
43896
23508
64916
20361
91806
4139
75872
67218
35356
68604
53890
51322
1299
83939
83326
73444
44260
61328
44908
54955
73942
48788
2961
74190
21207
91305
30556
18250
50705
46221
96547
52449
83241
2439
55951
23355
99216
19499
2474
17623
9835
63391
96517
32037
2912
45565
13884
56821
7162
93573
62625
80717
99738
30737
58890
71786
72623
790
52172
71132
13740
1986
32204
86707
88927
43283
58142
27905
68450
54252
98939
23633
77166
67242
839
99877
68285
89179
38223
14061
59431
72531
77613
10969
57220
61041
97934
77549
48571
35368
37054
59655
12965
70804
7977
43801
8460
29753
50620
89736
33938
92855
90122
4314
50961
80529
77840
84510
39887
51118
35934
72688
95577
23288
69319
88825
72174
37988
96812
92882
62939
58735
76893
43812
6057
52044
60848
24113
53813
81870
96758
25742
55210
99287
49967
71309
48523
97289
88898
46418
37876
86155
48828
20452
86812
49348
47463
8504
95811
51479
1712
76671
92346
59037
92169
24842
61612
80615
48091
8217
75850
82442
59678
22042
3135
97157
11340
10827
30103
62821
64364
44778
90850
46797
16290
23982
63357
329
97546
44673
13038
96456
60347
54165
10473
30778
25526
90834
79810
10746
12000
17129
25627
37185
94123
82592
53254
71823
40294
48598
44194
55168
44835
24007
63785
43483
58395
77455
49885
71954
14641
91448
22510
85509
8997
59207
38744
63966
21055
20660
11530
29319
46742
1677
80938
40330
39712
88730
85182
82311
23180
94885
88026
23706
62476
84258
75473
34547
38471
43288
82945
28056
70100
70191
35254
20872
69348
75144
62603
94424
70588
25532
12446
17808
39331
19541
73634
38156
98407
84981
10343
99985
49869
5074
90341
43436
99880
88298
24995
86078
93396
61633
12066
13558
58473
54318
38085
28459
62055
29059
15764
35470
6359
81155
17899
71855
17797
84747
30970
72283
64074
24197
97300
48586
7766
55099
66335
59528
77636
79947
12990
7170
33785
89370
29803
18994
42063
13339
63286
6593
14174
6900
7932
50966
22621
56647
64328
11136
63697
22386
65560
92351
76367
48767
21301
30159
1310
31977
67003
27093
78070
44220
39351
57555
11776
60163
80355
44100
6563
33689
23546
98798
64002
69101
43560
83631
76265
2250
47606
17473
83118
45295
78081
37875
19361
63549
48279
14046
27091
3009
17103
10642
67729
16716
6320
26066
91142
36072
32451
24710
33926
8524
12778
31287
95540
17323
53707
28201
69910
76331
54112
92944
83118
95466
81310
55245
48832
74378
47436
75013
20480
72612
67987
41576
38406
59285
10059
48048
13311
64190
24782
90747
66646
26916
65263
30538
95411
43102
11375
10402
34050
96271
54373
31234
63923
87696
82573
92592
52470
86999
46163
30755
78377
65159
42629
42735
66886
26672
13045
88011
33690
66389
48479
69622
87258
95050
79659
1947
78438
18226
6110
99635
62910
27068
41274
98035
54691
32651
12611
71701
28054
3809
72409
49430
65736
84420
52941
85512
61469
60866
32922
92779
63523
20196
19811
36063
48736
36916
20551
91424
77640
78755
89166
5368
85730
34097
32653
80078
10417
95320
59812
50699
50508
28671
96389
64582
53262
10125
43990
17203
54580
47323
31601
52094
48443
38331
18936
49194
78991
71472
16313
44406
97493
99917
60149
56207
30699
70590
30402
53413
27398
88498
56199
88534
37882
48009
61559
1900
82317
56896
38709
32900
9289
58714
77101
73448
23642
24924
68448
6149
75074
82377
27868
92485
36946
31843
35111
12261
90517
39325
2878
74893
81848
26480
49569
56970
23196
65998
24732
68817
26180
79877
90236
97696
23174
23121
70664
70219
76383
4239
86052
59333
80248
14333
3055
79689
54460
90433
99412
61891
57479
61669
23619
58573
71425
1126
26122
43504
3670
68353
12467
42965
45385
29886
20332
57685
42955
11803
13196
69299
33368
20290
68514
39282
55743
14249
57783
35246
18329
24038
15618
86931
86872
41779
10303
19988
49882
43065
93790
74481
84137
57350
58969
67909
27757
601
36779
94323
63307
16434
40030
45517
68093
9234
19942
5719
18081
6298
1295
81483
5886
63309
38328
78194
70653
52027
90214
8147
84162
83305
60047
45391
35209
24560
86643
9782
92329
31787
48809
65351
6945
59001
4763
49456
62801
66232
31240
27289
20692
2197
13963
13857
26670
49176
8956
16839
92598
73745
30564
40335
26822
57388
56686
72266
68899
39535
57832
68600
31408
3362
556
90830
73724
11339
94281
99946
13676
80340
14550
32957
30849
89857
76205
84707
54789
95669
89280
33657
22351
72176
63643
98647
47384
83070
80659
27067
33045
39601
19399
27004
76747
47148
2875
92181
75616
30590
45457
26524
59903
74995
95762
68623
20098
63373
35667
91751
16308
3038
9102
68300
81891
35038
68757
51836
89696
88693
14442
7149
43870
12010
33465
6510
40970
33495
54930
43842
64090
4613
79597
88830
3196
67144
56368
88506
63188
68821
29817
94425
1774
51102
94260
64009
35002
25245
92280
34361
92438
28580
62216
59891
87279
64272
6266
77033
20117
76337
49264
8976
65159
70975
45110
32436
80617
68675
29421
39165
20408
82219
50497
64886
47014
44561
93521
47187
89663
81830
86069
1396
28066
1598
29443
33441
94650
93087
2429
86992
17303
34990
84569
91095
98206
4905
39476
71368
84778
9157
386
76764
38481
66895
36725
68286
74347
54690
49851
13690
94572
63223
80066
94092
58225
73798
92716
16452
57432
5045
8416
96898
34351
98066
32691
28920
46430
27533
18585
26582
35898
97006
63070
8924
70649
48457
7697
99632
87008
62653
21247
55317
71649
68010
72386
91534
70169
80957
39920
93629
18079
24984
91913
23688
52369
41692
13902
39615
52204
2385
30105
20248
14055
42169
97835
32019
78423
68904
23312
17309
4105
89301
19839
96989
61855
42787
39490
72097
23273
38659
24006
55736
32549
17682
19771
11116
96110
72246
87587
80107
62781
79864
52072
97102
58455
71182
25417
20434
55495
30622
28434
165
26833
42400
76050
54399
2704
70552
38998
83138
35210
37197
32565
5820
93175
86324
76144
20451
99092
45998
16701
23446