6266
18310
84328
2408
75803
34902
99226
63276
39091
70841
93727
75814
16925
59098
13894
40228
91525
33819
83121
98863
66173
8198
62801
32560
19774
86754
29938
89302
64283
27794
4652
78468
57341
50004
59460
2656
31041
14562
77646
68861
16651
43259
27974
62157
99220
35776
88328
95192
29793
22470
85156
87124
22425
44839
71134
57006
49228
67419
30003
79104
18161
98396
50359
35140
26349
23717
74643
94840
91128
21764
93945
21840
7290
35678
94469
56727
19969
28324
82151
90832
317
39386
71830
78326
19632
42569
77319
5271
93282
21628
5189
17774
16909
44053
86352
67235
45779
28503
77800
30028
68871
67950
16216
38914
12874
68269
90628
66522
85846
63770
17851
68115
25901
84033
21076
96812
76972
12721
7175
20429
77248
64120
69461
14761
16753
77134
15254
71909
19089
46072
64128
73141
18833
68460
35341
42019
72065
59709
16534
92601
59781
64914
92380
83313
52734
19070
80010
615
50529
50484
73876
56747
753
42602
69870
7869
16081
31791
13304
41617
69939
65008
58544
12910
3282
71526
27716
83212
34592
55585
86396
17883
11026
17234
40755
820
54971
2454
78932
38907
24120
44269
49062
89405
93791
64386
21953
98807
78507
36377
30633
9882
12326
20823
24725
37060
89878
64139
63581
26404
96909
87487
88887
69933
21321
42639
21432
62348
4067
10257
94109
64556
11151
7762
65082
75720
13267
70369
57896
87079
89747
5673
65242
39976
21310
45476
12514
81217
1260
86481
59930
62350
10226
80943
61379
21333
38579
63035
36569
46161
33455
90438
13590
51296
74891
92302
55143
5431
13618
64470
65365
17352
46289
27691
11432
56697
37675
89107
62165
65644
38148
15412
79417
7404
44919
1405
78386
89532
35954
40026
42471
59979
94848
22308
91729
88276
6487
11324
16614
26945
8311
27819
22735
53298
84299
40706
18071
23075
48495
80956
55491
84807
5313
33925
2120
74575
13430
33227
30222
90098
64516
8609
81941
59218
11765
31407
13538
4453
56096
83656
53928
78854
44849
40479
4860
64565
72769
29331
70450
47220
67921
8584
60484
57381
87623
23673
87193
64945
57311
35075
32390
38474
73214
41224
84244
47684
97485
99602
94788
78035
94734
38201
20512
83103
57465
92620
41894
3550
87437
56792
91839
14796
76575
41037
31129
60170
16966
9686
50011
70267
34896
64695
88502
96805
27149
6346
1974
51428
37800
21392
45990
30280
62255
74554
29660
91419
57128
75942
67097
76652
17497
62772
20154
5581
45281
91578
35241
68098
42104
95131
30055
45884
57381
49267
30452
90528
21974
3551
14940
40425
39661
54474
45263
83417
78834
15701
64642
79647
21699
47546
65401
99097
75300
26310
99729
6576
26746
41346
77990
4620
26694
1502
58068
38022
28763
8503
9875
91269
23341
18799
13030
42294
99069
68435
38351
19305
45654
59287
61256
54421
70779
82787
25462
57555
23542
88019
69315
38242
33192
97579
72966
67992
51210
3090
14682
14738
45186
38740
31725
54594
75312
15581
17816
84519
2837
33573
1867
85753
94061
60821
58782
68328
70754
66748
6627
23237
67902
71183
77958
58341
1142
58252
59013
52306
33715
43311
34154
39394
26477
47913
34195
27190
91095
2946
93633
88895
71730
37980
10138
6489
71688
44184
20794
47768
8419
17128
72663
22955
59567
19060
26533
12483
1144
63224
56270
46680
34390
26300
87569
49501
95778
8771
32009
85115
96866
46190
50382
90929
7108
86817
59367
44505
89311
29616
40031
93868
44684
67800
19595
83236
58958
97887
5475
92001
3127
49670
77720
95174
53787
84591
98959
90116
60765
2670
27262
76966
78097
13172
11886
67972
68843
68011
86763
26413
2800
93343
85450
9551
54118
22813
23465
17846
32537
11486
7719
26872
92982
78017
44684
65096
19853
21417
55888
92412
34734
55401
98682
43784
38540
27100
91581
32360
21135
9236
45977
99440
20437
49004
15858
42058
5989
35531
49150
41741
76565
73525
31246
88943
80855
36023
43261
9059
80441
51939
29045
13483
79463
84950
65572
26473
37321
33315
60532
6262
6964
99053
98433
58122
47815
81088
67790
462
70116
10075
24059
78757
68771
63915
16412
33500
53254
45679
78541
68942
51990
42136
13372
61978
38277
14569
23956
20226
68481
30936
32319
77124
44266
88982
32468
95376
79175
76127
49229
12571
12790
27910
27840
78989
80673
63630
53943
19966
6391
14445
99910
75740
87627
51361
2714
58466
36073
65996
18593
42928
47111
5491
84600
6257
48699
70001
59711
46037
87350
25910
30519
48768
20912
58568
18165
40431
56470
85719
30336
80548
89600
26552
63537
48194
7728
35423
71030
6697
97282
79359
83491
67122
93203
90717
60256
96812
58763
74715
78903
76617
57310
23706
28605
78633
77510
49127
1447
44322
62822
8327
90759
97152
58394
91066
84084
72795
19977
76227
90936
95685
81541
72739
32011
8952
75383
6412
30822
57574
92279
8507
70905
66861
21397
14240
12114
59439
40547
89577
55008
94596
29484
56701
42958
54886
65384
67858
8377
57630
28424
92859
68781
15457
55713
10008
26058
98751
53973
78340
22044
57824
82040
3795
49065
68339
8085
38154
10018
76866
69804
94667
16763
15346
38660
88969
16942
89978
99124
23828
67507
2348
98579
81535
98581
53725
68648
76512
32896
85332
60565
80637
67432
55821
43466
54806
80247
21900
62566
7631
37986
29847
21686
27904
48950
66532
77530
57443
35597
72167
70076
68199
57282
54327
60808
82664
97528
55838
29235
22604
55383
67700
82895
46361
55826
25587
88712
20890
29130
61121
675
4937
20431
29929
45137
64387
7849
43590
13003
5493
36306
16558
41137
79893
23771
28641
78267
19477
67926
42230
97471
96017
23667
1049
33436
90638
48653
17872
48461
69571
35618
4107
51414
55979
83321
54282
2964
45840
43536
19181
89732
17676
10670
33192
99882
2017
78574
13552
26572
36896
29710
47859
4005
32155
16667
24446
45720
85497
1626
84510
42598
17673
86686
75066
6947
51927
86516
27716
60563
44566
4356
17851
44240
7688
26977
22022
36902
31641
26215
45870
93410
62312
51893
21651
966
18806
7625
6667
74981
98152
72951
76400
70591
94565
43317
64905
43076
49763
92328
37433
6727
86625
56389
62505
29629
83032
10259
87503
89938
35249
27548
2969
10535
48410
96086
81664
41471
85869
86393
93238
73702
36609
27077
17676
19893
19003
21362
72648
80045
59154
29993
73218
68985
48527
24681
64024
92040
49702
94707
44290
65941
25488
77685
95959
91971
29208
19469
61038
90738
16392
23687
90620
11252
59362
55422
30343
71134
35752
45354
39856
67102
10776
83081
87448
79638
48767
66073
37201
65031
36878
2874
55872
27095
40162
69730
10912
77224
67291
3246
97630
35880
78777
9158
18772
74552
24027
15426
22694
53038
72884
21536
14775
77790
79179
59342
8667
25976
36532
46575
96502
34549
33806
3120
41903
22207
10750
22083
89815
22756
42355
56134
57686
99675
99930
19269
62725
13690
53909
11154
29782
79033
1741
78907
25021
6364
49022
21386
53645
45451
81867
83491
51749
19076
15196
60389
35353
6525
92020
2205
93866
8301
75017
50377
4377
6391
40299
23312
29395
72121
57239
30803
68703
41126
21827
49805
38596
48775
99717
42511
53986
87401
59269
10562
79062
43853
75007
72310
37560
41522
54099
33368
82809
94579
31102
1619
15138
33905
16749
89087
27189
52679
39976
7046
31539
25045
90950
39229
5090
33294
7020
36893
35176
63571
18840
81909
27244
5721
57452
56408
14618
46762
49893
28026
78376
3707
62364
64915
42267
50757
7724
23648
68657
1599
14507
61031
53162
7720
34201
69512
13920
3882
92321
74970
4778
14030
96418
72940
12284
19879
79831
29282
89777
329
77753
99752
52761
9965
81782
45845
73811
98459
33366
64548
43483
41893
38884
24912
86203
4327
7760
53716
71994
23980
47770
37758
10098
29668
18574
88348
27680
3616
48452
6022
41017
77091
11860
75995
49020
93225
78516
95696
522
12336
64529
23094
37041
96034
78417
74870
90053
10220
474
19104
45825
7459
89069
9296
56459
21312
48663
60951
15089
84407
95331
37757
6769
94460
51846
92740
73420
5327
90951
18057
49795
12303
834
32384
22315
64688
10622
84503
39369
14015
69881
57939
58407
73180
43340
61980
34818
37557
34119
85636
5251
42728
92038
91489
31205
37480
48754
94780
74639
3935
48904
1986
18601
48250
62159
11717
38133
70494
26491
74333
16755
37613
75285
74257
38265
47319
13751
77513
41368
21073
23746
74829
71558
40878
45364
57274
28730
40254
65513
49115
86149
98673
60302
14794
55158
50606
69530
24394
97834
20194
41496
58378
7184
8174
61016
49919
89493
59987
75279
83064
59517
5596
82465
87445
70829
71584
99788
21574
59239
84298
19512
74294
2446
69072
35565
30041
99922
10499
16557
40353
72635
89171
25950
41099
20057
46498
97957
95540
97698
93269
34440
33814
53343
39434
69646
66226
7769
51608
51553
73141
75418
50249
62751
80634
42103
50223
47651
93723
22773
49767
51287
69536
95942
51230
59595
89922
14589
42506
84854
69331
57361
2167
11129
99043
68711
55183
58685
85086
53756
84634
75218
29243
2577
83348
51456
26247
59847
59484
43015
23614
13501
65611
86429
27823
73415
9704
48747
17221
30173
93275
23504
62988
55323
47521
2257
19550
12816
86647
46752
71953
18395
88090
73860
96998
69230
39565
43292
50587
99870
99275
83270
32027
81714
78222
10609
84092
69411
94018
2231
79545
4028
91790
4728
77259
40420
51132
4539
15910
76356
9528
6002
55172
44991
78352
26889
38508
73390
55924
74714
60546
10377
9030
52518
68342
8822
35850
19946
43842
38852
45636
23369
34112
42563
91740
60944
33968
11582
12382
71284
39848
43770
87782
76913
25833
76229
2018
51192
25822
1789
2096
34099
25315
68289
36328
15975
10346
1668
47484
87775
31678
55466
60796
32387
74307
84828
60450
49233
14915
4285
47747
86354
70163
39741
25922
92389
78387
51118
78331
25894
88382
53006
47471
32423
41010
23415
78108
66969
60135
21143
78908
21782
92692
93445
56141
53115
49656
7218
80442
80237
87550
92509
74260
85891
43972
86418
81952
5267
97841
81570
56003
89376
21533
90572
1470
31205
14599
55252
25774
14949
86713
91492
35001
50346
12162
62892
77917
49617
15023
18673
70754
8701
40527
11635
89198
21306
11849
77093
78961
51868
63944
40389
87206
90204
59472
94890
70682
7977
8503
99237
44886
11912
18620
36859
9705
56181
96536
54334
46456
33988
62572
98848
85987
24396
37936
91537
59452
78586
72137
76829
61352
47186
69531
40717
47893
7924
56193
13577
47786
99438
84141
23756
74247
35647
65467
89663
39797
75263
83772
49910
14499
39956
69856
40237
85228
10059
34810
67486
15369
93737
35147
35700
68521
20585
43803
65635
50626
99502
36638
80803
58198
10272
43334
61994
4248
48642
4226
28435
1276
21634
64733
35940
21486
54016
79147
82327
10103
52898
11443
4085
52565
38266
73198
42317
26064
74729
63447
2077
39120
58561
78269
83652
69689
1255
39054
43458
65115
16348
42107
98761
3448
67387
56914
67545
97178
72649
87932
74765
51754
50757
81621
70579
30465
62901
63814
85723
88337
5615
19079
38937
44803
25948
52865
67449
56429
67578
14075
73264
29391
81710
65000
54197
49306
61806
39569
87226
29052
17821
35130
33962
26375
95279
95869
93846
97625
70071
71637
89897
48967
97100
89947
14697
4466
254
88351
93347
93574
16092
90666
66469
91187
71852
43639
51966
6988
93472
29418
47220
55127
76173
355
99135
51019
56581
12323
15565
49485
45739
81205
74409
76622
85568
35100
91830
17690
93276
97410
62442
13950
11524
77087
7222
44495
29695
93244
85701
53966
57915
21939
44587
19046
56607
41084
74534
33730
22101
94075
59687
79125
85278
17091
60185
49600
80821
49960
2523
87631
5467
80454
9983
62160
89283
71684
63026
91062
50448
4712
56708
28336
28601
96456
6396
37894
87213
4686
4454
11732
74466
45441
3480
84726
24660
95056
20708
30771
99907
17009
73242
64665
58188
84766
51077
86006
75002
73957
94450
58083
15633
54636
41664
84
72015
78743
2128
66305
99306
39983
54141
98222
74366
87289
56846
61440
55468
76552
55653
11738
14729
22262
95597
45770
70141
32203
47145
48722
63293
47306
90374
77226
15131
81949
44495
47157
34750
79896
84364
36969
20844
80926
52730
17324
48001
85127
37651
47699
48211
41074
32556
687
40161
80042
15774
98964
35858
4157
64297
22412
66329
18318
61420
18999
69383
31823
72327
11219
47262
66499
80782
34617
99629
13873
65418
8194
99397
33382
23123
40371
8419
59731
95336
4327
1058
55408
563
6969
9966
33884
56262
6543
21348
96251
98940
11199
50175
95726
27250
42516
80076
22743
25614
22769
17602
82950
81970
73482
48200
52201
17069
52189
96675
1842
55867
59761
64981
54158
18162
11394
74771
53268
5617
34170
99734
66858
88828
58666
22535
24955
37363
32077
55812
30950
88869
88447
71587
54911
66176
58445
60726
55492
69165
3489
48832
57472
55927
31100
62275
387
37356
76868
73136
93721
413
98446
66134
98402
81815
20996
86288
69146
29480
98243
30467
60518
98497
11348
13586
45051
791
75124
16570
83315
64935
91990
46218
22057
56319
38614
62804
57544
81422
78417
29120
91480
86114
63669
75656
35756
87178
34677
14052
2705
53119
27656
89960
25769
58177
28548
91111
39128
28423
95830
30352
84673
61692
86739
68579
70152
94818
46379
98489
10100
63109
17086
86782
31172
95684
41110
89264
6882
90054
84506
63222
18094
33754
82479
95150
56733
89298
6230
39777
82109
62686
27116
5083
91678
59962
70585
95393
59873
1662
78399
72228
49680
85849
63948
74435
36619
49049
42683
4597
78381
50531
9530
42683
41557
15977
81931
45457
33170
44133
46258
97668
45890
41549
45211
34225
82557
48759
30066
91282
46660
89044
71528
96932
47268
57064
7871
1877
513
77607
32695
33621
82630
14520
4525
26458
71170
5420
95637
61883
25122
12253
54257
56359
8619
62145
57312
55356
34471
89135
22707
8618
38626
83572
18728
66728
14485
65340
54679
80895
8588
133
23171
45783
28979
94804
26964
10349
73118
1872
11232
62430
77680
26577
32848
24531
47100
14066
3662
47884
84061
49081
63011
80960
24532
55430
81319
2785
69316
3044
88734
6137
86889
67181
46778
63151
72132
13262
81537
70574
97426
21480
44655
85882
32544
27768
11083
17641
46088
67011
1116
37245
19866
43288
51806
99436
89221
21030
75561
766
4663
96905
1499
12182
8802
29566
83029
10966
20028
25270
48544
90915
34575
28337
68543
53567
7963
93018
39722
83103
77261
3533
61128
73600
29418
45252
13137
79185
7488
81247
66856
29171
79188
28309
38752
77594
44473
72829
83569
44719
41904
98166
48774
30140
64261
73827
82209
65162
18797
19500
58941
68042
76271
7389
34110
62211
6878
78097
79719
36239
18417
31199
41230
50404
72794
66262
50266
95072
56354
37249
66165
76325
48360
39981
13268
1617
36005
57238
39118
4176
22402
28734
67663
96481
60828
76415
88806
90336
85851
15916
19237
65127
84611
81590
38078
16824
43782
61197
16271
78932
41359
68273
32544
91440
45725
68369
66821
3652
98158
49270
32849
50679
21785
24384
51663
16219
61448
10318
17701
79510
10676
76169
59623
96331
11717
16424
4987
75142
95848
5383
79841
27125
73364
3731
54317
14854
40844
74129
28834
66741
38916
15557
51440
79821
67962
79145
34136
15698
59992
32896
61262
52862
2300
1233
232
5873
99956
17506
18131
58132
54302
41059
35999
33258
42868
12853
7460
88763
5561
58673
37879
9109
65484
28964
44364
41879
91904
96894
27191
58711
35018
6746
78906
23185
37312
86010
82883
69484
57050
35488
80048
29361
83703
55210
22948
35935
32469
36696
19972
59055
50577
75089
83301
90414
74543
19007
12298
9960
51108
4662
35082
59728
85695
16886
60886
46023
91214
55646
32649
97034
13738
81109
55454
81430
97162
24697
13635
87201
96883
86764
12308
1724
59315
49539
89508
54729
43142
75533
67393
96459
25477
74989
44187
72997
33765
68220
42337
9925
15636
96058
91625
67694
45821
72068
70324
16767
67380
14998
14839
71845
5417
78296
64791
11287
95106
37415
78941
88215
24863
9229
4658
27111
6076
46515
51055
45164
87925
14951
72933
89247
74292
25194
27007
22927
38818
32529
55322
35854
91304
75315
4650
26534
65144
51221
51593
88961
67744
73449
73174
87524
42415
5752
78513
68988
52153
56361
86771
16330
18448
89411
83001
11188
65024
91981
84010
49062
75606
43372
3467
81141
19749
19160
26912
22924
53835
9151
825
32390
89996
11794
44529
47760
62428
43864
36896
55987
12670
17762
42012
81399
83660
72463
53328
62948
91517
18676
47995
72461
57456
79833
78437
49432
60573
4844
70647
28559
62816
17208
26432
30114
99814
67162
77090
9130
96811
12798
24716
50392
9698
98320
48406
17829
4428
19806
15204
13180
985
34469
91033
21758
71051
86031
62948
35628
1102
92598
34657
85223
75136
28897
38294
97069
42710
18471
60724
12877
64730
52526
44925
65940
40454
67445
26062
34221
44282
40539
45396
57071
57690
593
4957
57736
68188
90933
51546
52022
5195
33801
6608
98124
35472
66006
1350
46892
71603
70342
33015
22326
43743
55033
23579
24568
74248
45911
51807
79647
62332
16860
70964
83612
23744
98455
97826
26212
56128
30437
38055
7638
69610
63468
40128
49632
71386
80506
78815
44117
55222
81167
26446
91789
21951
61601
4218
43138
91152
14144
30957
69715
26881
48188
40442
7143
23720
34069
85785
50728
41364
85951
60094
78938
34126
34174
49404
27911
77797
98605
35391
1961
27949
99047
68594
34997
71021
31747
33406
12278
13381
65871
55507
94996
88584
17080
95053
98929
19784
24495
82672
10185
7495
58249
58599
34567
66609
61206
812
15316
82979
40019
99852
25377
13864
55152
32839
10688
71646
75560
26651
13130
2537
68940
61559
12615
89959
20548
65216
47127
12397
28736
5614
38374
97785
94722
76175
52973
84173
34624
1306
77480
85882
79128
42224
4532
24713
72583
38097
93873
16744
87438
87612
59469
62033
82098
54107
31584
35613
847
70145
25544
72159
89725
33413
73756
64357
63512
8817
61805
34935
90687
49253
36671
59174
24536
78686
6614
25816
28968
94765
79921
20539
86619
7879
96710
11331
64985
80218
54471
71373
48380
1864
22759
30463
36946
35531
38446
70264
23508
83156
96807
3272
82327
61590
36213
98458
95501
67323
78794
80382
32209
50356
55194
53179
54420
25897
64465
79850
62245
27453
38896
71398
25592
82816
21249
62630
77503
58224
94010
96324
71160
35084
42014
40245
13340
41343
18740
29023
96552
92385
18318
41939
59842
88571
74367
73346
81236
98225
87496
59196
53671
83557
42097
44105
71924
69782
54127
96634
347
32390
16256
51167
28793
10020
17220
20963
29610
57546
87805
20418
9978
6295
45261
86990
12166
61118
99156
59024
91402
94800
90972
62343
88045
86195
55467
62009
68992
4628
79488
5088
64935
83756
43937
28498
71374
79530
6019
34738
86227
71159
46500
31829
11757
35562
66575
6526
30339
94596
42323
21145
93152
10006
41704
31666
85766
68949
80643
16993
36034
58985
37311
66187
91338
4420
96150
79420
19437
91848
64192
89569
82536
529
83118
64685
59972
20969
10736
55289
92223
25431
79871
3892
28455
50117
91597
7689
58734
91765
16204
27624
78548
25379
48552
50672
47147
48371
31027
23122
47342
4235
17263
73506
47279
550
5501
15797
17680
93752
10002
25203
45828
28396
16554
2521
89020
73734
84134
34651
23263
38414
28575
98241
53055
60978
74440
48033
26938
96821
19464
86058
48841
26476
83302
81850
42551
11744
39232
80373
50328
25181
41581
97461
3029
53629
44279
54940
97140
91229
99224
93260
33093
68778
51250
90914
71586
56434
17754
73148
39842
96668
3185
99947
50541
94300
88920
52292
71762
71507
13244
67691
21269
97422
62256
38794
16246
76453
94491
22932
91756
4103
75979
31681
1046
29392
58827
66428
16368
88315
76463
65605
27690
68800
37551
27244
89587
89519
95085
72287
82815
72563
34194
41369
97635
37599
16028
38778
74687
8845
22326
70684
82105
69532
81930
12215
13825
8897
23234
99889
90540
75942
47352
92983
11434
38864
39043
78796
84637
56723
17257
70044
29466
49300
26293
79153
47830
31282
6265
80096
17741
99742
78283
19018
89823
61243
42684
21970
89908
73486
75299
7934
23042
87060
5089
87772
99472
70026
33374
82332
82180
81458
65052
42067
76625
70350
62152
48020
6105
62893
53697
56290
48317
58315
66327
37114
53195
39898
38431
71183
52834
86510
82335
31494
77902
75607
7715
28769
19204
19605
52913
52569
2127
62608
52871
1520
90088
86932
97973
33491
45419
77910
89187
13875
80698
73485
38763
31552
19883
26145
11014
55598
34218
48457
83656
71746
86446
39042
32640
75437
80005
81636
23475
99926
47620
90950
81468
2438
27407
51551
94052
82201
36788
15424
12675
41318
28518
61171
78940
52315
76737
95614
113
67768
60465
61532
2073
959
1989
83725
84060
31547
32413
69320
51086
35779
263
34177
47519
97910
66145
52631
42219
94798
20404
76763
4859
38182
32272
8711
56770
37995
63840
34083
70816
65047
3229
72536
86461
54876
91665
41146
42514
89580
83186
30750
47351
18754
94651
88440
61772
92548
48496
90731
95671
55892
26391
31217
93574
92710
19170
44773
31316
28930
27602
42367
10420
84507
61867
82432
17314
19440
43847
5545
31643
20171
94872
81628
98289
60154
48630
93494
29746
71116
20124
85216
44262
48241
5881
47412
26682
61149
50318
13897
66039
73721
624
17241
34678
97897
64356
84750
97165
84997
93549
87371
7125
47538
15129
25035
30319
64142
35027
82467
16024
17407
31694
80235
47158
23281
48168
58363
36880
13849
1928
88634
17954
65445
70825
61447
22680
99991
74411
23166
63483
60388
29854
8850
8328
46856
11033
94302
77947
23773
83518
3281
41884
67333
35604
41510
26042
27599
94586
98748
17599
50996
73982
1402
2490
6259
16392
54111
53109
44893
67268
97010
52554
17563
74225
6671
75661
15578
20514
91734
72341
34898
47362
11579
89543
39701
40097
66617
90839
76563
91097
92416
17246
4360
88048
56516
9883
41719
7572
95593
52140
52937
60603
90221
61571
13372
20402
79004
36713
2009
30585
33019
94131
4292
78766
38857
10553
25039
16807
80728
34148
3326
49428
71717
15845
70842
8814
41522
90563
26078
15160
12859
16696
47957
95266
23224
24074
24649
14992
42532
22893
72171
74195
43411
38736
76263
58889
43167
36523
7965
59074
41222
26724
98938
31210
86097
89048
760
38423
20655
59324
56081
4209
17247
81025
15527
79314
76451
33294
4760
81593
21235
67759
88966
70552
54763
32177
33287
35908
82151
83488
70736
65515
74000
94725
65000
80927
81582
89735
86902
48148
31716
20183
98027
58950
72377
42580
99335
92462
57965
60113
68995
38468
4800
2812
55481
57058
13614
82793
42832
69096
97020
45836
65614
14929
37299
99948
63438
42423
36428
97578
41423
81519
96352
40831
56518
30113
52116
50967
23542
12406
46879
27875
17014
96069
83452
4961
43153
41790
10973
83983
10796
99890
57436
77520
33865
86709
1298
43858
82759
9421
45960
18646
21175
63358
62818
49498
94858
66596
93135
29435
32446
12998
51292
3357
15434
85841
39148
93318
79036
79254
66708
8595
79080
72698
59420
25896
25716
97734
70958
49917
69530
20234
54413
5720
10887
15254
42883
18158
16957
9187
98438
90330
83505
64055
12551
81757
8481
14521
47656
39425
16204
95446
5466
5763
34686
18756
79718
36376
88285
69018
99490
74815
39972
93539
4512
7532
56441
53300
34364
93342
64405
14929
79158
36508
2947
73247
17969
31028
39866
13952
50946
52933
70241
33976
31448
78541
93072
87705
99625
76717
582
41716
70191
16550
61508
55776
57634
22161
53800
14400
8745
45339
45766
69038
87960
9392
56465
35174
90346
9426
5705
48648
58568
99072
28894
19095
94204
70449
87162
27699
3691
24145
29419
55285
78715
60703
65991
83936
3200
97149
6369
29870
11460
68255
73482
73683
90717
50562
58124
42162
47928
44466
53043
27743
81869
81076
16047
31299
86638
69139
64246
31113
42833
4169
54154
38733
68716
43433
58815
97987
60958
48361
67156
21504
11109
89847
75309
28085
32418
18983
31996
36161
75801
56547
7673
84826
8694
34061
75213
25454
29344
71477
97416
32094
16641
55516
20761
49276
52825
80705
73534
60310
36756
26736
15342
50820
9203
40644
88021
91623
42036
25811
432
63569
84784
80617
76985
90840
75973
3546
36281
36790
74714
28410
14473
63814
61331
10752
57033
5673
4134
60811
2420
12057
77341
38947
85461
65812
7817
82909
66598
46950
63622
54997
45143
40914
4238
14267
30593
15279
52326
89102
36372
20687
71696
40
81739
52219
65153
29935
2538
50711
61269
93048
68346
50698
12549
61478
94189
18642
62142
1171
48093
17717
83548
56152
43779
16223
25754
82127
66689
4016
59830
90635
71056
6444
47401
81520
46757
10066
50325
42193
91941
43170
76764
53588
34664
48069
39541
52943
89729
20053
16121
77118
57483
42106
85894
17395
73276
25874
20557
73081
66954
28906
29834
11786
42575
8129
51003
78036
364
94772
24900
55510
45403
13081
55091
50056
61833
92806
88855
74592
35130
87044
36441
25736
27096
92874
88215
55235
76539
12289
40531
57536
42756
71868
84152
2278
78127
70506
62982
17273
39660
85099
72134
64039
46552
10794
8639
59299
46768
59698
42178
32921
86019
91932
87997
51608
35594
20341
12481
68063
65186
22765
70006
12363
85151
1295
5218
62517
97021
61646
59569
65736
84533
770
11696
61793
55698
54670
82454
81641
29138
28605
59297
25791
26797
90651
10896
68841
70023
52904
99517
54848
90763
28564
28964
28182
98292
59482
83675
51721
63887
46804
76686
19530
92051
57968
80148
9770
40165
2302
74533
20201
90425
79775
39393
46913
28606
47638
98345
2531
22106
70980
48215
28516
50964
20933
74133
63392
24479
82959
16863
48975
49847
88045
82697
78561
67461
6900
57961
22512
28894
10552
84681
99201
74230
65503
23516
54126
36282
52146
24524
35698
22831
87155
46860
27277
80415
27179
64875
57577
66098
6543
65192
60543
23498
16220
71075
17953
15387
91632
82514
87661
39987
36251
2699
53592
10160
48625
13774
49859
25161
30073
41958
53912
19764
31050
66006
4128
19938
64641
58537
29180
41628
51301
91834
44584
76504
17154
80255
27967
68266
59489
8256
48175
37070
77318
87557
69754
34935
41643
95297
91901
14327
79436
67457
91413
63962
42860
52501
29992
52519
87022
44999
14754
15365
62933
2855
6436
51789
18894
11351
35262
93065
64569
71216
83710
61433
86786
31047
12941
39485
86427
31650
22468
853
8186
21860
83688
13664
76419
93506
48512
25993
55987
53245
35999
3269
4968
9945
47680
10279
78158
89900
39757
42407
35763
78047
71784
28648
27992
54652
14735
67519
87743
10309
55799
22836
82428
42833
18409
39589
60135
72201
6463
15615
7639
97546
47057
15883
46361
81236
60337
96080
56657
9655
49872
18232
86134
82226
9840
59490
40655
87945
39304
60970
98743
59574
92142
81876
65853
15747
36516
75951
46568
40837
74410
75923
5151
65058
70974
33337
17253
72730
28218
18131
97649
66153
80496
82207
3120
91041
63575
81280
99661
41572
47868
23358
87261
34884
44050
29170
81031
20191
94748
26097
86120
88522
72160
10019
3126
9993
9982
36719
89806
27876
2459
42211
1918
50157
17333
13864
20742
91013
89935
70777
11876
30940
26767
15347
37982
41877
21464
59117
17709
83545
71282
31009
6558
80195
44988
7012
56535
73478
41425
8289
32319
69039
88457
1451
81218
76226
68587
41203
63990
14732
88973
55247
99600
16484
98850
99319
66967
12377
5137
7700
42151
45958
43694
83556
11936
86205
74780
65206
95756
99785
70250
90462
88792
29978
85293
83134
6718
14480
85369
93583
44103
20631
32266
24735
64995
69732
8804
26591
84005
12007
89966
1918
56777
91817
65119
30886
54858
74171
73479
47543
16980
44797
50904
4227
31057
53760
94088
16970
73571
9321
9571
58901
46066
22123
77479
33022
58169
32705
19842
66641
13050
8401
17692
62427
86036
38912
59235
52071
23543
24503
80796
16338
67557
83267
3356
88317
16376
69803
91812
78623
34009
63003
84550
76961
19965
80641
82766
42937
30996
91745
32869
42872
21766
69270
16937
65662
81185
48494
14290
89486
17868
53698
66578
12366
43448
54985
35675
945
40346
20361
99982
21968
51817
80440
94659
33814
99282
33588
87520
39863
43965
27216
92002
86136
41546
5354
75956
3241
42143
77319
11413
82291
48289
24388
64407
55789
18338
56069
90400
97466
11479
53579
86050
88796
89623
7959
37120
4603
46198
97701
91903
16324
41815
82598
66733
98999
68652
27908
50802
25100
69610
98973
69392
98524
19414
52232
41760
43838
67046
2958
30560
22993
4835
51026
48250
6295
44977
19207
95531
50397
89664
18191
33322
58660
15706
3916
65131
2720
1295
32763
60008
87881
3171
64579
61012
37820
2179
78593
54619
66677
71647
45251
78564
56618
29852
21851
24668
52782
94642
36438
87393
20003
44357
66662
9232
57736
4649
92964
85794
56999
27502
67947
93578
34879
53062
94664
69263
46163
83684
82100
63206
51230
11474
45336
74256
48422
67930
96383
34757
23372
1030
43486
41320
81698
59234
22133
65481
80185
57779
37132
78892
39623
63279
30515
3185
44346
27214
3131
37605
75906
7795
78564
93553
15785
17476
33137
27607
44195
90141
33759
39969
70456
64587
76995
39871
17849
7289
79453
47549
97353
22149
59562
74707
70282
96892
81380
76282
19326
21637
19002
79291
59311
63859
77371
28144
38271
27244
3361
68266
24585
20445
81333
1536
86548
21652
92574
76142
67980
95799
76578
72399
97439
1609
94928
22665
67912
62234
62905
95598
91755
44142
41447
62004
61795
629
41157
44082
36820
14317
55480
4035
98881
95829
56003
87701
7008
73195
1077
11196
92526
94549
47239
28546
43239
89005
51374
95471
12158
60037
86127
69710
34805
41332
98396
6019
18542
25675
15981
44208
2378
25108
61523
6197
1058
41232
11174
57294
1115
83508
42197
19199
35913
11046
44625
36296
23471
51773
4422
91647
43409
48001
58839
61153
90025
77711
68536
60663
94864
55
43513
88958
91878
40735
87517
39199
33379
48883
7047
50805
89651
81209
20563
61266
71656
6868
67509
88816
58428
21795
21577
87531
17725
9265
36845
75686
84493
44329
42244
56310
81141
3772
93369
16948
35624
7160
3151
27273
80986
88341
48730
45293
11219
58255
24661
90627
87386
61139
76800
34897
10778
21682
64844
67526
89367
76626
77446
49068
55217
71972
6329
38723
93349
49372
71773
95439
39219
16018
60570
99429
94413
54378
62256
47701
6625
29719
49207
16409
70101
85870
32033
86490
84603
38301
13299
69528
88761
82130
881
26541
59423
92923
85176
69674
69867
73474
82783
93425
66508
75688
74882
31976
24113
93638
43535
94853
64276
95138
21659
51751
92712
82255
6161
22969
79346
72192
67494
20756
43253
60349
41481
93101
37304
25565
80415
28423
38179
14092
80244
83949
71863
82363
56234
12819
91361
70034
23239
15176
77445
89280
15984
83845
97928
3247
32314
99298
25508
30470
83192
20951
46380
90541
51698
54316
37773
2199
29934
75769
13299
37953
56043
41723
55997
93579
59879
86821
28882
27142
60815
96608
74726
64713
51040
98232
19932
1209
74955
87876
75231
63183
80361
42865
22809
59466
30026
29674
34834
18470
34344
41441
58363
86027
48899
14678
17346
87278
82865
38085
56736
52398
24701
64107
26302
4411
43860
39845
1731
94777
99267
83026
71958
24938
67306
35522
38455
14861
33173
48965
40683
85764
51059
13058
77670
24397
5679
72085
7050
59334
96464
25304
77149
67870
83353
93185
95991
22741
30057
29792
7970
34013
2862
92275
784
35807
59139
28167
18955
99875
19418
84851
91225
51273
8684
24343
40228
31922
16370
62833
54028
29232
20489
74146
15935
24140
26811
25179
63287
17541
82260
35025
38754
43124
43126
23717
30591
34991
82750
49619
19933
32091
34888
90792
83959
22377
90569
36364
66464
82888
70614
26173
99728
43204
98042
53414
64620
56518
75354
91471
61520
60087
18315
6427
45069
39598
61372
80192
92655
74663
73186
17384
48145
3749
82132
7617
42929
78976
4032
91195
16178
17392
46545
21221
82897
74098
17873
59152
22572
97229
80113
87312
69842
84273
87391
26027
91321
73175
39483
17106
83600
13371
12358
55998
34790
10313
29015
25463
93169
9022
53997
83081
50800
67522
92198
44794
72565
69363
656
14242
49368
20991
34182
70367
93122
8080
75656
84990
8342
76356
90633
5277
65579
95812
52619
35743
61319
10700
1312
90923
70092
26291
75473
42291
86483
76329
21891
37984
91018
69446
91430
97194
51227
3674
55616
62893
11520
82388
94239
92314
53311
3724
91183
81854
75978
66803
84729
10887
46800
15692
21969
55330
91187
51542
62335
88247
98985
17764
17559
58640
80368
2997
6983
99889
71753
12065
13660
24055
25702
43373
40433
88222
43166
71669
77589
22765
43620
19452
69511
17814
17535
1808
87862
91586
15815
3833
73660
925
86919
28532
22329
74672
19722
25501
95677
8722
15548
93898
32552
55502
10442
32159
30383
50033
5340
15714
93936
6151
74435
4397
95737
63740
1967
51109
73666
79765
51537
34332
87762
14401
56338
56978
53945
34862
98630
18273
15126
79733
71981
85942
10836
47307
63317
47378
15323
33666
6582
23269
836
89114
89304
10035
24633
53489
39333
36291
3159
93841
33933
82279
76058
76825
79234
46257
92714
69692
5618
85040
57964
75886
60910
29236
39746
71915
74930
88746
30669
22691
86488
68441
49524
49196
54730
25644
41477
91114
34271
77004
44859
57451
26901
2631
8372
53677
87605
37888
79195
8272
77254
93615
21078
14694
74817
52060
34654
93326
10134
11003
73084
21274
36776
96866
49378
51834
15057
28236
44047
81466
21275
40889
41425
27754
15344
11394
68492
38183
54327
63752
30197
24524
76907
7407
24716
88490
34894
56625
92823
87138
35379
90387
7686
82312
99249
18884
60545
75962
68212
38927
49976
47759
41304
5644
10986
61224
97317
65429
4746
27811
39063
197
61125
25025
89289
34882
6801
99911
43717
98695
58741
67708
80465
40007
82196
76460
97795
79410
52380
28
84367
41444
41699
64101
67318
54469
38338
46136
28729
885
17736
89760
1809
70324
90530
38871
37390
99811
22784
52479
51110
54575
44871
3183
8086
82048
98287
97669
29498
51632
12907
58552
94949
54746
36356
91549
19766
59129
38127
7157
35291
86676
69107
98749
83204
73256
26966
14184
5897
14253
21667
19411
45411
86224
76132
88395
96987
35276
86656
54371
64690
63883
70738
44901
9050
58881
46129
92244
66318
73661
27218
81513
39468
7951
46556
88343
73422
83690
83506
70990
27766
89831
93128
19676
3998
15903
31276
52017
21966
87884
47465
10947
75287
90046
53293
72729
76778
33195
79070
76917
39528
36655
65212
18961
31216
15940
71827
8177
10990
17481
10793
5282
3815
70862
40839
74259
83471
91867
41210
26387
45654
57623
15545
23604
80644
77535
9683
87027
16342
27179
96531
19990
46946
76014
19983
9086
79245
30215
67929
17319
30261
7881
1128
12661
16457
37944
84511
19691
50652
59462
1211
611
42467
8216
41705
60803
15825
29740
64365
14550
20635
87218
1266
12089
89609
14869
19385
17157
80736
56692
85045
99648
96491
83703
68987
83108
1277
73508
34161
13516
18692
98150
23939
86042
24931
54362
44343
74162
33697
59811
95723
27017
72063
9433
46607
26850
85563
95778
31339
54474
51967
19247
12040
6479
22805
76360
28613
62697
88922
17479
76061
15091
35209
85466
67384
72043
16910
62
70930
55347
51937
35156
97350
58788
26762
55435
93594
34304
50962
98153
92213
59898
45189
79590
43891
96127
142
17665
52853
61537
22516
4573
82432
82010
59526
3747
96293
72628
54802
66729
73196
59561
23309
42741
63547
71538
41098
49247
70890
76097
34717
31505
15859
92507
59353
84568
399
53956
37178
11798
73432
76163
86516
77966
17217
40672
27324
74101
30594
58332
92870
82209
72896
96459
70819
7062
38626
68235
44061
63349
65621
14929
23180
61799
59339
84014
9257
2652
328
21113
62893
10801
95995
52865
54385
90558
31619
10353
68848
83930
7858
31271
41076
45684
68084
2823
41857
45511
26686
64018
27268
44104
18520
58290
11702
90155
36666
60037
25296
39896
57145
24383
56122
89764
2965
38620
34754
90049
97367
51371
2365
33640
65653
58625
39702
56250
26734
31398
57677
77878
3267
16954
32408
67780
38958
4697
12420
57889
9688
9958
69723
36265
52816
20756
82883
47587
54573
78331
43161
52819
42193
70492
39544
32429
38038
6375
22769
66308
20047
34093
23182
88866
50392
49998
18211
6796
53117
84064
77872
88070
41079
49847
83389
86462
60607
12645
30743
77883
61365
34252
49902
6998
30378
53625
42425
38691
64965
26933
33067
7909
75217
36912
73039
39004
21323
54629
53925
57119
26188
45082
5098
84090
76412
24975
23885
52889
45311
50534
84667
48294
88917
97959
72129
78446
91647
9318
50247
99552
37851
20610
64499
25243
77774
73246
23647
95373
69089
31282
56964
8325
27268
44698
24199
1070
37974
78419
9821
30269
95329
82733
38839
53035
44951
1953
1269
48641
93778
3808
50040
19822
14163
20829
6910
34661
28303
81746
70067
47882
49620
65567
46420
75550
84297
96121
40950
3382
98688
93011
37885
72490
61031
8006
48680
81551
65952
77842
46440
80863
34304
49219
71510
75975
41968
66907
91283
97569
32385
77225
37199
40180
19592
64148
70143
45820
64021
33101
72587
75007
22126
17891
61064
97868
18544
49580
89317
78623
71324
64481
24479
38281
23758
82862
56018
86089
10350
74156
97970
19317
24488
59395
40686
56320
96321
82313
98232
1726
30700
67102
14825
22669
33129
99865
96424
26011
80368
32827
91722
86871
34666
21798
66949
81075
86873
61307
40841
3522
98187
90700
20523
25874
14569
35299
37667
73903
77191
57952
97829
26734
47619
19918
80803
98494
6436
99927
23118
53687
36589
41523
29338
37856
23673
62947
16775
78648
38010
4893
53889
88158
83876
20661
7136
56682
49059
1975
23459
66959
80935
64661
81427
45913
48693
68044
87488
9627
39298
98108
83526
33722
52782
74941
19195
40341
98069
82559
58150
6714
84426
98314
89936
46678
23231
86312
10509
9062
7632
73046
72485
51394
24859
75883
18702
31467
11504
98704
8203
31630
42725
57828
48923
31974
11130
74749
78546
67883
70086
88503
63069
19869
29638
61567
22254
79943
61875
71072
40101
24037
77362
30372
54983
4373
12103
9724
6588
19943
13966
87277
22528
73185
67548
4054
48531
55649
55246
55683
76858
78545
63389
9257
21986
24643
26646
72997
30729
27227
41122
22312
8815
33775
53208
95549
56964
83280
82430
59677
10581
16336
18503
7603
20162
93940
74285
64363
82265
15480
23791
96075
39524
66988
19162
22243
27062
25462
76170
90072
83323
57219
76411
28664
87404
29386
25963
44475
75160
83569
37020
85885
423
80959
70051
33510
42916
49059
16506
21834
13725
75456
84278
38961
12346
75734
67684
72200
25479
94171
99143
776
8184
92919
21569
90609
68268
51529
59623
9509
38872
41174
11178
73058
77855
50621
2977
88601
80491
35503
17226
49208
78669
9513
85428
28428
53929
87250
38417
53583
13998
16793
48880
20102
2899
21574
1526
54295
41636
44344
93022
44972
84391
20692
77655
7930
11818
81474
41328
90680
37920
53144
66495
47916
62699
90569
8847
51744
48478
76206
7463
63696
49547
37400
14840
82591
50948
62757
82944
92426
94973
57471
85533
76895
35430
33186
16344
52254
25841
5240
6538
72526
64037
90684
85782
39242
58959
80652
15265
14250
21360
31537
2094
92460
72981
62297
69769
29031
30601
49124
71745
34698
86683
92997
97696
98138
40633
821
70098
9016
30321
58493
44783
73856
96897
2259
70709
53281
30367
90298
1910
83969
78799
78904
96854
7973
49342
67922
45209
65739
71416
44081
23340
90237
14755
55775
24081
39075
15629
18570
45308
85598
75761
73283
66850
819
95536
16687
33830
97264
53585
43485
91210
49362
75735
33307
33300
49185
71683
91211
27188
65815
6292
14249
44182
29069
35464
74100
24302
28140
43140
92273
10998
14556
20407
14952
41934
97704
96410
70493
94559
51425
3023
30603
39935
63276
20900
38948
72731
8321
62294
66148
69890
48243
37195
36601
39689
26866
55108
90380
51729
46721
14473
57934
40419
68136
18249