8901
56466
62376
84052
17458
7916
56940
92477
24850
90187
50955
9972
19581
80340
91133
33029
37550
56889
93758
26011
24917
91646
56118
12548
87221
79795
29625
20558
19190
72064
89571
63851
5657
78947
90114
44538
43433
12696
25255
86209
13799
51767
58026
58989
34601
49583
59684
48920
61815
22344
68263
7133
3024
2920
45071
71607
49324
82722
82152
32443
71888
42311
18439
87930
40316
19544
6977
35026
87263
23633
32236
44426
55153
46660
31788
67828
8940
49451
85335
24472
82562
18610
2148
97469
44945
29140
32806
52267
34118
46488
4476
26660
34563
44569
62742
17658
45479
8631
48028
32175
76951
69258
35819
45883
82580
49620
45239
51868
76987
12175
18607
93515
70018
44146
59461
78671
66389
57887
53337
35072
26752
69851
95463
491
78042
42980
79223
17192
82982
67012
19067
99804
86515
70438
10608
91471
27767
16259
21406
48572
47965
23358
12820
47919
41735
64202
73023
61787
58394
58492
74270
82852
77929
9245
10176
19341
22443
28233
22780
37300
37111
16876
22810
62243
70283
4122
19105
94747
84424
47905
31818
7303
10697
23571
67632
36069
35833
28931
64715
40968
13526
42655
90429
2711
15660
55275
26157
45046
26191
49151
23869
47231
53779
8959
75108
7572
19035
69299
43025
52503
38267
27069
23705
96160
83783
3310
82664
54539
52625
52738
8759
36284
98141
39975
25695
86093
7228
55977
44513
78381
95265
13758
19618
3938
56130
43774
2816
25137
60079
98034
91995
66689
90766
12068
44041
76276
10326
3716
45071
45679
339
62804
4620
56687
54721
33805
66663
51094
57689
71563
74246
26315
89160
92050
40763
27948
27443
63815
48359
31531
94711
16120
42008
4832
56460
45269
29369
23613
95710
7496
33176
16445
99089
65389
98499
73000
80624
90046
2438
81050
89605
14005
69933
53130
13590
17734
80474
32225
93939
89603
89978
58440
78194
56310
74558
59777
58701
74291
89743
92603
16654
74802
72385
14081
70401
67130
29815
81179
71507
10174
29625
92681
26456
2366
84755
10466
25711
85009
53576
21603
54205
89365
87428
37525
71600
70342
28842
89968
656
72325
37995
87847
94174
67685
55096
15510
36810
40892
38373
57426
43148
42505
59091
58363
49529
50666
18732
58383
10069
67785
74639
36792
688
83216
74819
83949
41725
2174
50811
20323
22618
78643
92385
9771
12965
51589
37472
52079
1271
72678
22430
32453
56387
32368
75387
19805
49903
76680
50330
21948
56565
53375
69543
55323
69013
27709
22507
27737
97496
29257
58430
30319
52934
92497
86503
51072
65899
91393
60629
81943
40260
65089
92130
28364
73172
41126
139
77192
17220
67647
24969
87575
64010
14958
78454
58998
29823
71989
79339
34358
2609
39553
74217
82122
97941
62809
97534
92534
85361
33726
89221
89561
6765
35417
82876
56337
75738
10875
4224
8778
30292
55910
45614
73858
21130
28178
35466
40347
4281
18487
88089
43842
87060
14360
21668
19863
48542
68162
32560
70243
71347
90046
21522
23305
85809
61111
41597
47976
53175
70926
11604
89195
69590
749
91706
39258
16270
77269
18601
10385
34264
99584
54559
53739
91033
86840
63385
77999
346
48373
17293
13974
34611
12946
1144
39912
25546
56813
33887
56219
29167
62906
86830
9132
58568
35320
78270
24145
18512
8921
47903
62369
1569
47562
69568
13722
74445
78309
96755
25924
83691
99136
41476
11647
41766
55172
26368
16827
99283
83123
12150
77887
73929
53282
49862
2480
24095
40544
46748
71615
25665
37966
34622
57556
65296
17392
28810
39152
32175
69851
87152
79421
36366
39382
83909
23868
32813
63375
78771
99258
95373
121
3799
77487
41455
74249
82010
7437
29528
46755
52735
15325
39654
66536
73087
40634
23038
90568
13420
89402
63674
54407
9183
4362
85259
32080
62932
1391
22611
48588
52285
39321
54097
64226
91063
42717
64814
69003
88127
61657
94855
12675
86891
62953
47915
31777
20538
13310
86081
3247
97805
23888
79244
27451
13796
14758
11773
84180
89146
30111
18993
10429
48801
41798
11558
31926
59842
40072
38727
89762
55007
76248
68746
20598
14952
2000
64305
52710
14053
16185
62885
63284
61366
17090
7079
4013
73364
15172
80532
27266
37281
78589
92368
49606
18613
18847
74874
74304
91002
40054
59570
105
46505
73911
63745
68675
11729
33756
28343
45600
98314
27301
65370
68109
46827
69543
19465
78541
4826
91602
68624
10432
66785
70572
38267
59550
792
91141
81452
17838
44114
20056
86264
96793
80307
45904
72017
32557
89935
24964
61443
68480
91389
64320
48301
65711
78986
89391
85099
45225
59097
13530
25960
64926
73883
95531
35774
11809
21582
57283
83749
24674
37649
80776
16343
55071
7785
91853
34663
33681
16270
87176
7586
24826
47842
13573
39378
81599
92125
42904
43997
43955
62898
82048
74931
8982
6954
62911
29169
42015
71017
70252
59660
61654
29104
90487
86278
3695
37862
13527
71727
205
78476
27954
65478
33305
68801
17475
48507
91877
98407
99321
92372
71830
93446
90978
13213
52991
92736
36695
48734
70338
39260
96869
3491
2164
70143
91495
36208
67141
97276
54788
31850
8019
17598
50005
6217
28270
37653
69250
76380
52956
59146
51623
6031
29659
42640
43398
4333
82965
14753
15625
4255
95904
21135
57607
1375
58374
91741
732
5587
82544
93076
72807
58074
68352
86147
71944
39553
35928
56862
18699
51726
81895
21207
91633
67566
78356
63208
69576
28126
72391
56267
85185
96853
74655
35443
82538
31264
89951
16032
42776
2077
22284
22631
32958
44574
84925
76192
81935
84846
6607
63528
34646
88476
70738
60485
65532
36823
25195
70299
83522
75351
9762
84858
66324
32572
94220
71575
76470
13539
68798
67853
35110
62608
86023
44627
82462
12723
40939
12278
51948
31730
23724
893
57255
46170
62425
25988
76715
53313
27950
46804
53737
97537
81255
66939
96380
94374
96555
65429
28529
91776
12114
68370
96569
94203
6170
47449
34983
89034
6488
64666
8487
5934
11023
16363
65629
41508
63169
84312
15304
78078
51115
29888
13116
80665
18481
80676
56376
57095
56956
67422
75387
42376
28775
23171
24562
28626
86120
8452
77054
21941
72864
57324
68795
74959
42143
4456
79806
92302
21910
72238
92367
90676
17466
31549
84888
10682
48080
67836
85188
98371
86210
65169
76130
13369
91651
92714
63351
83392
44397
44272
35878
8087
66286
66947
46687
3118
45437
5223
15184
29660
36487
49288
46585
72830
29508
52133
42844
627
93808
8211
36582
65412
38258
17307
14539
44658
23941
87199
93191
24379
19750
68483
77958
53630
34207
29568
53908
29966
30828
62007
53168
68924
73429
19697
89330
73609
11393
74835
65797
79677
52743
65018
8263
9929
32126
48528
20406
44151
23671
33998
57668
1115
39179
75707
75184
25794
63852
59023
17904
67362
13494
48997
66579
32289
90515
73149
85955
92827
72041
87709
66286
65300
95530
73304
96270
69670
47324
62588
4156
66428
89684
12051
1824
92774
84904
58807
32418
81698
6075
19371
66091
25948
77109
45419
67649
63809
43074
84053
29229
59825
12748
61598
45232
83779
30763
40844
57953
31831
10575
56439
45833
17799
74955
10137
78695
60449
8341
33392
66854
45882
72539
59196
15027
49343
75275
7720
90584
29510
7174
23022
68559
14171
49331
5489
4540
7626
35431
39496
14695
23211
13398
105
80074
48873
43083
3081
93264
87860
94602
12318
94941
46127
64117
30216
17598
18195
64279
56286
5743
99557
10487
42581
63434
66245
76478
288
10642
88982
22299
95494
83625
63738
58050
80314
89682
892
20130
44705
26331
82867
92297
68385
99999
56942
75160
66296
8521
83857
83781
75668
25360
14282
87218
82194
3777
8175
1673
20764
79966
39457
93486
13533
98103
51144
9177
11189
68046
42738
91223
49017
73570
62718
94957
34718
4347
26209
4400
88819
48722
2479
33569
68345
91129
27379
22889
55276
42125
18251
70589
65443
87999
63217
77270
79768
70597
12606
17175
58247
36104
82168
41148
51685
66301
31663
98031
77938
76472
93283
34035
68849
68728
67659
63517
30639
75188
34834
77271
75248
45559
32792
42409
77066
26981
28431
70048
5817
69354
50806
5204
93788
41319
76050
35408
99419
33750
7791
53232
27406
24292
32867
47144
24023
75665
52865
30066
87356
46189
57583
70882
34447
77096
74781
59920
99102
13440
90170
41338
74496
9062
77305
88359
1262
50288
27728
91845
5115
56036
49516
15368
92992
2625
73584
16023
86212
82113
63155
42734
1142
62378
19667
78763
78568
23853
81826
81820
70072
91841
89246
8077
88645
66487
32242
46063
49691
55687
82111
63173
17525
56639
73136
64877
48809
78394
48463
96328
86860
65387
88902
26876
86896
65006
32907
51105
63943
42506
47379
84657
5716
67374
83721
47056
78125
13763
89047
68632
41940
54717
97656
75709
23669
5041
23547
38051
18346
12088
14812
95420
88334
43579
61466
15378
67199
71208
70021
61644
40939
2705
16837
92856
36800
69928
23578
99431
63396
96620
87771
63767
4813
23472
90656
31963
19174
31573
250
33269
30752
80208
90552
63742
79178
52391
99238
44844
24758
60898
26043
3711
29750
61709
96892
34650
95845
88881
16253
80770
70602
99885
50397
13519
10406
88
90989
59412
90653
86926
83782
94945
16072
31007
44234
99783
11241
56278
10193
4296
37948
40692
55018
13763
43005
17952
69779
73630
2882
64223
93925
15014
6330
4201
55658
58713
8603
99192
23266
67417
51185
83021
71223
85135
1791
48997
93837
99927
47858
19811
59937
6004
54532
86858
44613
40187
53481
25964
61367
86663
68345
59552
47068
40333
70472
33485
63296
41807
93070
3457
8976
51992
60846
38847
43314
85099
70110
39763
50819
84558
47537
50877
31493
9727
88031
89682
79
92455
99818
49161
93053
38041
79118
79047
31982
89142
56429
97594
91480
33744
60180
88288
60859
53240
38813
13814
6522
53581
92585
6702
34899
17846
3267
10463
19173
94198
42446
1258
87975
73031
33954
64754
492
62438
89139
28591
18447
92286
67466
36453
96236
71736
56892
91145
70860
69187
36922
58636
66978
61278
138
61011
33026
18620
45340
11478
65225
47431
86430
35876
74586
26236
5769
19414
31854
28278
2776
81541
49967
89620
32231
52738
58785
10730
3099
84491
40098
94226
78261
21039
3244
55925
11397
12293
10762
32457
34606
32666
57711
43961
52806
48781
91324
1348
31838
18093
38054
20485
64856
37086
82952
67308
61487
63049
19882
2780
26534
76348
70450
19889
68945
95499
70002
76081
23087
30763
98986
81454
86992
23964
39748
68170
22626
85052
65520
9295
87192
43071
82882
45678
12367
49817
1542
97130
54949
28072
13901
77644
76699
93818
21462
15950
40632
93176
7684
69368
10852
54851
40454
13978
60066
73212
64383
63842
11442
61118
69437
42999
97258
331
19133
93542
14060
14066
57632
86359
66841
7992
22336
92008
83993
26713
77775
58341
10758
13098
9140
97792
86787
78132
98843
38236
56835
785
54924
66657
40846
38111
96945
46905
5865
25766
19182
75357
30058
26759
43134
11149
66630
42159
74556
20539
99377
20873
12327
50119
71099
46330
69483
36862
86201
79140
42303
71057
34033
27857
93044
5417
19086
34593
25471
71742
75207
9291
52848
381
54239
39320
95388
30624
86918
67524
87674
9977
52203
48024
71395
42842
11942
89181
45509
70135
79934
56633
32603
48975
74653
62120
73389
88050
6620
71780
70936
9248
34880
16198
98629
77583
4946
87382
12808
99990
21556
93745
42147
54984
56618
86049
78367
74482
22138
65169
36216
4855
58071
89777
19512
85449
45176
73942
69686
86528
77100
51366
64339
54023
29548
35568
50688
95454
7101
76669
79485
39852
22770
44488
86040
17050
46337
74592
57532
43136
24211
61553
32496
28982
38595
49493
34569
81461
54541
28520
47432
35546
58507
87190
59824
75926
37652
84671
32184
38668
21501
32770
29273
12039
61066
51334
82742
38711
20332
24147
22432
16435
46605
69109
75805
93022
33116
47431
33489
42568
58514
2409
3504
48115
75950
33662
17408
84414
16555
81486
37979
37645
12275
82868
43791
67851
64311
72725
10723
49770
71716
37819
94409
54478
28326
70862
91065
19489
85389
71157
32663
61644
73968
90249
44760
89866
87833
40485
21814
75941
74966
34215
5214
98971
73724
60773
98629
8081
21593
4895
13876
87763
71479
90334
2093
71275
21081
14653
64146
56965
19253
59153
7351
35256
87227
15205
91629
6993
5615
49458
90542
47117
37235
29756
79399
42378
29786
69155
17596
73513
35944
31267
59297
98951
62366
14470
25679
82788
7306
44183
43223
74418
94599
44721
60286
87680
24494
21437
80479
89347
50531
80397
79326
57611
82069
13081
57767
42434
46161
10167
37214
42348
97666
45810
6644
68259
81956
40929
79267
68099
29686
45651
75622
73106
44594
9716
94674
49689
73547
21996
1971
53600
66550
26489
56879
31491
81005
66151
52597
52613
97247
31842
52157
51083
91541
96109
40122
14081
25065
92665
59724
48075
58571
28225
64946
26877
64243
78458
10262
59754
33391
46877
63760
8991
59238
97134
16125
91010
49499
72459
82913
89105
35714
37981
22697
59144
63775
46427
61095
91639
51115
2860
80616
21805
60908
89803
54561
36311
58622
23421
80360
40963
43013
14610
15196
10916
17089
57920
87219
19323
56180
74508
8373
92994
35078
57652
94550
28405
40260
12789
46260
45067
67218
9910
83364
73918
4888
93092
84670
53818
67268
30412
85296
40488
32561
33746
44859
19664
26885
14748
77515
19946
51861
61004
83863
61232
55958
71643
38747
80397
17979
52895
17970
53215
72829
85091
89910
65529
47197
77833
56384
58359
86434
30582
67448
41247
12542
80798
57805
79884
49923
36950
24619
29155
98521
18663
36389
22339
59587
53680
10521
65459
61916
53855
89246
47193
59175
57007
40857
21593
60324
30128
78384
71662
9618
457
11257
18137
71638
23751
14632
71992
22338
15679
58616
16784
96182
5912
27277
16387
10555
73057
35057
43766
93746
31344
15859
45921
13070
42855
57234
73568
70186
44845
95466
90945
91804
77478
81780
41182
33161
55602
71617
2455
88863
31834
76396
84359
58745
93975
72440
69861
74396
19381
65426
65451
15499
4229
18376
72727
82567
50694
76815
19286
96082
34567
12547
63046
30233
37896
32864
47697
607
27074
72556
95378
64438
66817
77054
56118
42129
36465
17048
44046
79872
14928
83447
99088
97759
65732
94297
46116
50099
7456
22421
89891
75495
20536
92427
65419
59857
12704
61724
7315
22072
43206
99983
17002
89241
90985
84003
36982
53921
67505
26056
64832
99184
23965
42553
68894
21853
69625
80822
93669
8794
75707
22842
5379
89636
92878
30277
46529
71785
15325
15116
72633
42465
93641
54483
30410
83711
81210
66485
10098
61542
28617
65241
47910
77203
27536
61388
3722
65116
94879
6649
16818
32388
90631
82337
85163
62126
13223
66139
62069
45385
23564
74306
71273
82541
64797
49807
24845
94453
66779
90550
52401
55894
75038
5603
23894
5621
52214
42105
80707
66976
37467
14627
13430
90537
22408
81349
93883
13592
18044
52804
29346
52081
79498
70540
30019
45116
24679
49696
69987
56578
27538
24549
55926
80575
64402
16544
3797
53536
93531
80893
78268
20670
39870
43046
37225
17426
42787
13790
11672
43129
20667
42884
44078
63113
7400
5110
61419
59456
50029
21639
98681
68098
3425
45846
33530
26874
12983
49637
99020
61811
60913
84421
30954
7791
82151
81161
34547
57990
77880
26375
57801
39298
76519
67249
79468
21570
67646
54665
28445
46596
1170
72056
12608
40198
36425
48568
95588
41986
25405
71510
31313
73111
1946
24752
40189
72157
79213
47248
20286
16028
46361
34962
54304
60986
871
93505
67332
29220
69897
59532
3386
66633
99764
35852
3184
63708
47168
90728
13741
66987
9068
90697
39878
68043
75344
81162
6376
89489
62059
99926
2765
90120
22268
11320
91221
53554
84696
67381
84006
85468
28819
14985
82914
65566
80984
8294
90544
66958
12235
16477
97360
61760
19647
90115
11813
82565
58831
13336
7994
13162
36142
44078
55829
13614
58376
89816
59700
73117
8708
13668
94375
51023
14569
77795
13986
91273
32025
81013
49029
14694
90745
10684
26600
84752
26491
16474
64377
10960
26900
4582
17632
78767
70885
82636
87216
45638
70711
21463
40216
91230
49988
98044
72337
45131
8997
81111
30549
94115
74875
33366
92876
18103
75590
70706
56110
31235
51729
40754
97389
75352
62305
41080
2705
25431
14725
60924
25631
49928
62967
79193
44269
36148
41131
7640
14929
45228
51578
18681
79699
73022
26690
3393
69427
41642
26572
78932
37928
39935
48864
59339
40541
44174
85674
10134
29628
11497
57066
45818
82463
63123
93802
35191
17209
43334
17636
60855
17706
27330
49818
93580
11457
9634
68897
91352
86890
48436
33045
25785
33218
44478
15867
31045
54101
23881
78396
64988
67269
23468
46738
9464
89015
58222
228
33476
44070
18017
24752
68018
82812
79474
8783
17107
93812
24294
77583
34352
69217
78303
43446
78899
67070
98530
99495
41278
6239
81932
73751
36357
41770
87664
93137
41126
30828
44276
62910
55971
16102
48154
7292
97185
27613
36681
7888
56167
30126
58043
93338
86588
84985
46187
15069
45222
8870
67500
75058
86906
38957
17923
41764
5023
70288
92604
55460
84383
46307
50321
21619
73494
48329
13450
64860
26775
88847
59275
23181
2081
12570
8815
91253
67560
11252
67698
57624
21049
72939
88859
20784
45123
56236
55010
65464
55014
96561
64410
56441
16
29780
81517
718
48499
13695
3154
66765
93295
29431
7216
70088
43096
64971
5876
5398
39815
86019
41139
63313
7943
35809
10330
7344
13146
60695
15921
52783
17016
51666
15825
98913
55609
46612
98460
86563
94106
53307
64466
55630
95799
93964
78700
34930
17582
93590
94297
17865
61953
99865
62799
37793
7387
98501
26850
92428
58513
99487
57712
13827
72417
48240
78383
34609
80093
38681
20950
8719
29778
20297
57847
8348
39157
42408
2930
99106
90051
32216
19954
27157
97432
93214
91801
78138
33294
29917
27987
94294
34739
7648
32413
63290
67824
24011
46078
17535
78067
13759
36037
41389
1470
91588
11878
38672
47505
2702
22332
19411
19371
6792
95337
8218
28421
54569
36127
33146
36882
6518
42938
83229
55463
7522
2416
58353
71917
91510
52760
1569
55202
30854
34442
21209
88094
85784
89145
58740
55318
78971
701
83794
81665
22260
65168
27327
16649
79840
32081
11237
57252
64316
64701
61967
51379
72607
37301
85803
97978
57107
66899
86898
45234
1214
75688
42203
1624
6705
33617
35304
2087
47916
45399
8010
48865
85165
78386
14823
20417
7383
1686
30427
32985
34711
81598
46158
96874
92726
31530
6910
24992
5347
11517
2419
18331
63253
63309
60873
60653
88507
92825
82832
6726
74563
18323
52616
12170
79211
29960
47334
45948
47296
44493
69492
17255
64413
3543
24803
84620
1955
23598
44071
30358
51521
4768
62933
72522
39171
19075
11897
63119
10851
34348
97934
17164
68587
8534
40431
63902
18816
1923
19991
2636
48818
49332
51401
82506
76304
59673
49691
6406
69058
36305
12550
56640
79592
16940
79603
39615
51235
19465
9062
41279
94482
3795
43974
51107
93473
71468
71688
16367
69245
73691
78771
53455
54965
79234
39496
52002
97356
70450
92572
80161
11512
21627
32234
86458
81159
80909
84513
32958
85235
9139
30233
55071
31475
73894
81399
91883
67053
67564
21490
7752
55370
53242
99839
57616
7186
16482
47434
56648
47871
89698
91778
34314
35626
56567
14114
51345
15518
34825
59539
20647
1764
76492
39794
57322
38096
26098
36911
35954
13867
30062
98930
61044
48785
34873
11433
4591
71048
44385
98913
83609
74517
98674
8670
66187
69576
19233
36952
7224
56829
67585
70495
31863
48879
15545
49930
68411
77893
78158
82929
13157
27699
85596
48972
54250
60086
98510
69201
15322
57148
1905
9422
78342
41178
68295
66104
1078
24258
79760
11086
40609
24674
12733
68736
31775
44777
15328
18419
81343
38914
90401
3340
18504
8356
74032
91727
93174
14305
33582
61773
79316
10273
29338
50470
50891
62341
69420
57584
87410
59752
57419
85093
28885
85536
69046
547
39530
32592
86715
23063
76884
67255
83179
54160
12593
44218
5141
67962
41384
27557
28640
60157
1770
46304
59935
23175
30128
71854
36435
36602
67136
96314
74890
22728
58249
73723
24869
55331
25434
63101
41389
34701
18899
45387
15360
11376
79127
26142
48426
63669
66761
73260
55014
59815
78136
98241
76804
78397
91768
35859
45023
5222
65429
80792
19689
5152
68593
73844
12717
14415
56657
70312
8702
64746
129
90071
82164
22155
65730
51275
28965
48465
47321
71003
38601
9073
57912
65613
47945
16635
1050
46712
5220
83647
58851
36643
63689
48696
52176
4949
13674
29677
78468
59883
79586
3485
36307
75612
35727
60718
31886
98525
94879
88429
10683
17351
55095
74926
52578
52714
30483
45888
45439
69722
91544
89567
85944
98704
22850
48379
67008
4017
21435
32217
1462
31243
9753
33787
11532
15228
21974
48001
40907
92343
52969
13002
61274
71517
68921
52761
26307
65669
84748
35795
12855
87363
7098
29827
72557
58379
75348
70424
90933
81440
18312
78883
600
13504
37866
58680
52182
79308
60975
29783
120
27869
21061
70984
65351
70464
33164
95675
64236
91278
43204
7053
40738
10946
17276
56883
5674
75767
50784
44272
58055
5795
26438
81056
91965
21049
75751
52
42471
59481
77380
60061
90878
35901
58803
16834
63870
58437
56997
76489
87735
41754
84139
77387
36853
47275
22005
92089
69818
74092
61340
99005
75930
40589
68343
80104
9109
66090
62718
28301
62884
88337
77757
54116
11213
1507
62783
45161
42280
52525
36828
60276
8916
43973
40758
18274
26500
74824
14727
46242
61076
12247
97554
30410
7050
31678
71624
13645
77916
3442
8039
7439
5185
30999
54964
89158
57844
64928
49567
88935
31801
65839
20670
20477
54840
98700
28878
81881
28784
51871
50685
14997
90796
80939
42444
64518
94152
67660
40606
48303
82112
51029
67920
18378
83273
10145
70123
42268
79926
2033
1589
77016
43208
41523
86873
87042
37491
15223
55380
1839
62030
67283
43766
24755
9787
88322
81950
68403
36588
49243
94857
77925
24358
64581
87702
17453
87839
70673
8669
2809
94168
70082
56956
98743
76000
44196
55158
54867
31190
76797
41950
64588
53426
14859
24905
76801
77619
70791
95778
77213
39167
98285
46633
1126
81912
17621
79852
54533
857
44923
41539
14591
69340
23565
5396
56169
69101
81983
9290
84366
43294
7611
71920
24355
21301
90997
29544
59832
30892
27640
68170
38515
96008
97716
10829
3123
28845
870
32734
61483
77382
39556
62063
56249
51940
18376
27815
61595
62781
30994
58177
22841
10385
33333
31520
96345
13398
70503
31435
48730
7879
41546
8401
57499
19572
66287
88890
39530
11420
39234
28434
37902
5991
43369
17648
78057
14916
18141
9610
68621
1909
98238
89460
61612
99254
90031
95430
13337
17796
12145
68123
22656
84720
65596
65304
90426
30116
74759
22408
15749
17948
56486
39384
94828
941
18345
5500
53959
70953
97539
79960
69171
15755
80770
48002
60396
99347
10346
30150
73185
57019
48756
75389
38319
69358
10691
2850
28006
48552
20749
53099
25037
90502
30140
35090
55484
80391
54332
80333
68990
75520
87713
28689
85242
84386
14421
66978
23700
92023
74307
88908
19670
97521
41263
57731
94355
20870
518
11368
90700
50950
51003
57108
15904
24148
78069
53029
55563
49520
82821
44927
12641
54579
17316
55443
10303
76405
29873
22898
4717
90253
77356
79797
44139
75077
36979
58185
86373
76129
19014
22552
91477
24808
74779
53137
33604
78139
20060
80109
99002
24713
97599
69490
68906
28277
99226
21292
29587
30160
27709
25953
6095
98419
61921
86713
76227
65169
38464
83666
2055
1035
12476
22958
75976
88815
18368
40680
1649
45038
55356
95565
81505
5157
59807
13399
80003
81297
90330
17126
12398
58444
56109
33434
95141
39038
42384
95884
41956
47962
39311
96351
77067
27461
36831
59691
74606
67327
35516
73622
66650
12324
72494
58999
8964
45786
8215
43055
67714
94225
64752
29426
18173
29031
48156
31482
1630
48911
91982
88130
25567
27585
71968
41327
51341
88043
15015
97979
38613
24324
34762
26773
97359
59048
12507
15405
86391
74542
37659
74956
15252
40981
3563
61595
84780
10663
30849
18181
35053
87047
75371
33868
74951
87078
47911
12387
12868
48010
59389
73266
6520
69442
91712
75663
34785
54442
30916
7664
69249
64451
19778
54183
77445
45434
72687
61192
30102
23865
15973
72739
96922
57483
65804
34904
73087
64812
59719
7437
93335
44212
96798
20664
18581
76580
76103
3552
16725
55538
30632
36028
31220
59238
86549
34549
3623
71553
79726
72544
77306
4999
72534
81869
64393
88674
19557
70901
85664
57741
12452
41778
97380
80701
48618
60239
21866
36034
88567
71911
88893
52558
46202
84402
29072
51371
22113
80756
36424
15881
69255
4739
7830
5445
51663
95796
39489
23200
9129
67352
13845
62233
66996
63598
44372
12121
29380
60819
9425
82364
87784
85298
18504
36309
73286
31388
10782
7827
88002
32632
81429
76458
93095
25691
34577
10332
75679
19930
38713
82660
14205
73258
69573
26900
53650
9969
86583
47524
85608
33696
26964
96916
48543
22820
54046
6997
93557
16893
4950
59584
47849
68575
67896
42213
74390
59999
91560
86126
54202
59190
83328
86422
98660
51543
74554
8882
4744
99742
13097
8839
24925
78372
29076
26832
85324
78292
30990
44466
18513
45630
44814
60580
95700
88799
21558
17457
74976
58451
31591
5573
58102
33286
40540
23123
8629
8951
88929
43918
86679
83783
9123
41513
61572
25232
43243
62395
57678
7421
45535
4957
11014
68518
5384
89651
90001
11633
70265
53896
82121
46589
40578
23113
98277
93995
52795
5298
71616
95012
90392
50854
40005
34822
29536
79390
11419
69211
59951
97301
14771
95083
19644
8627
64333
70635
20169
12151
81729
15493
60341
8580
79874
4991
64819
69328
73471
37792
42718
46190
46224
40650
78795
84607
32670
11458
47789
87822
74962
42973
37133
85342
20639
34647
78161
83675
94608
42160
98931
45647
37057
80145
41587
39639
51114
76851
23339
52708
79789
73680
64296
6934
60238
42866
41397
98875
54396
370
33794
59442
63574
86644
80603
36159
18675
38894
39471
73259
52998
19324
30644
98616
92326
1059
93000
13262
59063
15293
30888
12836
90968
96896
68453
37410
88381
29221
25263
51495
45588
86987
39087
4097
48550
57998
64986
80334
20197
54813
81684
80584
76891
47705
5636
30495
34735
93013
53148
80940
63946
96281
34486
37985
18142
84854
57790
89428
43330
83875
8868
22978
48388
82591
60676
95598
44067
11673
82905
13478
78705
80982
91633
16088
93504
61059
10782
31863
46781
90016
41734
30184
24245
10815
53419
39798
48563
75683
39528
22085
94051
46847
79878
54224
42206
5387
39559
38567
61533
27644
26355
93494
45881
79749
6879
31824
88754
94394
83663
75704
21734
27474
28028
22608
66526
61321
52344
85319
5690
15786
66178
33850
77260
28665
32596
17697
28154
95584
42827
40871
72394
28476
91395
39828
43536
33666
18665
36618
15393
85291
16366
28761
65955
35807
523
16345
41202
79430
59526
24195
25770
5098
12989
40843
14540
93011
39354
56067
25046
66800
7583
77223
49925
27732
95673
2680
77495
3365
30400
11779
66185
86745
30770
25413
10015
53145
38777
82841
27945
49118
50552
83111
69291
33224
60741
54607
51878
74385
11161
96263
47565
45172
85150
69322
21830
2083
41873
8934
90916
54230
80081
92285
32062
10208
52711
50176
99438
74990
44502
2967
49894
40138
30195
30584
11232
15087
23733
19119
67364
65324
91995
63838
81196
26109
9789
81052
87761
35979
33228
83150
87973
42799
20947
76959
48705
62516
11679
90061
72662
61696
15305
91397
32781
70423
94949
75101
87988
79086
73906
87017
52464
64170
67994
24354
58402
9723
43422
50016
91792
47760
74414
80694
73146
92431
87336
38336
14225
80163
98107
55998
93085
95245
53562
94290
68742
12322
15168
69727
3123
83952
65557
77975
10518
39309
9165
11917
62950
60218
58481
33338
19427
58462
77039
59367
71236
44455
52050
34587
36991
51180
80914
81913
62122
24337
80112
48350
8738
84688
29022
73727
51818
12819
25670
43383
54407
15711
26918
52709
44065
17205
63290
62537
16220
21106
61265
52442
87371
39237
28302
23836
97162
85369
29297
94940
38605
69425
40164
31476
75150
54313
20967
40631
78141
79338
11775
28127
53271
83991
80418
84779
9512
29151
38648
62017
57362
93163
18038
91510
25435
59508
61130
75597
67757
49715
61515
29305
50867
5803
90109
77668
55400
32669
28903
25349
82706
77767
68697
64391
14916
72348
39613
11285
97500
81077
28931
15107
49634
34696
23164
57503
76593
448
30465
44239
66188
27423
98797
11581
40541
26179
67201
79575
28193
30017
71857
88737
58185
55130
97656
76126
93522
72235
11149
49414
90856
26384
40739
76471
32369
26132
52600
85934
86936
35515
36663
60373
35347
81844
46698
69813
57249
99210
31925
2081
39830
32224
2607
90132
46666
12884
25671
70032
89616
55726
13145
28921
32771
93698
51468
15971
13677
44856
88829
15161
45599
42272
91881
12205
79630
85185
56495
69377
40228
95351
89354
16945
31031
66358
52099
43784
61122
14215
83504
85829
21936
63910
12674
88369
39865
88770
62075
98052
55770
20638
36609
73618
86726
7152
35369
13194
58586
4872
85998
270
11708
63489
98813
93149
77900
21674
78870
94993
66760
81474
22022
96614
79786
66832
61437
20053
88558
2344
97560
55174
86263
45399
75051
77616
79069
81728
75570
70753
28068
46013
68316
98187
68331
61534
5106
57664
66613
76263
58855
5371
88085
14832
21508
90828
64268
93165
50511
36433
97742
43236
79842
3492
1223
83159
48796
73920
44662
53152
16040
73134
62370
78046
23280
35742
81818
91529
57204
18869
61873
63295
67071
14781
84704
30132
58623
89613
68929
47981
9697
80448
31459
17144
42174
53827
32381
50260
63597
32680
20229
5801
92709
63886
74057
14900
10640
21926
16877
99490
44634
62814
98883
48513
53329
35287
98564
32820
87236
62425
80971
88989
38697
55346
38592
25470
70292
81253
45302
46333
99269
60448
17150
88847
83040
30391
27793
6247
72531
83585
394
58218
66853
36140
43263
86561
53583
23539
21101
1907
40321
57500
75270
98695
36299
88420
81539
56471
73511
53827
68459
81327
98521
40020
43563
20748
9419
86270
1894
68013
43605
25313
72445
97922
49937
69290
96013
54871
75027
33672
87322
76453
1904
15643
93411
13853
29061
25901
73389
92042
94417
44645
71982
20130
16153
32076
11555
33155
36662
43598
43926
21417
5272
51056
76476
30956
50727
35620
48014
71321
96297
21724
64556
1945
63391
47173
34762
86630
51460
17320
13387
22973
26103
85926
997
66276
48793
66546
15316
20440
81611
45441
85314
86125
1506
27216
74243
5951
66217
9295
31488
71279
82765
24710
67765
68857
59338
26145
5069
44824
38799
84856
71231
22673
74565
42988
68946
28424
28827
4353
13218
93345
27508
64292
32332
93811
48989
12176
68628
60362
3102
71158
35949
65964
12801
19656
97630
6454
80656
52270
50257
8794
69268
82247
45560
73543
24658
55674
99751
14678
85763
72385
52938
47264
2870
18461
2714
7050
5257
61273
69959
93565
20438
39777
46378
61789
25086
34849
78678
36590
99883
91899
6554
17607
75708
40444
76533
4564
68156
42304
48015
30838
97488
89760
66891
34444
80227
71891
3030
9200
88310
89294
18893
57235
53452
80947
48792
91478
49650
76944
84220
60193
17686
54738
45654
6051
82870
5276
19652
19915
24767
34813
58411
4149
14117
46917
83046
39603
55848
98321
46606
61079
43833
65984
4744
49122
85764
20530
86127
51546
62744
2020
87476
28798
92832
99386
68641
27506
42107
62300
85389
55942
34232
42043
22594
2430
24166
96501
27767
72005
58349
97132
51744
39755
39623
69314
71665
12366
46360
16136
11918
77814
11668
22135
64723
4589
66170
36824
6271
66833
28944
25117
61375
50470
40546
5071
99798
93146
95163
26385
99752
43598
97259
26065
5315
16762
47976
88149
88058
15853
24572
53010
96483
81996
35015
11068
96658
80488
17391
81710
57193
74216
82488
67640
65126
89537
86226
20617
43744
94377
20059
58014
48667
70218
82831
2947
20736
18014
39330
49656
40631
76632
9844
79841
84009
14804
57196
14013
68779
92127
78462
20676
22573
53213
14670
35871
64137
65642
16521
17670
6306
39187
92501
42417
99002
58115
37289
68182
43114
69543
8851
7943
47646
36357
72653
66453
68107
57551
77370
87059
79897
30772
23943
13848
87310
37856
57810
48957
98965
32347
67161
10050
98961
42384
73739
23987
29748
89701
76659
8376
86091
22403
63460
85982
71969
31421
10176
2134
53542
68524
49974
43777
23546
98627
43509
83764
22193
13012
8551
54614
7501
27768
6257
7010
33489
43779
93881
97663
58770
869
37884
97292
79246
42842
74282
51065
38169
43427
15170
85034
50862
98794
33341
39193
6856
36026
63393
57788
10203
68437
85329
66761
65087
14144
24833
73420
18424
23384
8779
13732
16789
50255
24913
40755
72702
7569
25460
1030
10629
34888
30394
56229
19738
52772
47051
71545
16531
80255
29288
53019
25063
34563
84891
48613
92761
77742
6106
77489
42440
11688
86438
4394
73779
4808
67247
24722
80943
93272
94372
40343
80243
17522
85398
42553
66483
29409
34162
74403
6960
5161
19095
68500
83963
26574
10835
97050
70899
13082
17409
1582
63152
39797
3291
81208
70543
73617
10835
19102
22505
46934
89721
27868
92715
39217
36949
11823
9044
71267
48003
65124
24911
46701
3431
50256
53378
12348
84789
59393
4334
78421
72116
22368
1154
79120
792
12602
17184
81570
2477
10454
29416
301
53085
14890
42247
43827
33407
24006
4262
61172
72438
26224
45407
69293
35482
21206
83220
5961
15265
95305
20696
77070
19163
19914
86147
65353
17680
7492
6512
70237
75084
9303
22760
7315
79771
7715
29449
8781
50348
47944
39370
26054
211
19642
29691
84779
17527
55475
55861
86159
39579
78388
91413
23531
79790
53576
82695
54068
80078
9076
74118
59176
43966
80629
80734
86024
24637
88506
94658
50418
84934
95229
52464
97301
67241
50908
8108
68997
22984
82192
47096
28478
75040
15612
11153
76007
540
92483
33705
7918
54979
77789
19731
53101
56493
57299
57734
97958
44409
73508
28925
6312
27833
52474
74002
22600
66553
96007
99994
16526
31543
81142
92853
96211
77167
85273
26659
43046
19632
17095
56698
84114
27569
21268
81623
4192
97416
42416
37010
69414
16560
95082
39956
69676
11005
74200
53010
554
49588
40365
95551
14589
76723
41930
51808
28592
73040
83744
24445
53173
77270
7837
24844
45647
50891
72290
72048
9470
37049
69081
32468
66272
19299
52763
71635
15282
91377
31875
69291
14425
44235
63722
25565
53567
55193
88740
78976
77666
16207
91590
32240
575
60108
17136
87684
22855
30498
32667
71176
24010
77945
26934
38213
59589
66629
96780
79069
21214
64405
99324
8890
71672
9247
82267
17772
78380
10902
94732
10531
92251
60556
87675
86424
77133
43802
90205
19349
35721
18118
87020
11441
58456
88575
32186
76171
91904
76275
76553
2842
41070
2269
94391
39085
48732
57295
46812
4896
6987
4348
7223
11888
65267
49525
82331
88642
5335
11032
47782
55789
83568
59610
31403
90688
86104
98963
67050
33830
52730
40822
9791
25605
35807
21379
22683
45169
99496
84279
70262
44922
88474
26801
87454
31469
88397
37738
26262
86239
89746
61099
77035
70787
86035
21690
38132
54742
89545
86895
96806
61080
35430
45933
85599
37766
36374
95889
5266
47228
37144
62321
68426
70992
56399
93829
18406
9712
72764
99512
16807
94015
36485
59586
93081
51935
28328
27425
66776
42970
39349
29161
49177
46578
45375
23578
87619
87391
57765
39897
14142
47189
74496
91504
42067
67408
2040
15518
22721
70167
81730
63285
98162
43657
15956
3242
5820
89283
63471
32171
57946
72762
44872
61944
59667
35458
74205
1288
45115
13429
22356
37097
41489
76445
18351
59422
7101
93687
99360
22796
16069
78720
56425
35037
95720
43882
10172
71526
95138
53162
32269
23025
6772
47415
45260
92713
53474
56342
8055
20005
7171
10924
57746
59521
82142
91303
48959
42590
17532
81583
37211
17478
63917
15115
66266
2122
70818
47006
17538
97700
48448
12211
28469
53619
37340
23770
14342
3706
83555
6077
55959
74309
14562
18608
74031
34204
74977
40058
77548
58517
63092
39673
11672
90338
98969
16008
59222
98973
45869
2502
9537
38231
13171
31860
93594
49429
18692
98721
92694
60040
83024
7386
69363
87784
94512
86063
89256
80046
21663
71330
68707
46931
42090
53800
59062
66591
33679
55123
80202
63890
15989
61110
98283
13070
73125
41580
436
51339
77109
86714
74756
46699
85939
2980
53815
62626
1352
51734
47411
18348
63567
64434
86084
27701
23598
32277
78421
45908
49319
29828
7125
98907
30443
88633
8856
24210
59920
91540
41079
74373
55365
61305
7201
37472
19880
25741
82414
71984
52362
35040
68277
21866
2963
26336
24982
67480
23573
4844
55834
74386
52672
9200
60666
86477
34939
96429
27557
97648
17849
78881
52967
34947
63867
19970
74300
16937
59887
44041
33238
22299
89115
68088
99684
81138
91722
72425
25032
49742
61317
95318
99843
24084
9216
17460
34323
25196
96360
75592
70669
15919
53836
68927
80185
60546
38164
13015
50054
10457
91054
59816
44805
96232
93053
96772
26845
68094
73834
38441
62971
87479
10763
16733
61468
24649
64325
26084
84972
36975
2295
31646
48691
13315
80820
52184
97429
96526
81241
82271
9646
17018
88981
6310
29308
56451
31904
91775
24018
73559
40270
78702
45707
76246
39684
66272
86378
70304
64517
95529
36207
46995
15430
95897
2839
50696
3644
17109
38854
96000
13250
58682
8735
4610
27625
18514
32428
46468
425
83950
41047
2773
31703
66633
24804
84065
909
9002
88692
98354
38466
58224
61531
97983
65753
25287
93742
73426
83289
96805
12206
34740
58714
96150
10981
4657
32460
92085
44166
34962
52588
84632
7398
26892
95234
21483
3159
36111
33362
35667
95736
60839
26416
93669
31197
39145
50696
32646
30524
85894
52850
60433
77674
29283
33483
38737
31519
53441
37025
29915
85514
81906
12743
43513
66805
56454
86456
76529
13571
77992
85922
54739
58664
38075
49476
44407
65167
92793
48733
99767
29548
61019
81826
65961
71504
75122
48638
2415
4703
37812
2241
63582
56657
11209
14408
86720
48227
79409
92266
25554
1186
16832
36881
28179
45683
24961
97154
73414
35977
15019
16708
89841
74504
46520
86940
76434
36639
39250
90196
97509
15745
58095
71980
8353
13522
58377
18716
64371
55910
79466
42669
96013
13937
63296
26723
99474
47162
62897
45455
11523
37880
30554
59572
1256
45551
8618
31199
1195
75671
8524
40503
67201
39336
62446
66879
6460
70989
59233
72372
70440
24982
87999
67115
51517
77617
74617
15670
6599
68921
62645
76418
91426
16764
35757
74616
84275
2012
11296
51207
5259
27713
17628
70620
10265
15017
7136
94796
14416
25267
48938
71015
23902
35571
17984
20860
85472
67148
53975
50473
12572
93105
86703
10044
1586
97753
73918
95896
49632
72250
66106
11464
2224
33647
62677
10445
67106
12120
54746
28038
45628
39210
47061
78818
23619
47700
67272
15906
89844
10304
89825
84398
75708
10089
80654
47991
82261
34417
98173
41426
32478
85175
14208
34617
99877
33128
58582
97755
62605
42624
21418
40181
30274
25246
73283
48242
33814
96050
91862
4853
38670
41320
98713
39487
65618
49067
16830
3877
8439
58457
9514
46560
59075
84535
92808
68613
8873
51471
85244
73693
2244
97360
83494
75791
8325
81018
58328
75517
57539
52470
79821
34383
32688
76618
4580
56839
83873
87076
66841
93902
15692
35170
14174
56423
7766
80722
11387
47866
10781
46900
42787
80915
85553
85235
44286
58119
60828
82656
41807
26894
76664
88219
8283
52558
50131
3015
12136
45071
63522
46528
6978
37147
37753
18338
94070
29578
80809
72723
36776
13680
96349
91115
95486
53201
90297
18918
41609
87051
58131
47252
16751
78332
65117
23400
99088
87260
46403
90839
67585
43291
84211
22297
55025
69221
63862
46266
17354
12445
5971
54136
5129
37542
87960
33047
78649
82340
93962
5551
55154
55151
92750
66069
58941
54771
22869
9566
23454
37609
70885
58566
64127
22159
17083
43946
25573
48170
67170
60344
85488
46333
42998
76202
76711
38074
75214
74738
88333
19856
72928
2045
23438
73976
78567
13883
65195
158
28958
64993
11392
88922
41452
77391
14122
18068
45136
77207
31723
85347
95848
35736
41065
14293
88145
37168
56365
41727
76499
43946
81984
44560
33852
1064
94379
64845
5310
2247
31034
38803
9184
10351
77232
94407
58861
39373
57434
29655
46036
74348
44099
34081
65959
98786
31065
18923
86457
62813
16906
83263
30723
971
27273
4343
62997
47292
67557
60396
37471
95825
67574
20577
5127
88779
75842
49257
46898
56546
94276
32318
3535
97982
19396
86252
22774
78081
22666
10771
57429
88882
28390
80156
3618
27144
63124
61407
18460
77151
25277
65591
96803
42602
79681
67454
24748
92613
78644
15429
40423
3784
72505
35634
80510
51361
84191
54315
79085
81868
61702
73169
4543
52994
3429
74038
76489
77837
76049
93928
39816
2637
81746
44872
16713
52953
66301
99199
2774
5969
57953
49371
86034
81366
37620
50634
86087
92597
4438
13889
89756
36209
15983
80869
92403
49098
90977
33251
5742
17981
35135
26375
53188
75721
33861
12536
84147
8867
70024
620
73646
56697
74502
37148
68910
8157
37799
31346
79319
20785
77710
75313
4585
665
39548
47562
32563
26969
3664
80659
10144
35795
38588
40615
37446
16332
88856
41591
51614
25332
8533
59460
52742
29673
31204
87237
56909
94110
65496
66142
28406
49258
78755
20738
76158
94078
2775
56879
29657
16925
20912
42872
3425
76212
51616
2956
84136
83063
92865
54557
83249
29577
65306
15112
44980
68322
97289
32171
22978
84006
17495
93099
16693
36618
32289
24657
16694
38759
96180
62753
37187
55376
72833
65664
42844
37132
50909
30679
4518
22107
66631
66703
70337
68965
89890
55076
10798
206
99107
53148
22524
21600
32550
92888
92172
62658
80648
32529
83608
75599
37367
10362
80902
1523
61588
1880
5410
55388
54939
83150
73177
79205
22722
79475
19887
91553
28753
77938
53946
508
60709
98554
12992
79182
92463
60422
31558
17177
57119
24747
3905
61038
28866
742
80472
73039
76880
47406
54933
42278
23089
46394
43758
41360
12405
87465
11559
35545
4338
694
93474
31916
15676
26974
65185
40418
55002
93700
20075
55754
81382
60881
14877
26344
56817
28908
44034
32514
87503
76090
54939
74242
52101
76578
95216
94756
42695
93232
42246
31773
14668
22830
78776
44397
8604
72582
46122
41120
71307
22025
43308
33072
18793
97255
52974
40929
40210
50691
40287
31207
72641
38815
28390
98584
63922
98520
62920
37881
20118
76444
23993
22188
57969
68130
48607
98915
46247
24441
79261
3784
5218
32228
27454
92239
29350
25092
61493
82907
33804
13264
45003
1213
10535
94114
97707
82312
54441
66448
28217
57588
66130
50437
9798
80653
39978
68466
4038
53673
21851
55302
68285
75186
58249
20269
67916
70747
42004
36878
2846
44455
83521
79769
60130
31119
41169
67512
6509
6118
62627
93528
42981
94897
91606
10494
78144
21297
72319
7463
30635
14950
10444
62441
27937
27681
25506
5578
50769
84464
81398
22822
78614
92438
83171
24013
9841
58417
95371
52570
42999
35466
91582
74959
82490
33319
72267
61511
32713
43829
63799
79053
6404
11830
80907
20861
79628
94049
43894
31331
25938
83933
40776
68314
28768
45949
46930
83000
55834
92024
38085
93622
90272
38113
1052
47622
15082
93336
12829
97728
4422
7876
61003
38105
25019
30293
58938
10622
61682
63628
39971
28282
35390
87574
848
7368
81968
30585
7454
59124
83142
46785
35305
64197
77954
37166
3197
94371
95613
81750
57907
659
16003
80135
61592
88358
40677
51626
82977
17834
38267
66641
17569
86227
67282
55956
81378
63969
47726
3845
21002
91530
5696
99009
29779
10773
80555
68931
38921
9036
96701
33306
11317
70126
92705
60062
42555
39426
12847
82118
71391
33078
18735
75276
35811
48693
68772
61394
34174
89025
26902
23314
72790
23733
27717
64862
34589
68853
77194
89621
59672
23855
55810
4470
52254
15092
3906
90414
2137
35622
43137
8419
84061
56557
72569
36024
24259
33685
90314
25947
87688
6215
22709
33589
58652
46928
87734
70564
56717
58009
32341
32385
64243
79074
62907
46790
37277
40468
73972
11622
1606
35588
85737
41454
3810
80683
4622
74496
70668
81210
43184
61761
87297
9307
75244
98442
72080
42407
82816
42198
11724
87287
81309
99205
1799
99175
12533
52278
42651
75158
3168
91364
14734
54380
11026
42575
72601
19071
25691
33361
4613
1054
94006
87427
39807
14089
97011
1386
52222
9546
87216
23218
24312
52871
65697
72127
11651
66486
14400
24339
54793
84650
61312
21978
96549
67124
29826
82397
87521
35282
55473
11082
51630
18193
79314
67039
65636
30673
51176
8727
36712
29160
77932
96087
41529
45969
89480
86604
55433
72757
63868
4676
28440
21604
34666
1831
72568
46616
78962
82767
48676
23497
58174
4527
9419
41553
62221
29017
57037
4505
25748
57407
49844
67654
50681
3072
13382
40564
68964
63633
6168
9556
15095
98310
67094
92630
47928
45101
12153
24017
71837
43282
12076
98597
70541
4608
82272
33682
73753
42882
32932
694
76271
62340
86444
6802
21833
57859
94844
55015
97023
52532
63384
9273
74669
60764
61433
36088
55227
5122
19879
87339
24868
8500
93457
61885
92898
3933
84054
75990
74388
32210
785
60452
77261
34641
73856
61222
66980
50547
74634
81273
30838
93597
83471
52338
83179
23596
85006
26089
31366
88883
61848
26461
10037
4903
59267
70227
35647
89982
42295
36956
17356
55743
29581
89584
50874
25957
79102
73506
70287
90004
47957
95877
99980
41410
43701
43203
90635
77603
17060
71885
32483
37440
46446
77661
36360
77587
11487
55256
84678
65115
42724
85358
38579
1545
26671
37962
3363
19085
59111
56703
50051
54959
60102
20609
86490
92005
73771
70690
48909
4553
28657
9640
90636
23628
5973
83079
94653
47195
8442
57757
30726
37040
40570
70117
79524
41649
91877
91622
95929
24152
7035
88839
50014
85551
6735
30585
80708
85365
55678
2411
382
71375
22827
1114
73803
50403
52845
87339
30400
70643
57762
34645
80646
56274
86331
80934
61663
46751
58229
81187
99463
25057
75405
10563
56632
18594
33480
43695
38469
89871
78089
80535
69586
35877
11824
65416
28732
21463
90442
81350
66645
60170
70905
38748
5741
63236
12564
75547
17755
48370
11046
46810
96461
61485
69710
17515
69726
46108
98147
61830
40533
56764
94550
99279
46885
5947
15944
643
25083
50695
84605
49656
52115
58404
42196
66489
44570
35920
69409
20869
77748
61432
43693
26704
36674
93790
98014
53468
51986
46170
58861
43389
92716
16006
2718
53239
37229
6663
546
48848
75110
73593
32050
15230
30790
51442
51216
93763
84763
56744
1698
26060
9949
5490
48275
68939
89793
44040
15752
60924
44574
50430
57316
60610
11271
76793
12510
85980
14483
89607
31352
88001
20612
33569
15537
22637
48672
56650
98191
47980
64065
40744
89052
60764
20260
31210
33749
88972
14530
85040
58843
22040
52271
46605
49008
29925
35662
18206
85196
25813
19862
34668
13989
18824
7559
96904
19253
49546
72034
60831
7964
87050
806
4246
43569
21470
47079
77142
28134
3089
48671
38908
33959
34293
56831
77077
59007
72427
40241
49253
84019
34834
72889
17675
61212
57184
79992
64172
97185
89681
31405
74893
96298
11045
5149
98445
11536
81033
87255
18936
89010
71794
1712
38240
92778
88186
4548
51112
20211
22353
71607
58108
37209
4110
11396
62585
20739
96867
42396
44645
8880
15861
31382
43622
18738
38743
32268
32999
25316
48404
45766
78587
30660
52576
29117
32782
1131
12315
87519
5563
3508
98853
7787
27628
50779
74041
65461
21766
38666
86801
50498
21524
33700
67948
30910
84559
95849
39876
83147
65992
31289
3376
14244
9361
71790
41112
63721
24263
99785
28241
85080
28237
23090
61199
55430
67216
14675
91564
8685
7817
85680
34433
78428
44002
18445
58059
50577
17029
10179
9398
68447
38718
70942
99415
92215
79823
14157
88894
69609
61727
78488
76104
65764
2325
97484
20895
32518
88507
32998
70990
14091
80097
95264
19631
79364
49706
62528
46164
72194
37846
55997
58270
79724
48037
18236
16326
93782
31573
98974
72090
15009
37470
62128
56120
97116
97353
31368
33738
70733
40772
2535
77356
70258
67229
77684
84683
16431
95730
27529
1375
64912
40000
9580
93663
8756
4949
85935
27960
46148
51348
32422
13840
13663
51051
44687
7635
11672
40348
29724
97493
88291
43299
43230
22129
50095
29455
80156
50316
4027
45340
62592
12412
32897
5551
65140
5188
63985
24838
52557
46276
36954
79604
59790
49459
46090
1880
13573
13033
33588
90629
64904
11223
4679
72420
78159
24705
63722
8528
14485
43720
51807
72685
58451
54941
11831
61124
71668
40184
94056
40387
22149
74261
39274
83093
16691
3154
51797
88199
68882
69348
26446
18238
62340
60495
64936
33897
49710
96660
95444
81503
70636
92248
20563
20876
59768
91423
60043
59405
84286
57021
30060
24767
25343
70215
19124
81772
37326
6618
44073
53192
62619
37481
13094
71106
11860
27804
48068
47941
49738
62957
71789
27725
16754
45058
99145
58026
11872
6609
57451
34137
24708
95201
53546
89478
38998
1330
33143
14446
83830
15314
3361
60719
95843
87608
85020
92196
1479
31135
24088
55984
47820
17929
85219
12478
26496
45144
78723
93177
21188
60797
46376
78039
90855
42914
79346
50748
22299
86941
32498
8699
82022
38482
23055
89059
10210
50672
20480
62682
90595
2283
86695
20618
73095
87848
62388
78920
43465
76252
88846
4758
43450
86926
81937
26537
24903
82027
57892
44574
75569
51071
63785
38179
14004
5191
46398
24767
56820
34731
17852
28169
52054
3648
36776
46195
11621
79870
82463
21114
41230
98473
54450
60683
40782
66041
81709
58400
38920
97904
51710
21994
50971
93524
50980
99264
91073
54437
38213
25289
93355
15664
9085
49410
61705
1867
63722
58950
6451
92698
47260
83208
8284
82943
53728
83170
54993
13
10791
98316
49163
25793
47161
26763
69664
220
83242
31261
92410
13778
61504
90466
67509
68085
67533
11441
65150
3707
5963
17396
98734
44053
74519
71539
59367
85718
64780
60591
81513
87939
40599
41972
77189
35114
44243
54571
76975
17320
93270
44232
18081
78858
71020
35420
57044
17457
36827
77414
20487
30063
80326
34980
6294
7105
14831
82245
79679
72285
62929
43533
24969
68676
47906
85430
52999
51454
64681
47318
61116
55748
19596
37683
5512
70618
90136
47993
40036
59297
71572
46099
91060
36578
78367
12063
98411
28396
8179
55334
14213
7559
4931
75784
57166
47470
17706
84357
12977
68953
35340
84084
55459
23494
13736
27155
29657
95369
36723
23234
63441
88224
58706
94092
2413
40864
8505
40164
98050
55049
96749
97368
67721
49912
51392
96458
25199
24939
97319
45137
81276
40074
98360
92466
69886
15354
25156
566
29353
22981
81481
13232
81426
54253
42119
12793
35044
16073
10643
856
69749
71409
84923
36449
10764
21591
9167
1431
98753
11448
61907
60739
46841
36354
53114
22208
50740
63800
43608
94426
79509
70012
1000
24907
54160
92840
95483
79853
98035
11307
5713
54159
30256
97020
32319
30742
93886
59361
84370
88328
52122
26320
47279
14874
74956
54632
23191
93557
33844
21639
11466
49355
93985
13897
28173
55966
2761
64823
25752
88196
29984
26738
69560
66634
79452
86888
79411
88624
69592
26130
28955
90194
1847
68035
84373
76944
33542
9423
57411
74951
37851
26140
13321
73298
3675
53444
14593
90073
56878
70921
95822
6447
81924
70638
35737
69996
1028
72482
47210
67307
77536
673
62474
91832
49415
60169
77970
40406
11461
83411
71947
30897
15092
51513
49391
83565
5681
9296
78601
94261
26335
56987
94659
64723
95287
81373
60373
35220
81537
65878
63942
2580
24752
66440
81360
72253
62188
81678
30573
85922
63454
19209
25491
86196
59679
80910
88381
65081
56841
83421
47791
68964
23875
41643
59978
9294
89096
45361
74230
44093
8249
72671
38982
49099
59519
92998
33342
34547
96237
46671
7265
39415
8809
2209
69808
16768
38520
95771
55062
59902
21564
54528
35533
21197
20078
71288
41920
76144
8846
5675
81859
95649
1374
16942
17522
89930
486
35519
81067
36095
16711
24638
79000
99208
30302
19936
61523
68635
82307
36664
32031
72812
13799
33599
21269
33160
98149
63778
68121
24841
48169
41860
22164
3747
10554
79318
4640
2171
66018
41345
39145
32980
50741
55516
15399
81108
38194
85534
4613
73644
83417
39045
22162
31872
9220
17184
4501
74594
6520
21043
47461
26950
54619
70790
55315
42410
54197
24932
30214
79520
86073
23073
49896
96304
33395
30968
71531
17170
79374
86176
68223
71589
97352
90245
34286
30340
4832
56562
98190
36365
81385
34112
37026
83621
37797
99725
75844
82792
42715
29150
26837
5012
91119
63808
38298
37579
2640
86337
61438
38992
15459
2835
84358
82283
80985
37708
69309
64548
36934
13371
86038
75311
33264
21862
67211
37737
27146
39739
7596
66765
30337
21375
91660
85454
80312
1746
80102
33283
62869
32545
61033
61988
56534
95929
89702
71758
14535
72024
77650
84174
60722
92284
47450
67270
67224
32392
71105
82227
50859
13945
20988
18826
77063
35205
96704
54024
20516
5769
1904
17415
84562
18448
4331
23246
4737
17192
21733
44604
21463
72483
33363
32535
74494
67734
27678
59042
82883
3234
11574
1525
7160
74070
37555
64706
47245
2664
89862
12580
37764
2854
73228
99077
81740
58365
4
23199
31123
27413
639
48403
21261
60669
60540
3681
71725
21344
92141
65865
23976
68211
52316
6666
16809
84176
45164
22881
11997
29668
70398
47968
96951
53246
36619
10279
58998
46116
37845
400
68523
78188
18118
10677
44959
94313
56312
20228
19025
9005
17332
39139
66597
40649
63437
11667
44986
34494
97350
43043
69278
10769
8320
29460
4883
66575
98827
74074
85408
1752
88874
24472
81730
26926
22113
72287
55058
92979
57718
29778
31909
69279
75037
66059
49744
55352
37923
82573
85938
56208
3273
3364
49436
10308
50353
67519
43631
27518
56629
80492
10802
23828
65246
51820
19037
94895
89935
60324
93552
35370
52040
96358
53792
34592
3113
48402
31070
25100
25198
66540
9340
10468
3012
21539
78486
83418
32053
56072
59663
91213
76142
90328
34334
46509
39856
35606
94414
13203
7930
26813
76983
54632
52664
84288
71366
1247
520
23170
93430
58584
19523
77607
88336
21003
99744
41972
71881
81593
34847
85369
32414
97673
7707
2213
96294
13858
64516
25364
65757
3939
61232
51449
17578
39537
7289
89959
18394
27062
9581
75005
87696
42210
87274
95959
91455
92987
34121
97113
51982
67175
74265
58150
69238
12093
8416
42912
32984
79596
64414
65196
65220
37833
275
96504
65551
66478
78356
14220
30426
84063
77033
19332
21322
94898
27655
16898
7960
96305
33710
20716
27478
82682
21069
24322
26266
8302
2055
5786
80312
20018
68671
33906
91510
928
23151
51515
21693
60659
91520
88640
27568
6775
71947
87327
86803
12239
67846
3167
95868
21388
67482
83717
44444
74113
39140
56445
41275
30460
94210
45348
82378
95550
26685
24553
32334
46476
90903
79074
49254
29122
20285
96677
31686
7771
59395
77033
7001
75666
69165
8698
97373
14925
64658
24240
56207
8475
71324
76680
18129
8192
70550
13539
93529
79826
86793
47226
64582
61991
16783
49646
17553
41202
32883
65651
91454
72427
52935
18245
27131
48032
98170
2294
11624
60627
58058
15788
32797
50216
10856
88990
62359
25129
34716
20745
59959
28698
75954
5167
55449
37142
20960
31651
9806
84461
68546
85984
34212
3628
89787
92600
56164
14061
74388
54446
71681
57515
22612
32697
26267
54225
52282
59093
88355
60429
71453
82121
91684
56936
61626
84871
42243
26880
12849
56966
22063
64321
13369
56333
43154
19306
99952
94200
24883
35481
53576
69038
48425
99035
66359
96456
29294
57390
79838
71946
55255
69091
9966
26335
93325
25864
2982
50121
31297
57360
40510
62587
81094
30282
85505
44825
33816
28035
45025
93679
56738
13879
84768
11024
44790
94012
86473
18424
39778
23137
58412
33316
3667
63708
17052
60048
95228
29900
88158
71011
36324
62882
85769
61847
92410
40643
5054
56356
44061
17441
92378
95671
77119
4092
33577
27835
70227
42016
57795
11585
20698
61666
59441
79384
65801
39703
84031
83585
98100
87093
50991
94501
37219
96932
63556
91361
251
93323
22408
83447
21634
53676
71574
26151
65364
23664
44598
26857
5889
37421
46265
85719
27641
9360
43118
56734
98682
32594
52825
15109
84341
15734
8898
81916
35909
6583
10275
97626
48062
9699
48687
31263
22552
67
61756
24106
64677
27865
26361
69445
44410
20208
41170
44716
81096
3241
80871
50315
38359
822
26784
53812
95533
24464
71148
41367
21278
45800
39683
93091
19596
73318
18294
88298
2264
7621
14074
31448
58784
48378
2931
29642
66435
24755
76122