6455
8035
52328
27947
34062
5962
24965
85683
93543
92708
18497
84977
3628
51244
8974
42714
48802
52645
51661
94242
86534
46552
30236
87661
77532
96846
14669
72769
49614
11489
98027
4117
63299
37932
2701
59972
62442
36337
14816
40406
6247
851
78089
76422
6569
87520
48034
20190
53498
43920
82788
11818
58596
64192
98425
99009
48944
32193
38540
74055
6000
17814
84004
20872
53973
9662
61228
74545
91037
24529
23463
36381
6180
90339
67914
59810
58325
87222
84385
54303
87271
76294
13938
95103
9558
96385
52671
66913
80940
70709
11636
62404
70858
23871
61363
98450
26772
6489
43882
16917
70150
84877
83104
24386
4619
69936
61731
40561
90528
81662
43932
24893
8478
37253
98445
95341
44944
81421
43202
32735
39059
69542
37688
76769
85528
20206
25713
24793
86697
17936
43555
28908
91119
3507
68287
4172
55642
20865
21164
91465
9166
68507
14360
19922
43675
79706
17638
62896
51153
9466
15100
71571
10201
22860
47444
84622
97004
33726
27035
93805
94255
74248
34861
79508
58362
18314
55903
13927
33740
53114
73126
45920
93923
42597
88691
36453
95204
42920
46048
86010
75800
981
15320
12508
54757
15825
53857
96785
97223
69821
23475
24190
94608
84156
86717
37512
37393
6811
1197
81207
69586
78810
52487
25604
72936
40787
21721
9702
59403
97982
17041
20369
82748
94837
40840
14546
46381
3205
30466
83592
45916
24432
24675
64295
9249
39863
92517
14473
50235
43775
12371
11861
58453
63008
28337
60366
33911
57860
40542
54791
40749
26412
67724
54808
57371
47852
91602
43746
51371
80901
16709
46141
65090
75452
43838
1331
97323
1984
22505
55576
82647
67773
37533
90024
525
22770
83579
45107
71404
31719
9307
32751
64505
23934
3721
70964
3461
21492
50597
99628
7665
24757
76691
26998
44473
22987
38439
12555
33467
58320
79873
83
84452
36079
65260
40161
95153
87248
2806
53697
64670
37049
49278
69180
61557
9122
29505
56185
14498
41784
42766
1853
31373
41223
63181
8179
51513
61866
89836
95649
13718
97649
3077
88981
3472
41950
13285
33092
6981
34454
85040
45410
38746
953
84807
93679
32800
51354
59254
90741
28074
26127
48123
73142
93361
63393
43190
2347
8207
16029
46761
83443
14068
67462
73871
72505
42120
55110
39173
17121
54698
3989
11176
24341
90323
57337
20569
57200
74300
15433
44845
79906
9253
12083
71464
37007
8076
23435
53806
29673
71871
67209
990
9072
11561
88807
8147
99805
35667
61852
16431
63133
27546
64939
63541
47351
30656
29659
97149
88785
74713
23178
76139
98710
63788
53133
51113
18355
83544
49534
11503
89084
94770
24938
77629
32517
2171
23807
64303
64117
18115
88394
38804
66312
3970
42934
90379
90358
63237
21385
35332
76657
19763
85073
41399
58985
46781
69105
63005
34386
71306
62209
80469
80271
60302
71385
90319
57466
95525
79299
53035
69310
97262
7406
36169
89191
7501
91488
39578
28202
7749
96822
67432
71860
55786
53930
42488
77938
16656
32362
69040
406
2765
93658
51229
86155
69868
49647
64377
56060
85301
54990
36555
57470
5275
18191
84262
35569
11054
5688
74436
24318
8603
96208
79549
69214
69490
91747
79582
25935
89473
96071
19020
1754
35791
83242
29157
5706
54202
75189
29348
99101
79314
22592
24799
87076
75801
46284
6128
80638
37089
28517
34796
41136
29521
36469
30621
31086
34127
12356
16942
71087
17449
42024
92377
83990
55624
82207
52205
84139
63007
21277
2172
71423
91082
52463
13895
37572
83033
48266
77902
19113
48978
3836
95248
64729
7511
58723
71964
13566
61546
4835
32207
14400
63125
7661
16733
84091
22912
71015
71202
52331
14308
27418
80907
54397
82979
30331
79634
48225
47929
68870
75352
78728
12159
3401
82467
2637
91291
20822
63503
77156
18509
14868
77100
35842
39787
39867
177
58222
55450
56301
76426
98760
54523
71620
17593
73678
62540
38811
83464
34015
68146
40677
67151
80744
17428
61320
97011
38465
96127
20765
53416
33152
40520
47478
59983
93526
96594
54486
41143
20502
10115
11196
39343
12754
87254
29342
86217
17691
37689
76941
54711
61032
8338
44093
92953
65217
20748
64454
17544
35043
18596
3963
63470
21190
65063
97587
22263
87739
1051
44723
93402
32638
58188
9005
25263
90848
59363
67435
92318
28239
48414
53218
43741
90114
35276
32888
92583
79917
80209
76031
90668
36383
10763
39233
78567
76582
82540
18894
65081
22476
90621
2421
38487
96573
62951
73887
80798
99387
6075
67709
90867
33902
43291
75668
68191
9366
4139
18228
78376
42276
49895
1905
61724
10969
64406
48901
56184
805
50163
94933
3963
66937
43663
77921
99631
11308
8831
51131
91581
83242
99828
51120
48659
49695
42895
92295
85677
70974
56342
21060
86532
36088
79749
9800
66581
96212
37487
57418
38834
89398
44360
1553
34764
73844
45718
28565
73814
2832
51690
85051
51268
68812
57070
48107
96074
16041
57420
52407
92278
51703
23309
22373
94240
76800
35710
63383
43804
40265
56661
60775
50329
9063
98089
58610
24780
85330
6481
5552
53189
13499
77302
68718
20807
67267
43187
19168
9917
74340
25040
21688
35250
60671
37975
6175
84404
4709
37873
24207
52081
16240
38886
99104
83449
65005
92037
64685
1720
63140
53054
1845
84480
63173
93210
59707
1294
73058
16509
99658
56185
71918
32644
96685
69981
99161
23238
54529
33964
90012
6675
56349
37675
53728
13835
67239
50483
46407
91373
61505
29368
65113
35109
27461
69247
17206
99272
81610
55795
40565
53166
98410
72479
27333
70609
81279
73810
26580
68594
64685
67030
64289
88574
51195
83445
84780
67814
97191
39918
73260
87808
61821
89464
36072
68745
23799
40853
30013
72276
72085
42768
85595
3782
64759
66747
33153
22252
19799
57120
66659
96746
37714
13085
1006
42209
35894
27071
4213
78750
97502
45399
58977
44344
67237
94839
6019
86178
25309
52880
65786
71536
72484
9609
12098
24643
61549
33515
14725
78188
49004
84678
58360
81720
71183
921
44627
9422
37339
52296
17594
47057
36361
9072
54437
42611
73186
27883
25502
85958
51176
54394
47336
58887
41725
41487
65780
61687
95688
2140
61609
21488
8286
79905
49154
80061
88337
49440
81688
92899
79037
69175
60432
23644
54902
42461
21226
24611
42423
20862
51040
60976
84017
43821
95855
20819
14979
20448
52668
63069
49434
49399
11492
72173
57242
13190
72254
58234
77538
30221
16702
94189
30645
13759
48723
4057
95430
84331
85523
13258
84721
22592
10675
92014
89588
49837
97449
18616
95964
40523
3020
47573
4014
52504
24129
82286
71586
42144
52530
27667
76532
83639
79255
40210
30261
81541
45010
50934
83391
88334
99629
932
30362
89476
63838
33469
62380
51595
65448
61196
92477
32498
33843
71554
43217
98912
93753
24591
55275
40306
74526
20089
35744
73184
92287
59598
28475
87356
45962
15964
29467
19930
8847
81026
71689
88805
62423
72154
64561
64441
28202
55213
72817
28791
70667
75807
64136
77287
42244
24406
42017
73815
65177
7153
33310
83984
30519
86511
71923
95997
56030
51027
92176
97445
2212
25178
39048
36596
93389
53096
26052
52398
87589
50561
70132
76518
33975
60678
3986
29699
91755
19800
69155
57461
49348
21454
6813
3786
55319
76748
15248
56326
19774
87970
96237
96540
44366
10458
86608
31223
49291
58395
11965
47771
53249
1424
63235
80111
5119
44026
70463
14001
25702
15647
9211
47943
88928
97089
78948
21983
72458
73346
18031
60726
33351
63943
89442
10325
97308
3756
48074
49888
87123
34251
25805
30645
64923
40162
33985
47131
9523
63377
12989
25467
16975
84636
96229
97829
21439
84664
68659
92575
72298
13041
68265
3839
79004
12678
91868
97046
49953
88626
68661
31250
79693
53129
29645
23861
46906
82833
39508
68064
15071
5942
19686
30058
96451
14546
58663
56107
695
4440
80704
94097
53983
77793
91008
24190
12071
80288
82654
90598
64888
12707
70360
33907
71069
95994
95746
91661
31203
84902
1464
64032
55056
9614
40400
28038
59279
82925
38346
24415
5583
33150
66232
92855
47599
24099
83407
28152
49244
30596
47572
19635
42910
68377
7770
24400
5869
25826
50653
87349
58403
11255
32586
10982
82450
99201
44933
27120
34330
81137
86144
72065
52670
96512
96248
52327
79991
8772
21897
39055
37302
92811
88082
89033
62814
4942
30288
37272
34254
16468
53229
48819
7486
26051
5596
48107
17353
50437
72842
25067
46817
22199
98049
90360
65248
31018
98238
86900
20596
37478
8125
77741
19314
24759
66681
97023
31537
51892
40461
66212
87105
89769
68260
76148
56852
78988
82507
26635
27289
52009
97030
59464
86559
15005
48389
65522
85458
99222
9976
66263
43036
28962
18764
44639
79990
67139
66257
99457
59163
54860
95735
17177
63839
85909
91332
845
9634
95039
91172
55141
99394
29776
16325
43681
99929
59602
15131
3077
33667
81856
22748
3429
19415
58693
7617
82549
97034
43759
76937
60952
4393
75138
41417
40233
77793
66026
88774
94201
69337
35267
14839
78509
21449
34214
15873
68707
45529
34149
43400
97233
6134
70215
93251
11687
71142
15133
19802
85954
60593
10554
52562
21689
66556
8170
1948
40628
86015
91590
98157
71197
1545
9950
74113
56416
23834
25030
69851
10916
59334
68483
81495
26468
94852
63922
22889
39555
12497
10347
5979
53450
73109
81176
81237
69454
49795
44893
97206
54271
89063
82792
19796
15574
91407
4797
57977
62587
45221
51667
61834
76169
1193
68669
59688
71573
46798
31022
29224
74513
43944
58571
61860
95277
34437
79386
88557
47464
52708
61315
55726
51454
87273
91126
71340
50327
97963
31839
79043
63684
90941
20192
36560
93331
26305
18221
79070
18412
52750
77254
85163
4178
55760
53872
2415
48589
10480
97591
27343
28706
87514
26523
12379
36868
7100
62521
39097
36409
98373
32497
81855
97617
69312
96420
70115
39581
99640
59726
6032
23059
69835
96139
47018
80392
5427
29030
62665
32372
85309
42263
31316
89631
59452
33688
44233
14765
94732
26864
66869
46522
10140
16915
50892
69145
24685
74822
68269
35938
57207
14415
57746
28232
44970
17172
75462
9458
26726
91897
21798
13732
6888
17817
2777
90382
61773
90655
87795
10073
34820
76230
89839
87837
32918
23176
14532
82210
71183
53677
21259
13375
93569
46653
45340
86322
72358
37354
40569
38518
50596
37816
4129
27262
56212
94672
62022
8203
13994
88828
35577
97974
78236
10708
35921
83598
37966
82266
81984
86369
11620
82889
79745
58550
83931
39067
33760
99402
7179
54024
24975
60837
39372
89790
92171
30055
48374
50063
31430
74503
37468
93686
80792
63686
93909
36430
25610
38540
74538
18026
90229
84973
87933
21227
19349
10190
40350
5020
68819
71607
43272
77163
43380
9392
77951
15006
12538
22801
24494
95372
9640
53106
27792
27339
51942
90447
28030
64792
84791
18236
37276
89796
73867
98563
69248
66948
58169
87091
85523
72438
970
45935
46519
68216
64689
73479
44522
55757
67845
34598
73822
90508
65511
26261
56179
34031
6539
96427
96416
49136
89997
96738
73852
80753
26125
62459
19450
27597
33817
6141
11186
72857
82155
8816
11964
81060
11624
51878
60107
61075
84457
33703
97032
88859
22765
96448
71457
83561
34830
13184
15450
34658
15050
28809
45568
3467
29120
7070
71487
98836
3300
41778
97097
69339
39942
80240
44191
31789
60832
55966
63861
51786
94899
69602
2024
24116
91439
94306
88500
17273
28752
99524
42312
51257
27075
42680
77844
23455
99922
52547
5338
81536
39475
40258
80257
64118
3383
60664
44683
95493
14871
76047
88902
67476
40165
34565
76919
76770
69553
96007
12706
84233
9258
88578
28962
37365
47775
89318
37525
73342
79402
20167
76996
57926
21982
33303
61948
37611
80655
71010
87513
23428
63685
31275
19536
62231
30626
86534
38474
1559
6688
376
73142
90822
82384
51107
9128
55813
80137
6471
12658
20108
17554
38813
64440
28777
66627
63022
30214
97961
2421
27228
85096
60631
62257
52427
56317
55749
92425
12377
49665
5183
85143
25742
19714
94420
20087
65003
3917
80028
16756
7402
88881
23746
24374
60365
96688
22339
95157
3358
14875
47468
27551
65229
18249
24370
84347
28079
76468
64633
61161
11692
7377
41676
68566
985
41468
49347
95786
84388
68260
35309
59157
75756
88410
82056
15920
39071
55393
51344
31679
71878
91576
19352
66687
80834
61941
64021
68613
29493
20647
79167
46522
14834
66704
76064
36261
42941
50212
23177
56914
31426
37291
70500
35181
96279
85004
42295
19568
38040
78902
12421
8507
42901
97493
63556
90709
24469
88957
73545
54025
92010
73493
19145
90309
84838
33694
61486
45173
20911
55067
87891
56680
48839
89405
88478
54355
50408
19693
23813
15962
70022
70815
42076
45900
62756
63834
60424
34420
39683
30688
23667
5110
23366
54022
39406
49535
84483
5934
3011
28598
39499
37039
2341
24429
39322
16083
69142
97352
81196
95405
70178
46666
46361
4604
85816
72111
78222
69686
35051
79218
71391
95367
99193
10428
93424
70866
11748
94664
75552
52549
91619
79044
98930
23201
82680
3293
21997
34594
54794
30187
43110
46651
6693
48404
68779
10222
53203
68701
21256
55185
6452
21048
59504
90032
40113
7555
5576
16046
61635
39875
72515
72451
69410
82693
76840
1706
94721
7625
91978
61496
88461
59045
28738
57586
8774
58614
93956
55706
46743
94872
33783
170
78012
22921
16994
68058
19224
64512
81084
2525
21764
65224
90392
64816
81246
45564
58433
84176
72366
59993
55076
78408
78603
60673
72497
16898
75615
48412
30567
89298
72559
92003
88445
6083
41007
54249
34579
219
45388
41471
5993
30632
47859
22351
27501
52998
61470
50803
2443
25730
20372
75093
58944
36031
8493
23478
43719
47932
93755
78094
33932
86886
24054
88162
24556
81818
68959
38442
49285
36208
67248
17331
79164
8643
87488
67916
19408
68311
82549
11619
11905
49689
9933
55350
23382
9536
88549
79522
99058
76987
29044
50868
97225
77546
96124
42267
99640
70284
46506
91988
61376
11166
90451
92023
41696
20517
32851
13445
81955
84089
49981
37312
57980
98915
70238
77409
46544
27834
76841
5952
19159
53290
87859
33111
17218
92013
56588
80525
16684
49417
80074
19856
21353
7937
4022
11184
36763
851
5547
22062
52438
83810
61706
67302
18564
82679
95821
15873
1057
15807
54380
9475
16652
37262
24176
88190
96413
92476
13917
43009
35296
79623
23603
98327
5415
24793
31497
12239
39963
31813
4721
8302
5673
39784
67578
49628
1288
57490
92202
15269
33645
1354
61228
96732
68170
53344
65980
19085
94325
90527
65159
87250
6646
6666
63264
74815
41727
90640
18905
19875
24216
8917
11342
64252
38964
26187
81265
66321
14864
80001
71609
29113
11097
13790
52286
59398
49532
24175
95443
92465
23167
95965
80562
89094
78059
50523
15563
78026
32317
88862
35247
84239
87756
25366
75710
52558
95944
81910
73865
86234
68427
83989
62133
90232
91813
94728
42514
67817
69850
1776
78461
34117
51734
56570
56108
21773
86488
31838
6558
99494
8917
81083
37251
27910
10106
4673
20974
13315
91637
65282
38490
13169
16532
57391
4995
80524
58539
53599
66269
73946
36833
76437
46460
82990
82019
52380
61553
2974
89000
94239
82507
47403
87111
22255
56451
44940
16462
8843
53194
48906
90889
99374
24442
96941
49487
31361
84057
54422
70490
8420
39689
59918
84016
57695
53637
87300
74187
31347
18522
846
54579
88161
52159
91538
64180
42289
53686
80493
56571
2990
24204
89915
17906
7973
69046
88047
43407
32264
78568
86339
72764
90889
16353
46873
74855
48391
6668
46367
10681
52345
4713
45799
96432
1097
24071
65797
4227
71137
81624
48780
31547
94082
78664
32421
85884
8826
95345
98328
26907
87925
3705
25907
60793
92567
26735
2737
21139
68770
17291
13712
13628
58640
10413
79081
32744
477
58080
92621
39111
43635
34655
19492
55407
36275
33550
45246
56149
99095
50579
97658
12296
38324
8032
32899
84364
56115
21126
71631
63069
61474
53957
50724
63824
47510
87673
85241
89717
77702
83807
24522
47930
67867
22312
52045
87227
3070
66994
18870
51341
11643
70838
87263
25761
34942
84594
2029
36231
21839
32729
15946
68210
24067
6255
43753
71983
74426
76891
77629
39791
83385
84340
12325
34107
14536
63105
23960
51731
68062
4282
19064
75254
97925
75391
36082
62182
41661
52652
43960
75359
49447
33631
57491
4072
1664
19610
36349
22286
36739
60938
44576
64496
71626
50334
64816
3692
83491
90825
70011
64523
28514
38697
73191
45045
29455
23920
45138
1611
97520
58542
54311
94806
53583
71426
94305
33268
3078
11258
89360
92349
69707
36015
87051
17780
8602
58466
26358
62711
42761
10948
91157
15878
17043
71984
76265
85122
86762
90268
35079
13464
87160
505
19776
32946
20494
39391
70841
91096
10450
17870
54535
37167
59546
65886
19324
67438
22345
64047
94041
69855
58853
82420
52075
3066
12790
81123
34625
30126
16085
85662
45338
70188
32252
13618
39845
25948
17190
87296
8104
22786
11069
35824
17429
97138
5091
7009
11553
66602
12129
69678
4647
70965
39675
46749
60126
40266
31410
78659
93311
69954
1576
35025
68069
10116
43832
6098
88260
74478
93299
43928
16126
70311
93045
37738
70172
29953
18138
94345
60240
30651
989
52637
82824
80170
94758
86949
97022
34658
54651
26485
59302
93378
46326
35654
17401
27837
27408
92638
42999
28616
74881
24269
7786
32346
7678
66483
57627
93213
65385
53036
87566
3068
43806
80853
10312
65633
87060
12307
44282
7576
4992
55006
80663
72383
54786
22143
80261
35358
39526
33809
53717
53156
94072
7414
19292
68835
74941
89813
53812
63119
1455
19110
89910
31819
19251
81824
76621
3859
90893
15639
95610
41654
16649
48560
28659
82924
88579
49634
28840
14067
67743
49339
9134
51061
37325
45659
64145
26915
90828
22316
39310
30871
63922
54223
96845
77415
13616
84713
69300
81556
77965
54072
25212
80577
93745
98693
58233
12867
89190
42165
31720
66323
23227
55549
11054
3617
83434
38201
32112
44048
89974
40880
43623
9048
36577
46783
43408
98665
45978
7088
73404
95577
26130
59177
44544
7548
50330
1493
59350
46056
14399
46550
53102
3154
32824
83951
24356
38660
28457
68183
33509
31841
28084
69061
38101
42223
29187
63319
70987
16719
84479
81215
70415
41666
4366
50225
12965
1966
21524
43733
1028
23361
98965
34331
913
96123
29551
84333
38512
87746
17097
24052
66104
15496
70783
40025
44866
29918
41249
89172
64380
31970
24987
67741
37518
31164
35440
60613
74995
46781
62598
26410
22441
10225
23354
3355
79119
13820
28458
5245
99
11616
87476
42657
93351
87473
8604
15283
47857
78975
97882
26615
42092
21486
60932
68661
7885
17106
78729
67853
90565
37588
43530
54288
78190
82932
95542
87313
82973
49739
11283
95380
31317
35124
23192
4160
42018
50347
75548
41696
25952
68869
17486
25988
5826
19137
1151
69495
86185
89825
32543
74687
58609
25538
77421
43668
78269
24197
87280
78525
37686
96851
34319
87462
59305
49457
91971
85883
84946
72570
74585
99843
20879
48765
8802
66653
43225
30650
14170
86964
5158
38291
35682
64302
37888
54410
9260
22555
55049
65181
40292
21561
94329
740
46487
38757
37727
33030
40769
63346
87615
68591
80797
16048
60554
57620
41313
14231
40308
45449
70965
83574
49705
64614
88371
71683
99028
33013
41492
88845
65499
82376
46174
55589
33252
66778
56147
30308
14398
29795
34161
24203
55261
52910
79825
3622
9393
76567
47430
70970
79644
9894
97152
48777
950
16583
4413
68124
14189
32006
48296
68759
49217
54233
48555
91775
9349
67100
15296
19587
97836
95110
67632
81666
3651
1503
30778
22454
51314
73159
21112
32424
29771
58445
3617
39500
88291
50308
79681
48964
52057
9453
54876
16566
79847
31240
41284
89658
39661
76819
43587
63581
88624
28324
4323
54503
91097
30575
86331
4289
7059
6612
11805
79260
76169
91595
40729
61458
34860
99754
74738
99694
49998
75900
62557
82594
60253
19559
82426
81907
79253
56883
64235
16534
51401
22364
86102
19243
21329
67097
68451
74109
9440
32561
84021
11312
26160
68323
88774
53708
99377
73738
67242
85242
51385
83860
97954
12860
56940
73197
37266
35623
91693
30419
72665
84292
13560
25672
24786
31771
96917
57015
51210
87233
5262
38257
91956
64834
47616
21702
45535
37246
33399
97522
79823
43410
43388
8199
32342
36972
55430
30319
34623
94991
47542
65325
90246
13202
30439
98028
22383
63890
38196
86529
29646
63510
53742
14875
11338
22643
77027
49305
49177
81509
43552
11287
99082
99877
67620
22407
1790
40983
62980
62457
82026
4560
53431
61231
98768
12594
5058
46945
9723
92310
60581
37475
89449
28086
96991
1384
96577
67805
95284
56503
76526
53501
91076
96332
65778
54372
62293
99424
7662
12982
36585
66015
5445
43579
6097
97140
66399
36239
1487
90875
86239
48776
96460
48751
13951
83577
71409
43314
61250
79732
23800
82463
33279
23607
92223
56491
75903
15957
93985
22773
7841
7468
53022
58924
79800
56701
29366
42902
82229
55456
83767
66419
85774
36595
18855
47663
21801
25752
65830
44163
3140
51239
26835
42472
28293
5171
5686
760
86833
86829
24175
31553
9945
11488
30220
13127
73147
1253
17335
59484
74112
77526
38206
1446
74784
60344
66961
36301
44291
11745
57742
28915
16793
11961
56739
39711
98474
49041
19229
36486
90327
18359
43856
66967
79147
95192
39732
50662
10832
80579
44563
74569
57082
40250
66615
1273
39518
49095
14098
40155
94972
16543
66485
34536
36723
7138
44353
88374
76444
77394
356
88378
4962
88874
74080
50378
8300
31503
19631
61777
13970
59914
71308
93021
18742
78364
20996
47454
16623
8940
86679
42917
2564
49941
44180
17072
71485
89762
72903
58291
27823
34239
54729
37870
97048
54489
25024
60356
72811
75566
38137
93822
40781
95231
16782
81443
33952
74274
82323
21219
63641
52708
15628
76852
12168
39991
20890
55030
31432
79837
99971
70822
64178
43329
67100
8475
95734
65580
93519
14842
916
55858
94107
77043
44143
19242
42818
55869
81210
94708
30406
49577
56793
87589
74955
79945
9876
25484
48032
43018
10968
48645
88886
36954
60144
4115
43466
20958
19965
16892
22898
82626
11747
47834
41168
24645
46101
27947
53987
72960
60442
21228
28763
19683
65343
28331
71839
60722
87594
70588
54736
98747
4210
33694
24294
63644
82493
20754
58761
3950
9924
93418
26894
40927
71254
91634
94962
28744
26397
59710
12603
49251
97314
89937
59601
23514
75200
79941
6426
51995
2970
80752
40169
99074
79723
62776
68132
51303
44886
29180
59139
95715
49571
76733
72616
70412
14686
10701
72340
42555
4456
96588
21858
39159
53665
47197
54532
42549
44508
91100
10309
97237
38979
8225
27133
37122
23546
37659
33560
97270
75016
77513
88247
90925
90292
7108
34752
98148
43095
99514
28511
91422
57293
46502
9978
72240
26441
59365
97279
11675
36473
47243
35340
69074
5538
36092
85547
66807
67225
97606
21613
21241
70485
82132
12430
88216
33692
50927
91006
88055
10638
76014
48265
87181
90431
53295
39135
72830
96551
15026
70539
82129
69365
46765
52276
77718
99612
85184
69615
34617
1273
87201
91213
64923
5532
69473
36280
76689
55030
69258
42529
34209
68927
93128
55189
8804
87493
73672
71166
54724
90109
97152
82120
54147
11380
7672
87309
86973
49312
8048
31761
62066
23951
88568
39838
52547
32342
58720
64372
14935
57325
71268
55389
37925
66288
40165
59859
75134
61230
5947
60046
10323
53248
30168
26406
59457
37150
99276
77864
32886
76485
60860
66391
7650
51284
57759
33891
26790
38900
19402
52851
23480
83221
8962
56019
52213
41238
23835
17717
57810
92438
41437
89463
88941
71462
15882
61184
13950
57425
46625
8263
47396
17415
38094
61471
45483
72231
19529
57553
89807
84894
3428
69002
56786
20444
1768
51869
18010
89039
72366
81224
35994
82311
75363
64258
23121
88868
51582
48211
51673
8243
46514
48083
73404
60207
34750
7889
20472
707
76481
20477
60494
35179
3042
2248
63277
20008
34259
8310
94169
96385
87271
55492
78604
2332
36249
2836
30295
25163
20515
52238
9515
83710
20719
46611
47345
37935
58867
67981
42572
94368
4357
99790
55969
21723
10074
43121
78096
72164
84363
94814
16807
19770
2788
43050
4461
61500
40328
14101
80570
89715
3222
60266
55874
63542
6104
82130
63959
82305
9963
45386
25633
59455
98236
82083
53702
9724
34038
84408
68470
97811
29767
14030
80868
124
4908
27419
33519
79373
27173
69621
80927
47226
79873
38213
15192
17285
58652
42445
92971
11302
8260
20039
39587
48271
25281
34288
58385
22682
19449
21445
87115
69564
69916
10012
77013
3012
21503
82399
65162
33641
56019
12164
64414
9143
86550
45745
89385
39127
5741
31922
82230
48556
23000
77655
46405
40902
52397
48997
10445
66227
40884
62998
94954
50650
31467
2654
99587
91582
5271
55989
75856
6000
39971
23007
25453
3731
59003
85832
41414
9402
48973
51091
76545
37102
63018
83572
12249
10507
62131
35717
76291
8179
83515
71439
82558
77972
11476
14054
56331
24214
10713
78067
32610
59580
85559
73498
85013
39146
80193
4407
70485
76419
516
10260
71163
81854
14985
75917
47600
20592
43694
45945
99946
51560
74483
60953
99898
77603
88522
85277
10421
27169
15173
70584
73831
64191
16337
54061
7486
98696
84394
81090
2206
93001
28562
77726
63520
31316
5104
80980
46694
26541
56446
73785
21479
34318
43804
63292
36381
71097
29597
2068
58653
71452
34924
54165
80397
95983
18586
55948
39206
86395
74272
18944
12467
73631
37890
54143
51931
49581
73332
59962
92135
84324
65068
12518
16013
74317
75677
69475
1776
47955
84345
30217
58084
14447
1807
15648
46001
70418
67451
55904
3329
78377
37572
28119
52449
44069
57194
29782
4978
41624
88239
77351
4434
24088
92654
24560
61243
87562
46567
97357
59027
35326
46343
30498
8903
53822
1606
13969
87584
58380
62107
50550
7391
55644
50535
68216
91115
39503
48591
21440
78266
37062
59391
28768
36678
49316
79535
71915
76011
69261
56561
76240
37026
26546
6636
23524
69833
28679
38045
38162
45507
57657
59617
23674
53038
61032
80022
85130
1235
56251
37463
66223
1691
8831
19774
14294
79664
47528
32997
83103
54724
28768
33917
40398
7907
88698
14802
43451
99351
65402
89130
15723
10353
20317
43608
5425
16020
99881
10781
55315
90477
26403
14003
11814
23169
3846
31966
48340
60538
83329
41189
30220
44909
52201
82727
49204
58945
65476
34481
5639
27402
75857
26047
26108
26372
93985
16764
98825
28160
20867
39463
24219
69287
97780
69912
15686
76283
15886
56362
87587
69242
34353
63817
40079
80412
93874
85470
47587
82972
17830
65499
43938
63927
36051
72003
48995
8883
30939
2444
21466
80549
24162
21558
6926
90139
29086
25125
19886
1793
46363
67905
56518
74063
6629
7047
64024
15320
89413
1015
27855
87913
66951
32168
36434
70938
98427
64501
32276
73796
53162
75550
6094
57204
52355
69207
82457
7530
67566
40526
42818
52851
24616
44725
9789
22176
75407
34605
31501
61743
45093
60738
91214
92197
25383
42471
25857
64859
57540
10648
42707
310
69017
11740
89687
46875
79943
71064
8046
45163
20797
93309
33730
64583
45073
54042
72498
73667
13818
75249
52428
41297
68935
47011
19521
69689
67604
66796
58996
10253
84235
17052
47794
76097
55278
98334
45671
33464
53571
9827
89746
69677
8537
92949
70620
87158
48581
62040
51182
829
18447
44178
61982
47546
53123
22041
20988
44346
50659
17947
76362
88816
21934
99423
26081
97079
53982
41904
17663
75215
73487
74515
83644
93560
23208
50781
59102
8408
22824
30924
33373
11213
62915
26812
5194
97835
36598
63515
18168
73253
95633
85810
13332
84887
85852
88098
29098
8175
87211
12465
367
44665
62072
10866
54016
66625
98331
57089
34201
77554
38339
27164
45923
75774
23209
64901
5275
66320
87821
52532
9919
11650
90347
75493
36453
15454
5871
5656
7524
43966
17409
23292
51041
74708
86655
20236
93971
76361
81044
87778
76357
86722
19657
40778
68956
43489
83340
56179
68622
6279
13640
88533
70686
48158
33787
7281
39082
7410
15336
93913
23167
37360
20805
94449
49166
91292
48716
80476
467
29508
68015
15800
53400
76010
31709
7977
38561
7259
1678
56485
40044
20263
11375
45247
34778
48627
54722
39049
24487
79414
1328
7905
25880
64913
60403
77345
51997
46831
25330
47692
80248
84347
38762
162
87903
45094
91771
16859
66255
49873
21728
34083
36813
4131
62919
72266
93653
79903
62505
42590
5895
28614
51126
69229
45556
35684
30496
13333
50309
46150
5379
53466
44616
50161
86192
61896
90296
93243
46824
46975
63680
65998
65783
41141
57450
50658
74920
24282
80762
14822
98849
81581
93252
18256
99018
65404
20438
13481
60212
44386
53498
45201
84601
34984
28395
12415
8451
77301
36975
43409
49714
80001
10806
6440
69564
85757
36358
39392
79052
64262
44472
81483
2155
67560
44292
63635
60415
23719
78479
71374
47186
85096
74569
41228
15854
88400
75956
39295
83835
54672
77479
97719
83644
37232
88574
93193
61338
23418
76427
35820
7844
14526
22549
74838
57423
82608
36566
43550
79089
42650
41937
58769
26382
29119
30294
25053
57015
4440
28882
7161
95726
75925
72850
89703
10954
13301
66541
68273
87301
15919
80699
68955
27165
84174
32025
73494
26750
20807
5824
21465
92954
79865
95924
38013
10222
17135
30316
24885
55840
47233
38310
43851
83998
81399
91993
56604
22171
87964
30675
35444
70563
65691
50572
41870
53961
52215
7587
22949
8771
377
73222
15323
29524
67775
69213
23685
88573
72673
4524
84592
53302
22522
9395
67318
73422
57594
82791
89217
17651
77423
4402
46461
39471
11116
60311
98421
95695
15966
81871
12741
85315
3308
40876
74810
41081
83585
57019
92808
87699
66533
94391
77086
55303
85746
86139
47045
19803
99675
61330
15916
84887
46667
22773
51198
29694
46564
23201
94464
82205
78494
99156
70509
55415
54771
8994
9101
89503
31953
13852
83416
12878
92922
13574
49752
63946
97341
296
60175
30343
13122
65284
30597
77191
36747
41223
98395
87689
66463
4641
88208
68670
56090
6764
58397
82704
29106
50385
88651
84512
73620
24141
56816
87223
68376
4564
94597
61229
9920
8496
26430
17913
37670
2781
92071
30846
86233
86632
69686
41179
96691
98592
94384
64489
2803
56443
98390
27504
20462
38462
67237
50279
1961
54905
1117
17585
35136
96451
76933
30000
81256
12480
28704
6476
75639
3380
94989
43275
50030
14781
64206
39897
33631
36646
67902
8696
79738
74424
14934
63511
84218
20869
56540
12185
55113
6921
21972
23208
44694
1465
96618
86620
74292
62856
32344
10079
82462
31713
13992
85911
64514
33547
77009
55137
62256
992
39124
18654
17832
75117
1489
9985
46516
30066
37422
65640
39892
95665
56474
77171
9118
48403
4422
6285
59924
48305
5612
84460
61695
88921
24868
33977
84878
43399
98533
96851
17645
46537
38859
45196
76454
18287
2634
60922
62786
7842
61408
39463
41637
25553
65125
18103
39604
67963
84906
70532
26869
87937
34299
63143
20905
75073
38152
64550
34472
72783
92915
92578
79880
29592
70829
10507
71049
6401
46025
62740
75924
51518
39593
82084
3705
65139
25382
91178
42730
22310
15516
74563
37789
86835
93974
27690
20402
87197
85208
80643
90065
10640
88602
74904
12251
66234
60588
20264
51608
8667
69276
36944
52712
18817
78634
12567
33378
82463
26433
91889
20199
80478
45908
95997
67772
86035
57902
31085
42919
38484
23036
15991
89879
37110
98470
75418
18356
90433
91651
86900
22847
86272
13014
96473
58024
4796
70711
31709
62855
76530
68289
39449
92543
23665
8763
72384
43047
39021
52848
64968
41657
37502
67335
28953
43341
88083
74206
14887
19439
91402
67349
84870
94867
3151
75923
38599
42688
26760
41011
79614
815
77771
57486
12722
26640
67108
22456
8620
93838
82801
94741
12775
77995
87659
18448
81857
55926
95435
50565
16503
27113
59508
60089
10824
1629
77181
40931
89517
63008
17500
95879
67395
58188
83476
13720
28622
44056
59388
90746
6601
29634
89323
31201
28680
75641
93364
19561
30563
63686
41682
2775
51388
85737
46343
64772
20227
5722
93083
67492
12855
38506
24052
42647
6284
19348
67734
33462
25908
26260
81492
98064
38840
92490
25895
10473
85133
318
96399
79180
83894
29426
12232
14289
16681
10874
18183
97377
60250
14154
11831
13386
18644
33954
54293
49005
4155
84239
12870
54775
24612
27047
49179
3659
59118
37583
42489
44961
63342
6737
80025
47292
97044
2958
62491
89923
2818
74875
42572
63935
16303
7684
76277
61745
25098
30128
13381
73644
32028
63919
64625
6659
22907
92628
99862
88030
92697
53070
73679
30423
43751
74621
69801
49759
56778
24902
39510
27569
61693
82581
16780
45063
20186
57929
73356
96823
67280
13271
53439
98884
58619
69824
40747
18478
70723
40864
44603
28770
84070
42322
6479
68337
76429
6498
80048
24305
4179
25513
44449
71822
4259
90482
50
94644
86443
90644
63949
40111
93684
64546
13750
91285
46997
95859
65722
64377
13084
54775
36843
39629
53981
37514
25373
20015
77491
25221
6636
19921
40968
63703
21686
70967
34026
67943
7187
50641
58433
559
72092
54318
64800
7234
42580
34538
66477
29761
70264
95156
87724
46341
91214
12086
53766
56974
47315
2429
67112
84679
23902
44902
85984
98072
66466
2015
55532
34426
87079
28413
89684
58889
35157
88685
89166
3270
67956
74445
60726
46357
44351
33331
83215
24921
92811
14900
70425
73656
3199
82336
28544
20980
95329
25929
28639
58970
7122
26427
7711
32392
48501
8383
6745
22163
84695
7607
3806
43361
69332
1043
93957
55141
73812
95705
26622
29440
55663
22611
32676
98492
48005
29956
2302
74769
53471
47959
23105
25079
47182
22277
41993
96626
66991
81258
75808
55792
13945
61655
54672
15046
57430
82650
26465
73590
52183
39456
67971
63314
50971
22170
19420
39337
99880
91121
70174
24877
45804
48568
47900
62423
11523
88640
94940
5987
79091
40326
51125
47355
23297
7314
68654
40867
40398
11416
91840
12139
69118
89329
11406
73955
76260
65970
27528
19809
16868
12908
46467
40041
26679
91686
93178
35860
73927
80932
31749
97352
50629
5243
94597
5293
4268
55563
14168
11898
23596
72381
26136
50925
98474
95289
99868
74313
52203
14449
4417
23652
68661
39539
88553
71091
25480
81124
1492
7139
15197
72016
84996
164
19872
49273
64971
78698
54571
84263
44502
17794
70881
97077
62451
67295
59947
21293
98784
53947
10546
39137
29483
60940
12127
34063
18792
44938
694
21905
63179
55919
63693
44586
37896
81676
61260
14928
26009
71235
83331
65154
63373
93003
30375
95884
32876
87811
61796
78887
30585
50057
33478
5930
52283
74481
12419
92401
95868
43560
37853
83004
56537
37499
89766
74945
52957
37708
76580
75039
58665
94436
47190
98700
24211
65874
65874
63307
25521
29362
54017
14379
8314
64950
89281
61821
55043
44764
60528
78134
82174
3185
19367
59078
99665
70037
2334
90840
23151
2000
35710
94619
24581
13386
14124
38655
34412
52643
53074
19344
14593
97338
29367
99502
97524
84040
42512
77466
392
18141
29092
18343
89786
50035
36749
51811
61446
70725
19963
38947
38289
99256
38701
57657
92828
18359
58046
62398
43769
50211
15192
76725
3782
92585
53255
83053
61496
97123
7962
71555
67316
37157
5781
34025
3188
9956
18225
67399
48847
84921
5308
90074
49598
32052
94190
26625
5990
31786
12616
35998
82872
40630
48428
20546
62400
84732
19695
24847
39377
54339
4770
15914
8611
95087
89270
76499
91087
99479
11802
16481
92519
85264
45049
98005
52170
90012
91318
92853
38809
43915
65955
6548
81296
6079
11990
68889
30990
37985
98055
48895
33342
34475
37097
30563
94771
78486
70651
40451
7957
49573
90217
21391
66981
14917
10055
35172
65728
36848
3956
4512
25712
70551
34200
66428
18623
34278
63846
33711
5320
7898
88438
41275
87196
65613
32611
36742
14347
32829
76269
93450
65176
51774
27005
16994
2892
64208
12236
23014
52471
14234
12806
55579
96636
51002
25835
9617
93817
9134
97954
94398
75812
33845
81743
42549
853
99813
10513
9831
70622
51216
83395
18882
25731
36091
90847
46298
15674
80724
53809
86715
87044
22914
57983
96296
81230
58303
4570
15950
85137
62338
28634
17877
31217
56665
42703
32529
83978
98346
76050
20715
43092
12857
54533
96181
1194
33252
52956
93196
41064
56717
98935
91822
88457
89417
50713
9071
61420
83015
83208
84836
24026
54446
17376
76209
63713
14992
47785
22469
39297
97668
39649
44161
40885
41894
48232
98783
74159
4863
72006
67865
79046
93116
437
15974
10783
6244
97921
97232
22654
90977
94872
13494
68789
59183
61674
38428
7110
82681
13555
79273
71982
77282
57126
23759
27446
88704
13329
81438
39845
87482
78238
12239
74122
57942
77773
19942
60670
17005
26493
24817
78800
68625
32053
94317
6938
11274
56609
37119
2850
75766
457
84633
52544
86541
90639
5352
9298
69949
52455
70074
48599
13085
37414
96383
23537
20722
73120
14563
343
30433
66554
4675
79619
84004
56573
3189
89208
65816
6117
59626
2861
84441
81356
2051
54683
6063
53560
18239
96788
29210
51359
2144
64390
21597
96320
56316
35546
3443
99680
44652
16813
69816
12408
66919
56670
65883
93283
99127
74849
34376
20927
79984
52831
3394
71091
40053
7521
2252
90577
78304
35656
53591
48760
66793
20841
70815
90696
66257
39182
77758
2822
17194
28087
65058
53248
73610
50011
79029
71241
68942
49258
43518
35621
42844
51686
78563
78072
80657
31392
4074
64319
4440
72210
87703
59920
43990
84887
4271
92608
10935
46372
7041
47175
78016
39157
87352
54614
47943
91469
39774
71155
82331
62104
32809
79300
89786
50644
93860
55369
46839
82168
87987
68555
10781
5684
25443
70055
53746
79561
96743
4134
57196
13667
84284
14270
46924
70430
65320
82236
97991
70191
35561
17156
68906
86805
94262
70132
16079
63772
47054
69758
22599
50326
83951
96713
25422
55677
154
51240
75581
54781
22148
91434
11915
9445
32275
49294
80490
3385
27643
64180
93094
49052
72444
71337
2964
73274
67967
10963
17510
97317
21137
91987
99634
66152
84003
8053
43721
95938
18264
26753
35972
97499
12547
9605
69039
91243
88365
11130
60633
79421
46
63717
72997
73285
76354
73816
37005
66103
53240
88917
6401
43128
50880
3430
73188
50079
38200
14171
49334
86462
63689
25054
1726
47811
50528
57826
89198
27557
69103
52231
64821
40282
97270
79844
88551
83947
74020
56140
34038
90528
31225
78408
81619
7391
91583
87004
47150
62
6317
8695
49262
68160
87339
6132
6944
67980
58758
91063
5905
79026
63478
85999
19021
51192
5883
88617
16276
48174
75970
26010
24882
58693
76465
77436
25359
40379
23409
33512
97499
39435
50752
27388
9863
7921
71773
19516
44698
83825
84537
45773
90662
74666
52870
87291
90994
61969
5508
18145
32091
15107
65224
97020
44345
3183
69913
97169
89703
46832
1039
97952
76260
51806
7531
35757
374
42427
76894
66450
94417
45512
27571
83049
84140
34157
7638
98449
51654
62813
79693
83492
12551
74903
41458
58292
1702
56883
18035
95986
24172
96197
39112
59315
57889
56338
46611
88899
36453
77347
52943
70837
22581
35488
9632
23154
50952
84368
42054
40257
62992
1813
13169
26664
1790
87368
60800
5071
89409
57469
68427
4056
38750
85829
1561
28793
75552
98506
89049
81784
20674
51582
10187
40190
10196
58030
12992
3035
84835
72491
72103
19046
51601
56865
11197
57941
65657
37336
49970
93800
85632
22643
17971
27656
12621
77396
86741
85134
40502
63118
42880
38972
21509
30882
75293
58845
75642
96064
95997
79041
18679
52697
72455
31795
54209
63802
88520
7052
12239
71354
29691
75339
33843
77924
97790
76399
27818
9109
75107
8436
8287
6672
24116
94944
51529
90900
51570
18623
59552
88549
90836
82724
93274
37290
98579
76307
60291
67895
51321
5881
63228
71447
44703
96418
14660
84572
12204
75327
81492
13130
67413
51510
62358
64512
34895
66933
39628
89035
15515
59455
87557
17736
5121
70471
19037
44261
39826
71736
49746
39329
26883
88881
69746
43410
9464
36105
85643
9280
3368
32189
72098
80436
40104
37120
48188
79862
97740
48528
1086
8421
15404
25242
99784
9081
28990
79237
1175
72433
80247
14303
35522
75240
35795
9461
26598
18539
25107
41187
88470
2513
24455
22611
5900
56206
49868
51936
47693
25686
25755
29554
53471
2189
11335
13825
37872
60548
31575
37070
331
39081
17570
57514
16878
43568
52407
78605
99862
21805
60684
50695
67209
36620
46070
56988
60100
26309
76475
29508
24526
29708
72476
37410
34684
8399
41942
44411
25146
83497
59639
61794
50642
94180
61663
52439
43972
83436
52148
55875
8201
62730
48651
62841
40016
4919
40611
95308
59747
13156
7209
69981
28519
83270
51991
31415
16282
83553
90546
91809
98341
72559
66095
44176
82151
84227
48240
41124
12750
7658
67345
19327
71936
68147
84148
68975
63888
37387
47754
69376
3262
86126
10403
88131
10139
75876
53713
10733
69405
2879
88168
73629
44692
28050
89489
44785
90994
65382
19130
14051
20073
29361
25533
37044
57458
84135
9780
25432
38055
58420
86356
77898
43073
89462
22647
99321
67284
14072
57685
73506
30814
36733
55237
95324
40252
56511
7623
99024
69771
12477