6594
4044
61050
64726
76207
36114
81854
88084
96198
54071
46091
37189
78825
25494
34197
38152
67865
85789
84630
40264
61108
2773
93785
57543
94795
91555
4691
92664
86564
93632
39339
70000
43185
59025
9140
66966
11463
5085
37280
72297
61546
29590
33495
49648
30750
8360
77590
54636
93073
60542
37835
50884
91908
4312
22919
63029
53077
84114
28270
2852
16018
9994
33798
22496
68987
33982
99223
39517
88875
58378
30754
19304
30148
28682
84661
70719
75615
50432
56214
22550
88376
44939
10082
71353
6501
93101
45985
58556
20006
13741
59450
58041
74229
32197
39282
74573
47953
69181
54130
18084
70577
54807
9184
88650
70617
31035
8471
47939
27227
66794
47605
33809
52563
4145
47590
87752
61676
63429
91548
75373
87384
58691
51878
22230
57768
95693
89543
24133
54583
30733
17671
63566
87110
30415
42531
31275
4196
92220
73751
46816
97936
45129
64174
2658
64065
61653
8424
80439
27481
91616
88235
84392
40222
9089
11246
83840
40364
44419
20972
74318
2505
3316
28918
84043
13428
93608
49660
6995
26519
14120
49927
91018
30288
39000
58651
79287
35937
89907
21408
77916
61378
2760
59290
44927
88712
31031
64044
28562
9114
40086
30342
71449
94687
92478
73266
94101
46043
53659
70601
31742
89647
13516
62761
85728
22197
42886
47132
84507
17192
5254
82388
88481
68301
63092
54569
56414
65160
2059
53779
75847
78597
74292
1228
82545
53222
77788
2128
31531
15881
5748
8576
71955
8444
13290
64949
29351
45626
46876
67484
82438
95094
86808
18565
88445
57318
56908
16466
75649
2101
89284
55177
47668
60397
79426
52140
23047
21233
83620
16099
78258
19673
7596
54503
82731
55945
1611
30391
53030
47024
64605
93971
97392
61487
90710
90948
22491
31684
27261
26453
73876
81239
64474
27999
23705
59281
87529
67452
30713
45240
31373
60517
35019
36047
13477
79715
79866
51563
72976
93527
73953
94324
18918
26310
48275
93668
96940
9660
11322
87727
13573
58490
19829
7676
63418
46545
33373
31282
41053
98261
17627
52997
63027
35421
39428
53627
918
88566
41698
79944
51108
48266
54762
96013
76690
91119
96896
36801
74762
34449
30476
86269
55732
61623
81721
78787
13103
1823
53174
64378
54015
51696
2880
5278
30364
44129
94408
64807
60598
50921
19547
65642
63297
88630
79645
5812
42218
55493
10656
21508
82440
4541
92466
79746
21959
31846
99937
6651
70742
47917
2013
67936
78582
31690
63481
66060
15735
75244
42971
62239
73689
35592
81020
3225
22890
28811
49087
65689
13869
12174
13794
18223
49919
38625
15157
38147
79490
29695
76408
80467
49039
4214
51945
4173
85063
73830
78815
4913
25210
30059
28902
37267
50884
50834
36629
99592
30754
39716
72852
6160
85744
19323
29490
97596
78357
72857
96017
66559
36412
13577
11062
11161
16123
98994
54404
41179
90228
9782
42658
96149
89678
73511
92449
53922
34672
91189
61548
85752
28190
76967
19299
38155
44544
58921
8923
26440
23356
84586
1653
34251
20871
62172
49967
49010
30163
43563
6995
22285
88409
15526
85824
5157
11083
221
58017
1567
40733
34761
1662
80853
59059
78453
86182
25512
64606
60097
80745
26917
1140
78561
17331
24340
60762
5482
87497
14475
16082
70074
82278
30243
39479
94220
19015
12767
82303
30723
19496
39054
48613
97223
66911
30012
66043
43995
2748
7059
19120
15828
34597
99483
37861
20405
86212
25088
87571
56499
85621
65066
76842
77564
92304
60357
30775
78857
96021
21371
79150
15488
64854
98359
46741
39092
95270
90502
76163
17179
68469
14313
6402
88455
49169
87371
35854
71575
90583
1412
7804
66951
44352
72411
97465
15967
84854
2316
6927
33559
41564
85187
82050
5104
33784
81210
33873
45458
81304
57609
30871
59404
59660
12199
19073
28106
28038
62068
54621
73488
49284
13012
13993
11193
80395
9220
35496
51332
24147
55612
77596
55779
64712
75458
55363
86507
37440
94695
13132
65041
74649
84101
98290
60583
72783
3517
21410
62624
27585
83826
65711
1838
29037
11675
86874
27805
26363
23557
37871
76302
33864
18933
10017
39802
36529
83272
28108
5656
71551
62831
55776
71523
56955
2314
12632
47820
42584
19255
56254
19104
37096
74111
56799
81184
51910
62590
25331
86493
21556
44723
27127
98581
34192
54274
12564
90972
13998
61251
72519
53738
47388
92814
9049
37839
70671
57919
69876
55698
73322
46601
83080
10143
74307
96678
13291
43514
7480
23420
94699
20591
41289
20939
54750
75636
49843
25794
3644
99584
7347
4671
75145
26015
60109
24225
29039
12367
80191
46269
85382
32400
88110
99805
45380
75164
87995
2842
1868
40394
80232
15624
74995
71152
5787
90515
67896
96747
40096
33699
61065
72871
95879
69939
65763
82283
65365
39170
80916
47276
18305
52708
37491
9609
59479
15111
52321
57018
47086
26713
52909
70859
48816
70921
55064
93834
54139
83172
87378
76503
79626
62488
86568
92053
90726
28197
91397
4367
56183
34799
36369
74998
28188
92908
86969
32409
87082
81224
3754
82552
80709
48359
63844
45925
54522
43363
20016
28408
89841
60928
40597
40242
21140
65330
28229
88903
54027
54506
28794
24410
49564
84193
54790
29386
36149
49818
83554
76951
67820
43283
34179
93898
79997
2026
99142
31734
81177
37714
41035
92585
26655
61040
6440
9721
46179
95429
54394
58183
51279
18747
65107
94713
10978
38320
45960
48553
57602
30019
38966
47262
94322
60264
18504
25253
50743
29406
85745
88563
22586
16049
97104
20512
87789
7131
66281
94248
8797
18456
2640
61410
65790
12300
90813
12586
46816
81504
43351
70086
82791
41662
7705
14881
83554
7067
49358
99833
89805
24107
29579
54761
93151
65414
49429
94144
67026
51079
37473
49721
53855
40993
34948
34838
82104
20486
9276
60107
48097
90852
96976
1855
48159
76717
68126
16783
25457
76578
87884
66879
97077
79651
53569
38635
78797
14468
44123
69035
13887
65894
42393
49021
47663
40681
51472
59886
62807
33162
74208
32300
73214
35510
11522
25253
48443
67772
83668
57356
50051
88913
35685
31620
10174
35804
84948
51310
8841
14572
58273
27048
50900
37958
89045
6401
53263
7581
34725
25692
21757
34538
46377
30675
13523
91121
69770
23391
87595
81409
54499
84764
76435
98531
66167
77582
48620
87231
2930
26726
55279
60354
27526
91474
8323
52882
20207
39031
15943
32612
25238
79790
96016
39997
39188
54264
30032
15030
76333
8781
23483
55857
43710
73151
67524
66822
36553
33711
16901
79180
23161
63735
87329
49603
27241
86269
73269
11681
81939
68120
97629
18693
16382
1239
17493
88790
40922
39322
2888
58623
33487
87059
41921
85776
95281
35081
91736
91931
92269
17425
73980
78143
88613
50278
41560
38867
23769
17796
42994
11913
71697
19896
25915
67972
61592
33101
54287
52495
22815
72855
97555
70158
16591
47196
64608
67090
28502
91149
79565
54408
49855
20625
19932
95985
30543
69008
9016
66627
58498
51947
61229
6911
89674
21099
56882
6626
20181
37352
82228
19189
43217
487
19753
5046
66030
51314
32351
85520
7133
47975
90167
53829
18993
32598
51294
71814
31387
58812
43933
87124
90877
28374
68861
27229
96684
35418
46360
2603
24475
46310
32766
59446
32841
96948
16226
62087
23272
34720
80445
38790
3348
2840
97340
19900
81179
96111
36172
55399
79544
88664
67904
45677
32602
45221
27202
38165
34720
66670
26122
48165
28217
72833
63077
66810
66492
23376
2740
71780
13766
31591
89276
31617
46829
35401
20121
56304
47780
452
60971
55980
7941
18703
79001
24710
88848
72398
41156
59190
82905
2169
25349
87851
14511
97634
16146
30447
88132
28348
14750
52402
67482
56195
84668
67929
13031
10815
11278
40481
54038
33410
14389
7402
10694
61692
38231
97618
57058
16260
22278
71115
58587
35587
10110
8305
29919
91331
42512
99702
69227
64050
28614
96123
86179
18010
36947
36384
63111
13861
86263
42194
70547
57386
47415
48391
49440
72087
72119
5374
23697
25312
51931
15785
93473
84823
66324
24906
88940
51899
68674
1822
59592
29811
72201
94307
86852
74422
31499
96753
61410
92650
17042
52165
84397
25699
34527
76283
53067
49436
13646
17582
47131
21449
1691
44537
25726
82532
22568
34927
3829
44685
83874
78889
72224
66994
69103
45336
87901
32295
71353
41086
93362
95089
48262
25211
27208
50703
43525
28255
82241
8953
91625
25761
28651
10069
42149
49591
88700
27324
35585
72884
71682
34566
36714
95830
41330
52256
70916
42029
53810
38205
98290
75610
52352
28968
93051
60498
54061
63746
38878
41117
23871
66363
74215
65592
42660
4036
70546
76099
33878
14824
55355
59418
79692
48371
64020
8984
48737
93755
53120
54891
87805
54883
4219
44725
16104
73512
65378
52170
24738
43712
22161
28205
85044
8427
42214
99531
42880
73326
10938
8477
69885
71995
51294
94204
65594
16621
99088
65840
23749
25094
36091
71514
85127
73695
11541
98043
82326
51339
8416
68177
70980
52065
12777
42908
44991
5232
58393
85014
71780
31999
1072
9390
90895
63062
25567
11739
94680
42368
27886
79294
89360
22801
2705
11446
86174
3058
42773
16158
54411
97149
90338
94136
65709
12604
4145
92832
68647
26512
32013
26230
50029
94783
53706
71074
25938
34982
87144
51774
70288
45116
92099
3102
40869
80690
64578
60293
83495
99668
90288
70002
32114
3409
35235
36140
36503
73018
33934
8698
67002
88904
28326
80256
10215
9805
72461
77978
59982
29459
42049
51875
66889
1366
12793
9673
69691
89912
12607
88387
23422
3791
58131
57718
21980
98147
73609
32253
9872
47304
62824
43391
40054
30939
72301
94630
4716
32476
97332
79767
96175
46784
73825
85607
8021
26322
9437
39484
61968
93452
69595
34533
50432
97894
183
57403
80634
16240
40377
90506
39737
14037
32869
20975
63071
86040
99406
75269
12632
59548
11120
23183
28525
15112
93923
25963
56419
99942
73047
58084
40419
63851
90232
25016
58952
85224
58612
27018
53490
69302
16415
199
85503
19864
97525
38739
40835
37535
42277
80915
87201
73726
92688
27356
47282
33603
94659
41635
48438
83069
67828
2548
33771
64662
40418
96204
16115
39469
86352
4119
93011
56267
50389
29209
33018
3604
89773
10187
72026
2590
6229
98357
53496
64369
41447
57507
89919
8656
41281
49968
81946
8538
61634
35460
23011
23772
77211
67446
94407
60559
55
39086
8939
86374
27079
96257
35494
54884
61609
45684
17136
68701
55287
97381
59892
72195
48380
90271
67679
32555
48935
6163
11915
50885
8486
20693
27705
16338
78004
56480
30676
65582
81990
91250
15021
80672
76417
10482
86421
50751
72988
16676
79298
93065
65268
94776
74992
24198
93447
99870
77843
35509
23763
45061
58179
62347
97644
45356
79500
95520
35880
76177
45198
33071
61751
68230
41810
57051
58313
59698
61608
8601
79953
56073
84168
27344
81473
63086
61036
27006
37916
67149
5500
53051
89121
17610
93851
68029
6032
47247
38131
21917
68149
14862
8989
8551
74290
18208
89217
44352
27052
84964
52156
95946
47464
1861
3620
5078
34225
22968
67095
89809
53726
48448
64819
63553
33066
21413
75140
13270
23047
9638
26712
63867
99441
96828
57629
7698
2341
1399
26387
82172
38065
37542
15483
84838
12682
13699
55900
60227
40770
70937
12387
92886
39930
11839
27663
24474
46829
58414
39460
99288
87003
17750
42409
23603
85783
84964
81498
40366
72397
55744
58876
47071
16369
78172
57071
35339
90595
32574
13431
31374
9735
86556
5526
11896
86271
71319
64753
29047
32582
35337
5577
55606
27655
97631
53437
78881
12730
95250
53226
87438
90688
3942
266
24986
26003
77074
48189
12957
65159
10326
82630
11239
68295
45704
98787
24314
67017
56834
79462
29642
4264
69303
13347
74744
92710
98067
24894
48555
8531
93810
7059
23046
2349
3316
80340
61392
60041
72656
60370
44446
9584
40556
55525
14040
57732
64371
66953
34819
54540
34475
43543
12957
72138
92186
50354
24002
81264
99259
46832
12862
91068
48024
24064
57287
15826
30442
36315
64446
44320
68585
55552
74451
94023
63205
46391
19120
73326
98945
20330
7768
97207
32505
92992
30753
66002
43344
11798
6161
71226
32741
94690
75621
2287
77889
12295
82992
55613
23091
60574
65051
96772
53360
44325
4699
32067
8401
43467
60209
37255
5957
42790
64642
43379
42978
8084
61191
19095
35688
60327
3590
46397
59119
3705
84080
55420
98572
4801
66035
40553
75087
75458
22949
77425
74451
72916
90843
62168
62
71247
15852
8419
21816
20165
77146
14993
99432
47991
81609
57341
89209
28147
55803
82791
32386
34012
215
96592
63245
87090
37825
3279
59770
66459
13874
41077
90808
79255
96612
50188
41622
37246
71535
42708
64562
22996
61503
44308
70396
38073
33565
81278
78350
90
56906
79293
13747
12134
83023
69791
77771
14226
25841
78199
34352
5706
36601
2483
10197
10683
93410
37949
72549
32847
37882
52345
58595
88513
79776
63041
94805
95469
93465
86617
41203
33617
55636
7852
53598
8483
98523
47228
13648
27037
15882
62486
57341
89109
48986
68429
39614
59649
73081
76480
88488
78684
38805
2675
34422
36359
79446
29670
17852
74513
33419
27603
40305
13219
73702
42257
92928
25745
95398
3841
87230
83077
33852
81086
79819
42563
65698
13582
21643
54216
26179
37295
20365
90151
96133
11051
5293
20728
20580
39071
65720
39181
60494
69490
43752
90909
64171
82490
98871
52535
20937
56974
38492
90040
42689
18117
66564
27757
56486
69799
34437
47688
38208
77484
17268
28908
64778
93630
8463
12967
18696
37683
92681
89804
44435
11906
18819
20918
63071
94607
33101
9840
66989
13636
91148
75932
33934
74227
25580
64990
55578
93229
99190
8969
71063
21855
29810
76028
21550
59292
275
69173
7244
5569
15503
85808
46992
98115
83661
95736
33268
9488
35586
52060
1403
805
34056
15149
87545
55375
48859
92085
32836
54875
94072
20673
74408
40080
5069
87336
5598
76956
9800
5205
43355
10969
39622
71712
12904
38419
82369
81967
37891
26139
17545
49828
77594
44991
32528
71400
54949
74265
61467
1881
55954
71817
97795
72962
37968
88081
15804
77696
84497
93743
5609
45027
63742
25935
85419
94978
95722
94890
34312
56148
97678
51757
14825
49395
18236
61120
55999
46030
88265
13350
80432
23806
15537
45059
43536
54140
3510
42007
24647
27392
97023
19242
87177
40715
70470
40347
78562
36373
75103
7306
38865
31638
51367
43154
59461
50285
94245
68928
34435
46107
1884
55320
53534
70285
46035
40752
1137
50147
36284
33411
21306
91932
93536
7917
96888
43782
85638
33047
17104
5676
94204
68420
7253
40766
72025
6695
36991
24623
95748
96294
19823
44924
46068
11979
32889
38389
76759
79935
48752
85841
14328
66474
8643
27295
99001
75321
18423
54756
73934
85505
62813
13926
84484
46988
74172
3627
71390
44766
18079
25064
16725
35206
1572
52204
84117
12070
40054
93280
66497
48959
82204
89835
23322
40415
22482
92003
78277
50542
41255
88526
95195
86903
74237
10322
89283
67675
19496
86461
75769
28568
77252
2184
57797
73421
51477
86355
60182
51253
71348
92483
3819
77621
81946
43830
25253
86302
91127
95648
35329
84537
24767
48694
93990
14273
51613
41699
65548
44508
98843
93272
35290
70721
6465
68835
84584
8023
49951
1397
72893
35197
73289
70521
80324
14372
37982
48024
61071
63080
34364
56008
59550
44342
74102
79255
91175
53606
28935
85512
19483
85904
33540
94045
56093
80252
67878
40545
70923
32354
26666
66562
8372
68071
57617
4279
27047
46243
82060
733
31589
38471
57372
76820
6803
17776
55239
86038
64848
7901
8016
87624
99997
12396
7678
28957
96422
31951
7093
44890
56643
90101
70899
89873
60332
32467
3901
11735
88517
84729
90568
73832
64359
13906
62694
19485
25216
68294
93958
8930
11923
39188
81252
93144
94123
41549
47185
83755
52799
28403
30154
5000
43917
55516
84938
88901
85534
70829
99851
73732
79649
82650
2064
79580
75091
18224
22817
43583
58763
13235
1441
6949
14475
55670
90118
39802
12066
10418
7057
23468
8003
73472
4095
59865
13449
71912
91178
47056
31138
71921
33294
66991
84696
28323
51946
22365
74900
94820
96349
18549
98972
17040
76121
70761
67271
87656
11043
9443
55974
74728
52741
58176
13694
59971
39173
81874
72340
50552
97069
25693
369
65078
81557
19108
55958
40723
6382
77760
66273
8500
3155
68046
91960
12150
75298
18712
88279
82041
84268
99897
41281
28383
58355
99001
99567
78174
60746
41217
73330
12072
41108
95876
58336
95262
69415
54975
84841
81310
13209
52225
40171
69217
6649
19718
71780
55928
19802
70433
39604
80515
1310
15800
8660
22832
46826
32068
34615
7845
66031
74429
17124
89001
77142
3680
65565
24458
95705
69797
74174
93143
78600
13541
4119
42328
4545
91275
47741
76298
5465
58936
44542
97773
85514
33120
77897
77803
86464
54509
5396
5680
63995
44197
63431
29338
20938
14614
55453
23679
9309
83096
38219
46585
36039
65973
13729
19922
56059
78149
17905
77818
10171
95679
83855
84929
61684
33439
11214
5217
8865
54515
51216
4954
46942
9247
93657
77561
26995
28651
27589
9056
10105
75986
59594
69574
27270
65181
28271
87811
42135
25504
87144
83767
60907
68043
75735
96839
46881
63150
2762
71918
58810
4735
94560
8961
65827
28319
81960
11027
74202
72892
43122
64556
3785
96807
86374
67908
1694
21371
76347
50052
70012
76851
34729
95086
17283
84920
57886
35927
66890
26707
75573
96010
80140
8517
37268
79942
62654
62646
8917
18429
61796
52132
10618
79858
47382
82008
82058
21137
66115
1291
46326
56712
97552
52797
72286
63892
23106
2898
14356
33293
38131
1094
56466
1447
87889
57512
73471
57682
82125
81010
66074
93844
35583
48984
91089
34841
99220
19969
35986
62249
4610
85815
18660
85510
61687
74206
65877
5638
87031
4410
36225
64284
10336
8767
28021
34869
41962
80902
56444
84625
3442
10537
78579
21409
13099
25433
916
31196
90825
26682
50464
94931
11788
37854
66962
34429
14150
28460
26034
64525
10033
45109
73390
41862
22770
32766
24355
97710
46506
18178
16265
52760
80287
53105
46440
63174
50255
69178
73017
6907
59749
29910
58278
16799
38324
16896
28613
38111
7279
62127
24385
77013
19045
12118
68177
59547
66148
81411
35810
8507
68986
993
55821
13788
272
72674
72372
42820
13852
94047
81306
30496
81928
65851
69476
68898
90996
64003
19488
87578
61775
74170
70907
2499
69801
39444
22282
33441
74546
94417
16074
15841
50800
88365
75803
80769
98750
26031
13182
63174
72007
37619
53023
80973
50105
36521
16731
61748
79481
59260
72729
99499
36878
96828
98227
20212
77699
19650
48250
1154
70849
15269
77017
26164
99217
41519
26718
59037
76904
75765
80861
87885
41979
12779
18585
56470
20062
10683
67409
86502
87098
91279
69955
51706
14721
13018
54642
85369
53807
83099
68958
68705
89733
86452
98951
79466
53592
63355
69075
85245
49509
43691
49550
46715
73495
87098
3418
82188
42321
73396
36994
10478
28683
28271
39753
96030
77519
74599
3819
70594
91740
74566
20614
72764
96138
92554
98656
44785
49560
67831
75252
62480
8479
72668
65637
45625
46345
89517
91463
41369
37068
76507
52209
59007
98226
86455
63881
31018
75927
91050
17584
30704
63708
71584
97109
12620
30879
8433
71487
30844
60878
64714
51631
14972
7981
35312
96294
34259
7763
60414
88910
95425
76690
27387
29418
88741
91704
28078
58828
14763
27975
30105
61335
3442
66602
74643
4075
43606
28692
95229
43470
66485
92722
54198
85328
82060
88085
71038
38141
37141
7307
62433
79540
78249
72542
78832
2399
20554
10953
66603
5953
85522
83712
30192
26586
86066
61697
73406
71025
1305
50244
29871
11027
7379
98145
80376
58613
77437
22527
38189
64470
92894
42055
41593
86609
99967
54521
23475
95157
68516
23858
76593
81977
1769
16414
95335
42434
46861
93807
54672
92678
73336
63305
42079
52840
15727
36270
29310
34488
21102
70635
41505
59808
90379
66613
92090
51248
74925
6310
64844
529
25893
1086
41453
99567
90252
54324
94185
4179
95313
62037
18947
65909
2468
36560
46271
56847
33133
87244
84661
79947
45019
16174
69480
13548
47895
70553
73124
99430
3012
47236
65642
21239
13993
62139
21010
28872
16089
34100
96348
65715
66135
12957
31358
36294
4813
77530
85139
46509
15498
21650
7074
82982
16975
98920
38791
83839
87409
58461
28609
70686
63612
88159
16164
95580
67147
953
97071
8508
34376
40581
78760
22949
28923
95092
84167
7940
76752
48353
32704
41861
25973
23124
55020
74973
48890
88421
81458
13123
15945
76658
35078
27479
89618
29403
8557
79106
76359
54610
13782
29802
29860
53580
73954
35830
60715
22608
81460
39222
18177
99539
77027
10558
70935
28916
87110
53099
31993
70400
31710
33199
67376
25614
14105
62121
88677
96249
18063
68176
53127
94502
41284
42715
668
12056
51554
81381
30712
64140
40107
91427
50241
9189
90775
44485
83324
52848
54139
13646
82324
28450
40257
91867
96188
72473
55233
94913
20084
92987
30707
99040
95150
5788
96180
61968
39036
68832
29184
6261
19510
63790
39699
60247
55861
91245
92426
15440
7005
62479
67191
20725
5041
12184
16106
34627
21843
67041
76549
98587
13992
86139
73369
84078
21596
57411
54024
27525
56707
49303
70597
18311
40654
81836
37982
35368
44161
26583
83007
6308
7777
25353
66877
73266
8364
87581
48437
15397
69661
50811
38168
54255
70825
90839
46934
7468
8120
66874
89872
88755
52922
4211
94676
3315
63781
2168
24404
37638
16142
14001
86222
90017
14567
60463
77162
21230
47810
25228
88393
71067
16921
39253
64821
19946
97859
34646
2724
88796
46845
8879
81969
50370
51686
58119
42552
88808
84107
43595
64629
31160
26949
54739
59316
17638
62305
26541
64216
1680
17520
9328
36926
24401
51254
92825
71877
93726
2408
63870
67736
39908
8593
97749
71960
11870
84797
32041
65887
20606
19294
81970
7837
42090
84799
64235
86778
18849
71734
38326
62316
48714
12238
56298
3710
78013
69869
89900
69702
94366
14251
43527
12570
92107
83703
87638
86234
67756
34801
33477
32301
897
37434
62285
98590
71530
29052
49950
32924
10054
19872
88173
99790
83878
43848
67454
90080
21503
86634
22701
35420
57520
85836
68972
20776
32113
16909
43776
67317
49720
99655
357
39651
98177
68436
27504
28677
80190
75739
32341
48955
30629
99058
5136
11630
54037
67497
67731
45601
64967
473
1000
21979
98912
3338
62003
27337
74246
42499
801
12082
66769
71870
22206
38076
3136
20786
68703
28710
90969
36183
97924
55655
39926
2773
44207
97269
83480
44313
72083
64153
29714
1727
35373
90699
53661
89924
73396
18628
30746
12564
8626
57333
53013
21372
58969
25855
12656
52303
52409
42005
16148
86375
88676
41634
51535
8424
9566
53718
84437
87593
47411
32001
31249
39145
17456
2915
53381
7629
92797
82752
48562
33419
68755
28339
27790
38569
83123
76332
43264
39371
39482
63966
42994
40638
56765
39416
53404
50329
59760
77917
24134
96656
76826
9500
72638
14629
70673
45345
31999
75168
91176
42023
20369
90766
85722
21432
67496
12962
91684
19923
87963
20303
60502
94097
39492
6313
50311
20634
76442
15288
13637
68075
58923
11957
14534
69234
3563
46649
36263
48024
846
78456
66470
35154
87562
53513
10113
85465
95778
43036
60629
48037
29593
76291
24371
17212
19212
20042
3628
94622
98500
29947
76246
85977
81268
95277
23908
47807
40745
67946
80568
31648
44831
36295
97571
76233
98275
86177
27610
87082
88605
59767
65010
31483
46613
89625
20875
47667
19727
36723
35972
47705
98056
25145
35765
33375
51900
48387
79927
91569
157
67306
99167
43472
63520
70644
9618
95853
8548
52606
29504
26566
89035
13168
16896
85720
42533
57512
29808
71875
6155
52145
76260
99760
41857
35481
37283
6480
2516
45542
45788
83290
53012
64086
70893
36137
18801
86028
59741
56392
6630
67824
20351
20492
32564
19511
91838
19705
86593
34475
10573
44054
82064
14090
42058
77855
78081
88908
18827
25849
97371
20846
64841
38265
98885
5355
59345
31084
44309
45496
17809
9222
61974
12842
69734
50195
47985
72400
50265
29205
60675
33205
87675
68984
38607
79886
77038
9010
62664
18976
49350
57555
15987
4046
66429
37738
87288
26704
34365
32755
25180
78176
20706
63756
59737
87296
7293
93616
45347
35133
80830
17497
68583
877
92146
92026
27266
33908
93313
48609
66982
22555
34981
70788
17403
95298
89909
69788
7287
7237
92873
28674
3837
2342
87610
31548
52704
76625
14414
23220
80208
69481
32249
92757
33072
483
99139
66456
23365
32111
49809
25930
98551
52784
35344
46186
93
97020
7141
58434
97705
73909
41875
79386
9612
1882
37270
82404
29349
31935
77740
87276
69952
49142
53153
85698
34867
84787
70572
94372
732
39501
53504
57404
55050
42341
55295
27368
60006
98918
43413
95850
82046
99959
58238
12459
47731
99659
81331
29252
25998
9662
11070
78381
57700
86327
80184
63889
40126
77070
26664
61101
14051
24330
25563
74241
78930
59625
64752
28125
90388
18211
35188
40940
37286
68341
4945
54878
51050
42184
52844
3483
15528
75498
32200
11168
3612
11124
5926
80009
60123
87255
52613
13660
31119
99486
78649
89924
51940
23160
95079
35936
80550
58812
95783
53523
29186
19640
99266
18157
85993
18428
99995
57259
19355
7255
97372
85456
86175
19292
3839
42597
35285
5554
78536
80121
93264
15006
5328
91078
57467
28332
27137
83984
66253
6613
39325
38769
43458
8330
56352
89047
82968
56802
87496
983
32992
83900
10290
52174
57607
48221
94641
77404
55175
91754
19789
34839
29355
86095
85393
92343
57596
28381
93160
46027
91880
24364
59275
32795
35879
20948
73571
74441
2979
15960
13871
10190
71324
83702
30651
89010
26042
13951
35015
29861
10542
7769
52715
5080
82146
70891
36603
743
27446
94654
93508
23186
66647
99583
85669
8266
8182
74304
61966
5151
26979
26966
17619
19124
59819
34961
16941
76726
80378
21815
85559
55409
5620
10463
61439
95399
59475
66702
93761
94720
40115
33674
67047
63855
97467
61719
43153
95785
69028
72062
56305
3983
30663
79714
11966
40354
30909
14161
8896
52202
57965
62934
89495
57508
4683
56226
90796
20601
61031
81182
44171
96336
52753
79244
44018
13027
82789
97550
68362
43665
39745
91235
74408
86123
26440
97580
98204
67818
57085
81705
15485
88853
36229
53438
15743
37329
36376
16015
40701
38126
79443
9281
13949
75349
54834
60711
36503
87433
84616
48676
3999
16703
20288
59748
63447
40647
41174
90618
10718
16777
9449
60836
26894
70688
71026
35725
50834
33638
22967
35941
37232
630
39356
76237
68499
82966
84851
86460
82354
55124
16547
37676
35428
88730
35523
7029
17416
7111
65554
57446
52178
18932
82988
5252
15614
30761
71407
96548
2593
95578
56704
45089
48060
63010
78885
7085
59215
73895
94128
11155
80619
58939
7291
92357
15049
15649
58010
88604
96629
7854
46361
77974
48643
11540
18297
22230
36854
83080
39534
26910
18744
25644
59850
22540
3042
11800
22785
22529
57542
66081
16913
96793
18258
18971
29339
2857
39905
76527
15493
34472
72429
6774
68178
74763
15250
28172
29798
71507
30604
79946
65948
65536
45907
96853
17502
30317
98985
84136
92624
35138
41205
90731
9057
9281
28592
27325
85823
91192
49943
69093
71888
291
38133
86130
45987
74744
25551
21248
99589
55283
62401
83304
86273
16850
37585
64880
10939
55323
25875
86020
3715
37145
23642
38231
60622
75554
79969
84872
23961
82239
62476
14298
39327
33734
69310
85342
48822
65453
13065
65751
95570
76578
51438
87026
87680
69845
17682
10963
56431
8229
21118
14202
95170
48966
68009
87749
58052
92634
68799
4003
96580
31624
16049
22225
11128
25887
7598
72526
82163
23198
32495
70624
27463
74523
20334
3341
6117
97833
19931
12371
75335
93472
96724
62521
82172
72549
9340
27371
854
81304
53638
5398
58194
3392
3253
32067
49064
63148
1178
71951
9890
14208
20635
8262
29674
44195
99902
88582
27052
87715
87693
4324
77028
19880
27974
24130
31895
62791
67669
92677
56200
11250
75340
42290
92415
63980
35201
89490
92563
63346
91155
52455
65693
83105
69939
74670
69479
58128
2041
84557
3144
35123
36248
39741
64944
71169
8821
44169
86092
10131
63467
18791
60036
90750
73111
86969
59964
85041
65325
74909
92207
34826
32565
75506
37361
77266
5999
75283
35775
64544
28334
62919
9534
90002
58824
23652
81984
83990
54949
49786
68079
75877
18952
39236
16391
83233
68319
25807
28639
52355
37259
83372
10799
71880
26055
1612
39293
22200
61481
47091
45652
70370
10970
85877
38633
31406
36102
33112
29068
53394
2058
72189
16847
18966
30588
39925
41289
12693
33599
53952
21340
60017
73258
30093
25303
43063
74402
93246
94308
92741
71657
7793
90926
95025
18706
47996
48233
73614
31319
46471
43779
75341
87221
39516
365
18834
4916
87272
79048
26
53877
63091
48834
27789
24516
23145
15014
20520
781
82138
69234
52295
52020
95423
11876
11572
71029
19307
24563
4493
60851
12052
63180
56212
46706
36383
93627
38419
98254
75470
85355
21306
80049
73542
43148
3676
98119
61530
79191
16019
9026
6856
29560
83598
79933
80622
65707
73015
48726
93305
92928
75519
15174
11939
76452
88145
86436
56676
28250
1496
96142
89271
67139
47032
38939
13385
43952
61097
92385
55820
10225
45769
24317
60536
54857
77594
17979
33616
4545
10085
8066
8916
58865
41809
30989
37306
59604
13151
35182
43960
3901
53997
78344
97759
67356
55183
20012
88627
86004
88656
52613
66448
95528
84065
76756
54962
917
42224
53553
48626
25144
56812
10793
48878
36249
65697
27611
71395
88306
6795
44134
82612
84265
2925
76576
92048
84630
92242
5663
20843
66932
74201
43105
4768
15164
67709
67787
447
50046
72282
55464
68204
48103
97259
77442
69013
52993
53779
18308
49972
64156
88876
98619
18420
88243
59673
37331
58001
6607
31865
60308
33481
3126
88665
40488
2956
39991
87029
57435
94493
47230
78088
26364
7649
84677
35857
49674
97478
68565
83474
84896
96016
69795
81532
73939
43474
13371
88987
74255
34015
19696
99088
16344
47042
40032
84218
58275
69903
25386
50548
85514
10099
26082
29700
11006
87483
3057
48521
26604
370
79174
24565
87381
83187
45124
18035
32743
11714
73417
77993
45559
79065
40326
14496
38538
55879
28423
90345
37914
2084
81718
2575
37059
63362
71906
35436
81513
3606
56529
83515
57841
71964
61311
57915
20962
47824
80838
65260
1224
81503
42852
54566
43372
35696
32797
3400
57878
32466
85416
70650
50787
7824
91939
87772
71391
1653
4397
16146
11284
10381
66324
50165
63195
32972
17596
68777
18415
27317
26110
33869
68195
59470
79139
25428
5690
46745
29705
42059
86410
95259
25114
41639
58940
90321
55601
91533
12842
34945
92040
17236
75611
20234
24912
57448
78321
94640
13978
51338
63858
34276
93495
30918
58226
90117
12653
26588
13337
92978
98726
30042
17190
38107
91893
14976
7205
6316
19332
51743
23738
91822
78381
43402
38856
53059
50990
62306
1488
48436
69211
19700
66522
49646
33067
48992
12716
62772
53249
2085
41862
86905
18669
73900
53525
59150
91651
64309
87445
35586
78796
99440
43349
73715
26115
65891
48908
8100
66716
85154
62208
39548
4280
64881
79967
6633
41548
27643
78593
5567
64104
65026
43474
52291
89979
96576
15528
75307
13797
9531
38354
92341
76149
2159
78598
20053
72924
99638
79493
5515
72895
20369
42703
42377
80691
29604
79503
415
36248
67100
62734
46849
19174
56481
18457
46395
62729
38527
54722
26588
79458
17151
24453
76387
2714
79782
22605
80958
90446
63467
63989
11270
72801
16376
82855
1488
71179
21261
13718
17381
36117
46810
31425
8859
90741
97915
67339
52328
90043
31140
20385
10991
36172
79787
25926
25351
818
9104
7628
54986
75790
62336
85542
29397
53032
73197
51813
15673
94651
76313
85121
52486
11588
41773
525
56675
97590
65869
24475
28909
46921
18394
37175
43167
527
40405
52928
73214
12436
18171
11813
18420
25516
77052
90640
16402
53914
82570
30244
35369
56961
18164
58302
8082
71341
68413
64204
73233
79145
90547
74302
92002
65962
88112
2350
32263
56554
46830
66324
36542
60386
61913
17513
88792
49237
55707
31004
65224
6348
67283
30033
19476
66863
45623
95680
34481
6656
13287
30296
23679
52089
31981
36052
75476
2568
8112
98633
12770
96623
67110
39243
81169
86047
73847
12606
40112
56640
31886
10776
26207
56706
33941
36407
14925
95151
85628
79017
6565
67657
59710
69632
61318
6502
49274
95494
95167
8867
93613
67078
10424
33293
85459
48003
29378
52828
79803
36243
66358
33318
24214
42083
78463
92478
81693
16045
2563
71323
60119
41917
75311
18878
43751
76954
30011
57737
14613
54367
55892
40629
54687
85707
74712
74645
88252
40208
99579
29656
11770
58926
44426
74662
53554
4510
46062
65410
34349
19941
66430
8329
2364
99652
32945
80080
86697
72453
35059
31491
7595
92891
17632
43237
42748
65043
28753
41842
76117
6786
11414
90002
36214
12097
23330
62736
73363
68773
79978
88158
4016
9472
42340
23928
54391
9317
90557
5775
10901
72934
29630
30309
96272
77977
62291
15467
47754
28288
21908
46182
75870
44480
91637
22535
12189
72702
86604
67978
6767
50963
73214
82709
9929
91786
29745
20037
80539
91336
45580
14065
63934
5592
19476
18024
54825
40999
90976
62741
86658
67517
38507
56873
32808
80750
49358
64346
34427
2299
315
71637
80212
84469
7601
60058
33497
79253
65057
785
9855
51950
79903
81877
13258
95453
59429
36638
84629
99869
4084
74988
32608
84728
10591
36341
99352
15877
95326
5134
18681
95000
65391
73378
22955
12028
25625
50541
58115
39570
78901
84087
95070
94037
21307
95154
92980
43961
9350
50693
79883
23512
84668
10694
60775
1533
91662
66604
49705
70712
42111
17160
83983
99479
61972
22837
62038
75741
57611
65458
25642
56987
76768
27414
71615
635
97688
58968
41088
46704
89238
97177
19868
31093
8006
52897
25138
19329
9339
73498
19080
6248
34994
29125
20732
1282
53191
22143
41793
39646
73089
17217
71770
8195
11477
71673
20956
35429
47312
51877
56983
95373
92710
41573
14019
37217
9857
86037
94999
60878
23446
60765
2880
27653
50534
81055
15033
92290
8061
38793
49456
15373
6686
16249
63582
26317
37438
11634
81489
17332
97032
42222
89275
91998
29915
60560
28942
96807
64470
86848
14790
33122
82779
70188
33858
23399
84439
26160
77238
52273
10268
83011
98908
37124
64414
48883
28493
80074
51759
62730
81987
87343
80180
51651
89456
65699
1417
99549
46886
91755
1910
9249
26646
82531
80076
70466
28063
35552
66721
81726
23313
6287
12908
79698
40318
549
90729
2295
99013
45587
53704
5597
54786
38906
7658
16541
35983
73994
55848
49944
76416
3935
40916
15446
40656
45736
73192
53044
16670
10364
41583
55820
44433
36726
47966
31855
74865
61376
76433
51697
39402
3740
56922
97092
75265
79592
47602
38556
25386
76488
4444
47273
6477
60247
20843
49604
67282
82384
69856
34410
91917
9519
40351
76185
62154
31070
53652
70205
10043
57462
35850
69911
42174
41239
89694
22551
66793
22914
22318
7564
4822
26228
26022
73596
50993
28049
43910
67983
21041
53615
37087
22028
63716
15676
26093
39044
75438
20281
39577
79814
85111
15954
80134
64474
4758
96802
77450
55215
62237
53416
4566
94006
43212
83609
50554
23590
25280
42756
43084
48432
22594
90069
48383
52117
85791
15307
13105
67624
25772
90202
87641
52925
57679
33172
39183
41240
27710
2751
3813
28279
46755
54132
74295
48190
98647
22799
97271
89560
91080
78513
84603
9662
88480
6259
38700
34635
82276
83908
21873
53500
89457
61154
49741
11911
68753
88247
48514
4493
43048
16269
54034
42711
20709
28677
31705
63840
13672
11825
89399
83167
29344
28419
89309
74852
86287
53910
54971
70174
14886
13959
35442
75360
70264
697
82007
32846
56077
63826
27015
48537
41058
9576
27534
42118
1355
20577
95435
6572
89959
47236
37322
58515
98306
77486
20025
31017
92088
13043
6972
68114
74384
71180
16669
33912
12590
12073
73866
67882
1131
9126
74130
33481
2595
6510
249
28217
43407
11174
99883
6709
50600
68300
62926
83362
49952
87291
76810
48011
2046
80668
78474
27599
80633
72740
27750
76984
7873
94608
38146
96711
79113
81670
99028
47802
83466
29199
67413
38451
66304
87420
99564
29220
27704
11511
57036
91327
10358
31103
34349
16387
35036
31694
40568
49948
66483
43362
781
61529
53869
48358
56944
86930
55442
12430
56810
17476
5752
95660
51604
68033
71640
70861
14776
83404
84792
86235
45089
54519
28458
78590
21278
20514
29427
48874
97699
99730
90762
29954
85095
37825
69928
63793
2631
17813
42475
2412
96830
21325
57004
54494
11883
33727
84904
32875
76813
65861
90531
77042
84496
37451
9986
5988
22329
84949
41290
99415
25265
43251
48860
37130
65786
6562
39358
76248
65553
96671
49476
48183
32210
60333
15001
65771
66868
58467
68247
53403
54803
87924
48022
88565
52200
94284
58342
43168
85441
61863
52816
85930
71343
33026
54982
48676
96735
49453
85972
35236
31512
23684
31137
74702
17036
23882
77835
61629
43056
71589
16776
6622
36571
51877
20967
65209
58604
64376
79624
31411
23468
88289
9838
51537
55184
62295
14126
6434
35025
90606
82348
41727
7821
45649
62898
96188
36314
90225
51580
51852
37828
97558
36467
34991
97649
30495
97458
49930
62249
19602
83248
89210
94917
19117
92359
76242
10513
95812
92252
14933
20003
7788
86225
24458
56303
80081
5011
20440
49336
92807
86965
56464
36833
2012
69137
28085
3636
90592
27100
24076
11060
12573
65249
55005
44472
20556
19134
64958
31253
81834
69265
15073
41955
52665
47177
28308
25986
39695
88480
84961
60925
43735
70390
94962
76417
93928
73993
24040
79705
78361
34082
63428
25079
48869
24901
2680
781
71577
34778
42827
98681
44314
83243
83679
10367
28129
25863
44948
56566
6916
8056
55139
72725
86455
31823
26134
8262
26580
56331
43182
98897
48563
94430
29501
54503
80049
75399
97686
43652
40058
15139
37499
86677
95352
51280
57501
71573
98344
54656
6969
25557
25983
84005
20124
40292
48334
11562
35380
65153
34284
90141
87242
85517
40878
81193
26742
63333
35661
73423
32379
81947
66788
95858
51332
7846
47081
35699
46320
5596
40837
46945
96768
22533
46470
10097
72566
1690
21382
61530
28792
19549
34497
63085
14812
44408
90674
65559
61486
88159
69657
39441
91822
5557
44837
26243
11234
66289
64687
63496
17428
91813
95680
72787
48569
56475
25351
37087
13413
14966
49658
37605
23094
23446
36665
37198
2264
69308
38500
61480
74875
47030
66539
86825
68179
96495
9722
55137
825
76767
51232
34416
29270
44063
91096
51675
20022
46869
1787
80877
12085
83518
660
17370
25949
80680
77396
66036
24034
30263
87167
32049
87742
85382
7620
77228
14895
21175
10097
14651
62627
15167
20393
10709
16881
23892
51728
97719
4447
81565
31891
61443
26907
93911
17143
18762
49905
9548
2837
18068
18234
39277
46541
17426
16856
4633
41549
47046
75011
20494
88619
73676
26464
6714
59227
88393
50605
88179
3046
74032
16356
56219
97473
48304
45135
84537
53160
52304
88544
2494
22324
52698
62692
13532
88160
91392
19292
76462
79886
21566
39214
49311
77165
30137
11111
62111
95952
77211
36178
74057
85255
3403
99981
58732
55224
39746
11514
47917
72642
36035
72396
64525
68191
67285
53744
9809
76386
26800
53099
2530
61304
82609
19487
1591
70047
64883
81516
13271
28388
83021
2496
30630
17160
50993
47420
41230
81081
23186
24196
44735
2281
91891
52754
60897
92392
61116
92492
20176
90480
39128
79021
97877
67608
97385
59306
26163
79496
51898
21049
93264
37106
48211
9442
57207
63039
83555
42603
42982
73423
67954
26342
24119
38140
75351
84842
29876
15955
63292
91586
55585
8512
34425
62635
10524
78916
93759
10618
81562
98311
59657
88167
94351
76791
99977
76025
38524
82029
26770
40951
25744
97678
47907
88571
97455
88287
23243
95604
46980
39306
95252
58544
66691
98347
81663
10627
64210
40385
90359
10068
85452
77239
82104
31357
1472
41717
20492
45297
50066
75143
78816
72385
70438
25875
47735
31620
60495
36638
6781
14286
4609
49207
25388
7188
23043
30434
69998
46507
40096
63483
87937
41886
86483
66381
59512
197
10319
83578
31306
53274
27519
10348
55557
18753
11153
99753
446
7093
60348
54958
96335
47671
56641
42076
77065
20056
87412
49590
2158
66779
69789
20594
325
78469
88690
5000
40605
786
68800
77959
72878
12788
29545
28940
42445
4711
64858
35229
18271
15620
20008
59552
61945
4845
65719
88423
17323
12906
63619
39102
81539
3406
12755
81601
83733
35354
33879
62419
54977
84118
95467
23927
68010
49571
82346
21075
25489
26802
73094
61441
89448
53382
79750
54209
80717
61685
31822
74398
21702
26736
94068
51612
52791
97781
78749
65695
13844
95071
6801
6083
90317
46083
75447
70512
46419
85942
86516
93017
37514
2167
47074
29916
86770
74397
13245
62354
26042
14770
27936
54973
50756
27456
35078
59878
37503
69100
18839
39372
20251
48299
88142
29546
19110
67926
89820
30460
29892
82097
82637
78642
30500
7007
1767
74500
43205
30546
32084
60148
39587
5207
67904
78776
40700
68209
2106
21221
99968
76921
30399
55635
14808
2401
89555
14472
82503
63103
55271
29739
40600
15955
52551
1798
6905
2699
74500
13547
19349
35869
29343
77333
37520
47804
53008
32892
95138
5282
55038
51151
25565
28936
10012
86565
41434
37434
30772
7162
81856
44723
40981
2288
26791
68693
6159
74811
20721
20982
34267
41298
48332
50479
30926
84606
5460
35268
11803
55009
11124
35734
36777
79225
21246
36196
56193
43762
25438
60887
49067
52496
68664
25513
64199
2349
37857
98289
14176
16345
62563
44692
25322
89690
25184
86984
44910
89015
70075
23417
36370
34554
80554
96546
64942
55998
64829
3855
34250
8903
62255
31893
29156
18068
56095
56412
73762
61633
92393
71206
83593
6592
84947
10762
95535
58068
85798
13147
31280
5079
55393
591
17225
33502
50445
78879
41197
22195
42453
49024
38916
5595
54793
64448
30773
78851
53721
4993
54663
8016
22783
52048
16749
60191