4086
4358
26687
18902
2137
49216
25217
49043
33132
20406
71213
27145
24293
72250
35203
93801
37273
94536
75859
12601
57192
37837
20378
67804
39414
73471
90701
12537
54165
5305
48699
15976
51422
94565
99698
45862
92086
73752
8232
21300
10800
43551
13707
5806
84971
64266
60528
60104
51765
57662
74604
6476
99499
75451
59431
28816
78159
24677
67136
26493
50383
88408
12369
53130
66496
77532
47292
85186
48717
71218
40469
58115
32749
89681
60906
57686
99283
30902
80096
30471
20907
76855
4915
29763
28030
90990
7687
86310
12862
19357
89773
54972
56333
20942
46867
65852
67099
19545
92436
56007
92068
86414
75488
97440
2439
56363
46487
66340
31749
3323
97350
60627
17329
23420
4575
66310
31187
65173
88501
67917
38310
4491
98859
84697
14443
2171
37606
98532
49689
56610
54843
9273
11729
48888
65515
653
57568
34588
85723
59274
89304
88508
8177
77353
48646
75592
78854
74498
34285
38024
92039
10516
78039
90065
37768
73630
66669
95039
81541
10420
73373
17925
10862
30718
15394
10371
13145
36799
74976
29366
21990
90053
56764
37093
29563
27003
50923
26123
31406
89701
43714
26944
83713
76112
95062
50572
53446
48898
95570
38759
96244
35388
67072
85237
52656
94594
3161
98578
15879
55810
74634
42824
96331
70615
55087
74652
63580
39868
47259
83334
18306
16586
86507
56585
60183
47641
3608
41865
85149
37977
65047
68265
24396
58794
93686
60367
94156
58301
12055
66231
36518
52809
33257
98578
61114
12126
92272
58962
17714
20118
97804
83279
77145
49499
3666
78627
64701
1889
67660
63521
47947
79926
58575
24219
53287
44924
8884
77919
48206
78335
52616
83005
89327
54120
39480
48022
39480
52237
64532
14097
35315
29698
82680
38872
54701
55996
99261
38080
38160
43775
28060
12192
22473
76927
93875
13904
25706
22512
58534
93833
2338
74092
25189
87211
8802
48844
9287
44755
6644
67068
65147
32991
78188
40865
15178
6
13312
6721
34027
45573
56417
37337
83312
23596
36002
43545
37140
88011
15389
82780
22848
17820
17137
91098
88620
24378
27016
12700
11520
50762
11884
63230
7587
96480
97944
94674
10837
89700
14288
47907
73221
57294
53510
36285
4195
50454
76231
53260
45049
84395
2138
40080
37556
61258
49237
64151
16807
50179
18292
64586
78092
86993
2221
93094
31747
13572
49904
46589
4298
65467
34789
99254
74988
8072
44749
95904
45492
86594
68504
67589
97741
22434
77620
75908
53572
6711
7150
7779
5188
29998
63210
22285
81940
87378
31213
1909
38310
22212
83718
61403
83700
13633
95809
85078
78001
32134
34361
18742
36336
10623
55531
99624
91914
68229
87378
83960
96012
98412
23813
25722
27045
71747
83987
97547
46932
9120
2928
19546
79163
90687
62923
35639
4725
85184
22184
71128
80927
22676
99774
87481
35995
87180
59079
50684
5962
70439
55267
95524
25418
58183
91859
5278
88848
81885
93133
36311
94762
85628
46754
44001
55979
27094
35795
85014
86835
81206
44822
41942
42218
72054
70203
18686
20364
63175
78200
75870
71595
86910
12690
85923
63464
22636
67538
35937
19036
74001
80528
9262
819
39001
45476
58889
54885
59203
81477
129
5726
96137
46926
92383
47022
37905
62839
12857
29403
4029
78672
30207
55691
56990
23447
63116
78851
26484
2057
12364
81201
23470
77627
10944
14021
79135
87841
17222
87674
2542
97096
5317
40078
63880
36861
72828
51531
32763
33805
96838
37586
16213
8615
26475
78501
8066
42351
4078
61844
58152
6486
19068
80391
72576
26780
68990
5325
34737
52039
55407
53463
68470
33646
63045
65286
3449
31802
68409
42751
29699
98932
12394
80252
42853
98126
38401
64506
26528
49271
3118
62970
43092
19519
30219
84085
42899
24455
69002
2834
35538
33131
50012
3534
4176
86087
19103
77683
98827
69651
28502
77240
99254
60353
40523
28497
36792
97998
75041
59176
42650
25645
6803
75321
94790
15424
81635
31503
78275
83111
6214
82546
28391
14979
69974
37329
39787
31388
17434
37543
83329
68231
64175
96921
95921
15774
79351
49002
76231
71072
64637
65690
8160
80028
30156
79972
73629
86228
33568
78466
32981
51790
78168
5491
41746
75136
6736
32749
30524
70442
90439
60088
62927
93528
65641
6309
92087
3813
86624
55928
38424
12452
62186
26001
80470
86920
20157
11310
53699
9189
90519
37470
89171
19331
24991
74243
7925
98288
31303
94568
66166
9842
14154
75867
82692
95782
11849
54668
30681
97090
24086
36743
91242
39246
44128
42439
41837
49806
1350
15232
39087
2068
32402
34814
93750
92837
18155
19025
9102
22708
79126
15043
49356
93819
22579
56673
44819
14153
95066
77573
67424
97526
86234
45911
44580
2486
91919
38724
46470
60386
27591
76325
47290
43754
23026
56008
45414
91423
69556
95650
46922
29641
12126
49701
4827
42648
67324
83439
25096
35581
25317
65849
61475
60150
48611
10183
62248
44778
41119
48411
96594
73797
40369
9542
52354
46744
69737
84184
85869
35877
27108
99467
40068
26150
99112
37937
4083
47006
53099
30410
71387
42727
15735
16100
88302
29376
28082
23024
41400
32931
77542
3458
77006
93130
92664
67835
89473
83230
6560
62579
27835
70011
81
8518
58065
87421
23975
5462
86109
61545
43709
7904
67057
88456
74212
77151
62733
7908
79175
19406
21114
52579
45018
76078
56286
79696
78539
23518
16341
98415
1576
90739
66694
46478
22774
51383
85391
44222
61713
46670
10461
20038
12789
89637
47100
41584
67026
93185
97914
67855
48972
12404
85746
95399
60945
90888
35182
32493
81215
88239
19131
44194
29448
46747
83728
20064
54989
76763
84811
71314
56531
10671
43942
70911
90198
14863
42474
77990
78308
34678
22406
37878
71037
67980
35252
46402
98238
31268
43748
56276
97284
96949
74728
87255
3237
25588
43118
68837
73025
66458
25904
54475
15278
61584
42041
90264
20028
81600
58550
10177
71813
17154
50599
13856
26140
82729
59180
63225
66796
27351
18961
42688
17084
69620
8501
16960
39956
10724
62672
6168
45837
1373
85495
63739
57699
64234
92620
6714
62009
14521
58026
83100
83188
68277
36102
75705
74400
22196
39431
30033
68459
22940
67719
36158
42294
67305
24316
22880
93926
58962
50849
46109
99025
61314
48232
68357
67105
12615
4171
39287
17467
83023
97706
39272
70363
42565
94218
43148
38636
81164
78300
1476
95394
336
19816
59159
37672
18573
6698
33053
82732
45881
86295
17961
959
22415
11067
51814
57010
67536
84581
10428
53946
8138
42427
44979
19404
42974
60159
44428
77310
86662
28641
48772
75263
31000
96645
75865
33375
12183
43558
29897
88670
48460
51749
70869
34322
56099
65669
89339
22407
51721
61012
83141
59927
73060
30243
74945
62858
9483
38109
6901
41941
46067
73005
92711
81044
5322
46188
58783
1555
85355
4361
33098
64273
8455
48167
97291
77766
3484
55241
95528
15324
74767
68133
4832
73096
98257
61445
1798
54554
27653
59774
34490
1633
18842
51082
67754
35251
48555
2439
64831
66822
67803
28635
6589
43960
61662
20935
38511
78869
36141
22072
99345
33091
70715
77883
82353
33254
47836
85921
83543
22488
28185
9195
34868
18842
66363
14313
57201
88854
90156
17997
63818
34820
74846
49591
18420
97039
81522
65874
40311
32828
88067
66860
22958
13353
2461
19721
94880
81656
25372
48925
51809
20694
2420
90448
96798
54663
7907
63720
82853
43156
41380
24860
42349
85022
52406
82018
94854
99589
98652
96943
97098
23218
90488
70474
47491
1357
31826
19979
69287
35090
73336
5622
64613
19458
57337
88556
47832
45326
78378
39701
98700
65455
70267
52990
48071
31649
737
90051
29411
82020
11973
34685
46874
26503
62000
39695
87018
56617
66873
14474
25386
54976
69745
34129
51918
3971
21753
47358
32621
80424
90257
3609
97131
21981
40561
93754
33238
37226
52889
57598
98964
5655
74029
59273
59646
43541
84133
90993
65371
93993
30069
82012
34008
19998
16337
17218
11401
84657
18895
21324
89823
57370
7958
33635
89696
15656
9067
32923
93291
4598
70352
48924
78426
58602
14106
6237
93179
2745
48158
23773
65177
32124
61154
36008
64047
17094
54441
63834
68469
19871
82538
32958
173
79375
94007
45904
45152
68522
93380
24859
88978
56193
65033
85958
77562
54983
31928
17905
43665
2104
99471
44330
29275
44432
24556
28288
89266
47193
32159
93592
70155
63569
38790
25311
65739
46534
67337
67707
40247
2365
46691
32972
40554
52503
67792
12915
3098
6023
64154
24425
81240
82394
56520
93573
8322
29734
13474
70929
69211
45697
47824
16641
39803
84
13407
10229
71577
99764
5969
6315
46616
59849
38377
60622
17944
12045
16104
1111
32247
61219
8655
15303
92862
47711
65180
21369
56550
19429
29782
964
60303
77386
86879
8446
22011
46780
89136
45813
78733
12731
67115
29918
86374
77184
60688
86216
86086
72658
49524
68146
41003
31918
77040
45412
50718
64756
6950
65815
72551
64233
34797
27132
48301
9007
34804
43279
34140
83719
55281
57907
86675
20156
97581
32755
97797
42440
57583
1354
4452
34797
41847
65261
34355
63134
59888
92573
86562
81444
307
33825
15735
23639
53787
98635
4492
89566
77130
73806
58176
76236
13166
92089
61330
6805
58011
45754
17274
63070
70996
11715
40417
26762
76230
18832
31129
35920
30160
23282
51018
48434
63413
76040
24825
6279
98595
14328
71454
28819
84441
50297
94340
26539
4624
82703
20118
3426
96285
84958
77397
58866
53146
99442
72587
87484
18460
87505
68464
93142
7999
83050
63193
43070
76967
67557
80430
78938
11320
5450
46081
28133
43800
58772
91464
11918
44342
33302
94283
44283
23493
25706
9518
11765
10034
55550
26144
24754
55213
73268
24375
23594
18016
23081
73319
90255
591
75683
54331
8980
89623
99927
64973
44416
14879
34249
19395
59006
98054
80700
95100
95103
94230
23273
36501
85379
68587
12461
79498
93874
18596
28240
87851
49113
7693
46574
97990
50752
54083
42951
960
26380
72193
7438
44218
26251
48879
29655
63003
41095
53851
25362
80516
30352
82722
85242
62510
25758
41740
92967
71248
28265
76241
44547
50900
57353
64801
4772
20132
21376
50693
13017
32898
22503
32905
60628
43855
97439
70161
90049
26305
27248
8652
81548
22949
23904
32523
80973
95510
60275
83922
39699
67846
19681
85670
72489
60301
83844
18855
69792
6532
66944
73094
45060
19449
98755
94562
35449
40834
49196
8608
27520
19394
42448
68505
39065
88367
62630
3591
33710
21663
93849
37598
10659
7508
12617
10750
14414
27446
49135
17688
50228
39052
77977
373
13162
19677
57602
5791
31353
67918
16780
99166
81114
66591
75068
52846
92623
81542
78392
70442
37489
35394
15690
2268
45268
86133
72826
23889
19914
74538
30409
99942
47794
73171
46554
56852
74445
73756
73552
51601
74003
76653
53179
34579
71909
73295
17521
3414
62642
21161
31530
76785
17894
21477
23972
18571
85110
33337
5560
22786
86447
30376
45488
10481
71033
74412
17931
72000
46085
81356
498
68645
49639
71285
22828
46567
32169
40731
49604
80915
65553
50583
52830
64816
18432
39102
4051
43624
42209
89333
75022
92702
17984
70751
11885
6641
65637
29346
44736
96261
57796
85008
45411
49884
21881
15870
37629
39906
37388
22379
29988
49927
13762
48654
22532
39083
74542
55646
81565
8020
92786
17984
24953
65906
84477
63491
72372
13714
39749
26955
13292
51156
33208
82519
83915
73054
88824
45943
14802
60158
85301
67757
96641
4185
3387
72078
91407
20404
14499
71964
36672
82902
92652
14475
34164
54149
37697
81499
68906
7228
93063
82347
74915
25083
90355
84046
11168
87562
53320
6847
9152
26074
7271
52941
12651
10279
23271
88068
74404
58706
81558
79395
70635
55015
32963
62066
17777
48633
52907
50724
70488
87555
65104
81004
67003
55305
1881
29466
78595
4229
77402
31662
2077
22770
43323
83242
21930
77988
4789
55484
20844
52001
77326
42944
22337
30184
63663
10799
35070
68196
88750
70316
86621
41388
83998
41411
87524
37638
65805
79030
32358
28888
80706
3271
96705
81769
75974
28297
18084
4282
70865
12037
48763
44095
25468
26376
11406
82109
57931
87284
37046
26941
82383
19453
84602
15471
42367
83077
10548
61951
42905
92702
53678
41018
57671
5291
22774
37781
77332
3991
99987
68613
35685
59087
66837
68131
53424
65741
28667
66535
20628
328
76393
55945
22906
87380
64864
80890
38097
78256
70350
82163
63015
46422
27630
83823
54722
52141
59970
83703
1544
36014
62641
48603
58472
7365
53917
23123
33302
61172
83458
83086
33854
48638
39569
46251
10174
84821
10580
12458
29611
49425
75822
46389
176
3396
61926
75426
7258
90951
70303
66936
76869
92210
59108
37907
10377
25835
95482
3395
56864
27900
46137
37551
24313
39771
50404
42298
77942
71104
17043
74762
62342
31110
3318
38372
33700
37379
59864
63392
90390
41586
9838
69057
40670
60869
99065
22934
71768
27142
22395
60505
14258
19987
2079
67072
4642
37989
73074
72807
30501
34358
62839
46266
64904
17660
3444
83873
93906
18491
16187
15000
47876
30155
99210
66992
35929
46428
40743
21584
78724
64752
55222
33602
67414
36986
90023
55600
92074
3496
26631
17741
75597
91990
54927
10008
6866
72026
83434
93005
91203
61171
26914
28009
47188
54741
86860
32986
71195
3406
90288
33830
96652
36641
71708
17828
44043
50561
76949
51925
59279
54483
66297
38684
49183
99278
54229
98165
59673
12849
30446
39763
81006
60045
91253
80847
70058
36782
69617
65879
63117
2296
99114
91021
96453
77921
34237
27370
59809
56663
29650
31034
25293
25281
32011
58626
57697
60161
44004
17050
65110
22166
64368
18235
40544
11485
78007
73131
69091
93803
18166
95817
72482
50964
88172
54594
91009
23284
15872
45548
77305
76130
92463
99062
61405
87222
60545
13057
53290
33031
41349
62072
28114
9220
22582
72
84347
59837
69597
41149
8231
29593
55325
83808
11714
49775
88594
14175
43793
72054
7633
45158
99735
95503
44044
16253
34981
11330
53634
637
69856
34372
65117
79199
31090
85844
73406
74638
59568
21883
22206
85651
35319
39645
5968
97788
56900
82106
39140
8093
57358
39066
5257
30644
41341
76368
67105
69455
82641
45949
2776
357
23285
49314
32313
18202
37450
12613
72940
80152
34712
3138
34907
58442
22591
74641
92631
30338
10157
94485
11201
42133
41478
21462
94804
833
79910
68089
4825
2345
26434
23739
6592
64076
29789
11801
21288
22234
12361
45835
11472
52179
25068
63806
76064
54471
54503
70609
57704
7706
61590
93100
17210
24700
27670
42518
32077
10012
81002
64820
14956
77135
71568
66241
59893
13586
8517
42042
23659
27601
45905
37212
71177
51070
13147
58535
51205
31321
20274
74730
4342
62303
48294
92506
67520
75393
8801
64970
67317
33158
81160
31421
59551
41388
32463
73030
23600
92274
39616
91732
17036
22807
5999
52709
96690
22667
88850
97486
60203
98585
13324
6985
10010
8202
74689
84647
71254
55320
74343
3230
41452
1213
15659
51779
3865
15421
94949
62098
15278
88917
43862
66745
23176
52768
86486
22877
85594
68522
35519
48655
49105
90028
59656
60710
14461
33642
23331
21371
19487
2865
44028
92624
7144
46738
58566
24932
19758
49942
542
96764
90148
25408
97531
29285
77929
85750
84714
94948
13505
90958
68002
10483
30512
68267
45374
86632
73677
14276
8976
31714
89039
81579
6899
49664
99242
49293
96288
89052
49096
5306
77433
74446
17205
16525
9647
81335
23453
67889
25751
63438
57569
12872
13303
33933
58097
71701
14873
79895
72161
5957
35392
18415
18452
3503
57520
38914
9956
36369
53890
88108
96530
71107
27575
48725
89950
27707
94447
57363
43536
35795
68624
85055
52495
34937
30466
26813
89555
94874
45120
10588
86862
50433
85586
8720
57584
29178
69436
59521
79422
82681
16973
30658
53471
74541
52926
53436
39623
47080
98311
81284
44495
80656
54621
9329
50469
4745
44954
1532
21362
94101
72480
84175
39608
84086
5652
92903
11150
17918
98135
24223
74368
796
89303
614
82502
84244
31498
86222
55648
1279
1528
87108
69288
50873
65966
42402
54813
27094
73256
46375
38584
98325
87861
86375
90795
30886
73902
28387
89711
65972
56254
8548
41751
11525
51165
82221
80038
76946
11591
71798
86013
3480
38139
76919
26040
56901
32976
34183
99754
71253
64152
36737
12284
85769
16760
71354
26239
32667
38586
49080
69197
97235
9115
74354
59074
59948
90134
75169
36890
14287
19523
72288
76601
30076
50994
38556
58114
92748
61564
55571
90545
19728
82818
96908
8737
31113
86569
99389
98052
30124
96801
24024
96051
90825
17929
45782
58044
46633
90933
72621
9052
21400
28566
56563
35170
3457
24236
90899
30809
71483
45791
85160
96905
97431
96947
90981
75159
9971
41150
70262
12264
82429
99020
60170
22807
81644
30938
87024
3080
20067
2168
93507
58701
59341
72214
36076
55726
40375
82068
93868
25392
4686
12087
26669
48791
14079
49370
18082
16478
17438
62652
61827
93234
36321
37810
25819
42370
69099
16260
40505
91946
86110
52817
8091
45746
56773
17635
27080
1813
7299
42391
79063
74102
58032
24382
50061
51189
84620
67917
19948
17861
89357
30353
41058
74728
20962
87620
93488
92205
75619
63300
46008
1887
88472
99087
35428
28498
92541
18221
58312
86044
67523
40924
72594
66416
56256
17058
17853
32178
33627
70997
7856
26131
89529
92835
88395
3284
58164
28864
46449
44795
34963
22819
31539
7581
13756
82580
29237
62504
87329
92622
86276
23494
77842
51930
86894
49091
37722
59165
59166
37581
19095
12878
13228
15057
4244
33812
84298
46552
17525
21187
93853
49611
11636
42198
75908
1319
28850
78337
83010
83416
58630
48337
67055
96279
62123
3278
68973
94681
58744
52786
70503
86513
28357
71995
33008
6943
85049
48131
23463
50907
26683
28710
29167
82355
51415
53055
4997
42364
35513
58040
76775
24281
70862
99887
67851
38788
17955
57711
3315
99113
16413
27010
21401
72035
79794
95616
20387
25817
57140
90559
69885
86664
59773
94524
48943
15773
82008
89453
4101
60865
21479
78522
80048
99982
74233
86178
64891
98795
54142
39067
16677
33118
3070
47564
17011
75311
48768
34944
15493
40495
11824
9234
86266
11982
4286
49446
39930
23917
7148
58653
97080
89657
70839
7539
34972
92566
4164
26508
56572
64467
33514
10907
52454
27217
87442
36572
52542
97345
73419
76708
80269
93455
34369
7688
69581
8071
13789
79568
79362
20366
25854
19398
14344
4716
77553
54330
11636
50858
95678
34692
94674
13990
55967
64186
7170
14346
19594
59650
70482
13593
39164
20029
3304
49163
27398
32452
87225
82213
92677
55870
22278
99394
92669
73449
68526
9227
81489
86912
60947
70826
86035
51148
35126
50166
79325
94963
60621
33834
30899
62763
53449
74097
95127
18488
86434
73913
1430
39706
83741
34641
59185
12210
59658
40925
59614
46580
29953
89097
834
73172
39812
34814
46694
28735
44225
63018
49824
1835
90102
28561
88866
41309
69829
94856
49290
74732
83649
39236
98033
62465
95206
16070
1385
99707
23592
39215
87426
23019
14173
53495
46615
35368
16710
20415
51809
30754
89806
36528
99486
39139
17443
99605
3193
73627
3106
18417
24763
71550
2554
57841
6727
55112
11320
90817
11127
66412
20259
58928
64735
93675
87428
97880
58584
20122
42763
45280
97080
44065
9778
52408
79460
58378
51096
83651
7127
97547
21065
77517
64808
99807
70394
57113
52923
4292
79283
50493
46017
81168
59533
26597
62671
45341
37769
49790
29539
40223
26459
73515
89165
53126
92811
22935
71997
34607
94317
32370
45668
77540
78370
11983
24118
26069
72121
15176
27362
849
71629
28229
90606
90464
63182
91427
69619
66511
91945
79678
98510
11184
21348
92946
84616
28198
91278
24289
52926
28315
88732
90164
59466
18421
48035
31844
20762
71238
69890
71540
75167
85270
17993
31744
85887
79193
12247
25936
69885
27203
12748
46824
85074
69432
65360
42626
77496
44409
9950
26777
28379
72061
72250
33144
1154
13033
87023
86868
19491
49901
28311
44277
53806
62719
20903
58445
7107
61764
58103
26434
2870
20109
96990
600
10958
47247
45739
70509
4345
36366
3123
56005
64729
75209
58955
59606
97734
9392
24937
89055
67593
41788
52062
12949
42874
48395
10071
22669
14181
13732
26246
47905
19971
69136
16445
86725
46804
93133
28424
91092
88953
53222
72150
82907
1099
74466
33880
32624
22980
47836
98285
68909
84459
63797
91334
93722
35977
86531
76086
8754
34187
33831
51704
53815
36517
13065
11908
20920
55503
52263
86725
38698
91925
23175
58916
13408
14237
82885
70376
75844
12405
97263
73415
37195
24424
68177
46546
56679
86723
94442
97537
24526
36848
52071
52390
32248
44187
31317
87479
7708
54365
86631
78105
35145
23920
15762
84442
80331
1768
79676
4840
3670
50124
57728
49860
34298
1545
51218
3459
60435
63760
65473
98557
84205
22550
19652
48283
8796
69201
99655
87408
51435
63539
29194
33295
77780
67032
12939
15707
21141
41756
45342
25145
12953
49971
89
83816
77802
41974
85313
84524
4010
6533
59637
2672
49812
65262
68739
91698
27373
32930
83457
88456
44556
95546
94927
49388
59595
54421
3617
22665
5169
83311
37310
22841
56676
25801
47889
19657
97545
34088
489
97385
33964
78584
16133
84112
42861
61187
11466
30671
14584
8743
38762
90314
30383
39681
7595
69650
50012
55770
2080
60822
18564
1315
5771
22922
2426
43849
33466
14532
12302
78550
49605
70047
93498
13240
52391
84703
84243
35442
59380
6071
71078
6364
55221
97232
75932
22712
6308
60019
29659
64082
82321
12024
64364
29078
86698
89525
71969
45407
98107
41616
22570
45289
18544
60458
70171
87822
32951
82099
9436
78876
14099
13814
41507
71034
76485
76400
42756
42718
1499
99771
43251
48190
36719
86296
33649
67361
75140
42423
67136
16020
43532
76908
13861
40012
76167
69125
9505
27851
98331
58587
90401
1965
51533
65689
47544
78335
14783
68920
6352
69086
47780
92268
94379
68932
70114
58293
10169
25955
62872
81282
94863
31440
99264
17230
61448
5905
4709
52451
26346
36205
82194
45285
36209
74300
45520
8446
66642
99599
38680
82649
23277
37322
16200
81839
63217
32833
88428
43300
74398
9727
34518
25443
49177
26261
41320
9068
53104
66553
84926
13483
30204
66985
51575
84844
3288
59473
84660
13621
35766
69991
361
54209
99219
32663
81271
10931
52071
27303
83425
51249
97078
99088
29949
26030
45725
13905
77941
82886
4623
49932
71032
26075
80072
93895
52136
3227
92207
92092
46945
73732
73630
14268
62666
27358
98595
6906
16704
64592
41463
3419
68613
40617
86858
47177
22783
89230
4891
93081
83927
63110
54062
83069
48656
71068
64021
32210
7179
79470
50131
25858
69761
33804
4819
39135
23158
49465
58375
28879
9889
5784
24301
22799
77000
26698
18814
40080
27708
43952
22185
1423
25388
94790
63360
61540
21531
22178
76573
45822
70610
97638
60486
20687
9368
34624
99346
88937
84468
49233
66834
45719
49377
62904
32848
99007
915
61599
4449
65466
13073
76073
43215
98581
94485
47646
13560
42697
84196
9248
83294
57379
36057
19266
7982
88388
5982
53240
42505
86456
42475
14942
8854
85288
30651
86793
24169
38118
70695
67154
64048
20902
12623
6305
88315
50202
85318
82063
63197
24072
84394
21132
6984
70160
60091
8585
80605
70123
66061
89257
14995
20613
32111
2948
67509
48608
89897
76479
42546
59147
23818
30782
22319
93328
54248
46008
47693
18458
50993
94683
87389
71451
85806
89640
81500
32579
81445
16295
82312
96982
74769
85538
84800
81628
7649
47192
4346
74361
63836
11399
37362
91538
15794
20740
17090
6564
55825
50481
60912
53880
50818
11240
89193
18906
2608
18510
7001
93085
29996
54189
81659
26997
60855
72394
1788
37783
86219
32342
60440
84975
56419
98946
25708
81588
95271
63335
16478
48829
24743
52182
27240
40744
91291
78088
3870
50262
4478
42719
4869
3593
80676
28592
21185
68986
47951
6282
82052
11462
92652
91417
23389
36565
71649
3420
28242
83745
26288
49272
26539
17028
75567
54563
54725
37679
77145
22339
89173
70360
25297
73934
17475
98774
60176
4724
7844
38957
16548
15442
17272
30060
15730
37405
19771
11574
56447
36266
19568
59942
98989
28251
51063
90540
2941
13375
6003
78623
53843
11416
89721
1874
8459
50784
93787
653
11267
74103
68991
57267
9298
59020
44567
95200
43322
79010
89203
74920
61862
84161
98055
78834
66549
58881
58255
27863
12890
62468
85945
12059
76410
56393
9682
51632
32498
83734
5810
86881
99739
27713
30191
5194
82536
78117
43932
8059
96911
366
11804
35842
93796
77506
49710
59576
33683
28569
4464
63220
16909
48337
29228
57716
12780
73993
58294
16098
83913
18871
28460
72944
20503
71945
36417
71719
50730
42743
37138
27110
11931
18196
16028
51319
53581
9030
63536
56860
92822
12610
23386
30196
93341
21781
45702
85307
48160
932
99097
1729
6216
8866
37877
67675
70713
38852
11526
96284
12485
36691
83671
8691
14709
87287
49507
20052
92679
46017
80650
41875
98304
75083
67405
33725
64529
42303
65169
64045
61965
19781
16094
94637
74733
92994
86111
23803
48595
33008
49335
71402
95149
88782
69506
37895
11914
9059
78450
59308
21997
50000
70082
91840
50969
44460
49946
55159
74451
16705
80847
70504
42297
93557
36733
13439
88577
31107
78633
98614
22177
95618
5778
67800
53611
2034
71171
2683
62266
34454
86037
57828
67439
15606
37728
61166
10534
79090
92267
13320
10677
94783
86104
55938
25812
91403
74508
23341
51780
44225
80161
71447
21506
22262
54790
52823
52786
3911
31942
73100
92259
76889
29112
89940
48989
528
6141
93742
69869
275
44006
10138
1521
77669
29707
62562
6845
41475
44860
37151
87953
78865
62837
98723
13070
84153
12967
25071
8913
2487
45564
29058
95386
66192
67446
77026
4149
52692
70261
81558
45144
86105
8753
48910
1849
89145
42366
60140
27683
20370
94578
33485
58300
83840
3529
88834
98136
29831
58715
57481
68097
56384
28987
84446
91980
77946
92901
78728
61617
51762
4093
56228
14635
92118
97578
38783
77288
82535
82977
74354
96100
48390
37982
25537
5519
33639
40744
41768
15260
40230
14708
77308
98421
74824
80874
67175
29085
41030