8335
89660
61387
54599
56148
24893
75911
96877
58451
60386
6945
56074
67482
95122
22365
76125
41357
54897
34927
10210
67548
96315
48496
79054
42890
41506
5662
95046
34589
98099
93869
35305
37334
4105
70143
38990
92700
1250
24597
22261
35524
84770
96358
98356
23203
60636
34268
18292
12882
38395
33194
36975
35075
69799
96832
34215
75005
31607
29148
43303
12618
83022
26719
99559
38166
48716
30024
64696
21897
59643
94871
11291
19881
2774
7650
41264
27487
89925
94383
44480
15275
97582
24274
91170
70831
38814
16888
31593
23756
80371
87015
55414
91110
53342
81680
44369
79331
37675
65768
57247
70083
41515
81711
35733
23086
82147
61014
38400
27445
70874
21238
28284
40943
64893
39510
7107
8099
25205
37815
80290
72924
12193
58683
79341
32171
67837
61220
3834
85344
52182
87103
66411
89410
20664
27046
66243
5798
6052
82255
91751
37055
97638
79938
51790
98195
58665
94340
12091
43099
40892
48467
57466
91703
38209
80567
59903
83599
21451
77476
28847
97889
6424
67784
48936
54457
61540
35767
70599
19455
95098
70136
52752
51030
33851
41332
67102
42863
9494
23366
70510
74223
9893
21764
89923
66083
58222
7131
50848
76766
12767
6133
47013
95652
33700
62723
7351
41425
92286
42500
8602
90821
82784
55586
56544
8559
20622
49317
230
49866
80367
83966
80672
84200
58169
12652
65389
96942
18215
3132
48609
56427
70212
91917
70115
48006
81718
88518
52718
52640
25100
69173
18435
2852
55097
67625
22991
5722
90096
4888
51714
16717
73332
92323
93920
81826
615
2248
71647
7068
28011
15030
34047
54597
14633
27599
793
22175
52153
64235
15903
8489
46936
93722
60364
9124
23487
8107
82622
21679
39872
49922
56959
77111
15202
47420
84063
71015
92480
381
47927
5338
61311
71340
26020
31608
71694
17167
32017
2307
66179
87456
70541
15584
47914
70075
34861
25030
747
6349
18709
80455
76862
65971
29102
58073
7685
77378
48065
81036
22015
14406
80464
96745
27097
66110
41326
43788
3536
72754
51395
38631
20346
36047
11760
58769
14691
1066
78383
65350
99326
12324
60687
20702
35283
11522
31539
73569
95508
65547
18286
99413
22330
29475
34970
6677
23972
84824
77887
98502
31362
69888
85443
47443
71922
1817
93550
79496
58361
38105
98765
24216
45845
52637
17811
35496
566
74760
74659
60300
76084
88687
36189
1094
47845
98615
50956
60189
98312
37964
87581
48351
75368
47986
70600
40119
92549
39670
6699
55124
46700
17674
95598
95664
22768
89178
94170
74866
90438
14276
94256
20160
67709
82411
70681
22032
15354
37422
30570
51380
93538
76165
93887
61852
86501
56295
1833
16256
45597
56403
93100
43150
65641
63910
5760
60172
20176
16603
92586
13496
23113
24453
35324
95670
59878
42134
27257
23599
39572
30914
62378
60734
6377
10839
80968
19190
87791
96094
50519
42891
99642
24555
41911
28736
14831
81135
83383
8580
58568
48607
53264
11118
79972
713
36316
95817
54196
59351
1072
72869
34188
65781
59916
90522
18747
22358
90370
91341
93048
25664
64661
44441
77679
90363
78334
80278
68317
23245
9268
60122
50990
28464
44973
50999
26962
57278
63483
20114
91903
22880
78812
39642
22837
17329
69628
90330
78845
28694
99430
99818
28305
936
68515
24927
77223
81962
28096
43620
1746
49489
41035
48286
96814
21961
2959
13469
44025
41254
43861
70136
91495
48205
78277
97581
90907
36597
81987
97954
23293
59541
39527
65627
42140
37561
64992
41118
44578
10478
52424
83670
19866
73505
76616
25785
88829
71972
4987
86024
42570
17087
40811
43906
77307
82094
76273
88815
63525
86718
8828
63717
69540
42064
83909
75716
58391
32441
8960
66307
39728
31018
74466
91885
95305
35579
94703
94892
29592
98334
71201
74728
69959
80294
99081
25171
93642
82698
52293
92425
19304
58705
35963
31542
50437
38611
39561
60849
54468
62388
64396
59582
78286
24948
72498
4502
99203
87161
53988
23956
65909
70213
39597
89060
56111
19361
64106
35849
3010
48788
37454
71378
33551
59651
62513
29091
90981
46193
31150
47788
23042
25582
35480
17646
81963
72617
54200
74367
88027
2610
62015
95172
97007
78314
9699
56334
26380
41188
66976
57719
18271
36915
23728
88237
27308
10265
55954
31466
54477
68038
45920
46963
99749
24989
60978
62332
52517
75221
36560
1280
47382
72695
93181
48261
98270
26575
59810
27832
77404
49358
93113
35715
18670
22754
53073
87510
66699
84227
44316
99339
31533
63229
11231
62527
82454
43305
16640
77084
2125
55540
15141
78881
25336
65879
45296
24473
4264
41015
47154
72164
25568
32504
4413
56250
68603
57191
12667
32915
92217
20150
23731
22040
38274
88448
59507
61245
57089
266
31057
38561
79737
91934
83133
81828
82173
74651
39861
15538
46070
50371
41446
84827
35583
9598
30428
60349
11431
72856
16288
66610
1898
39026
32007
33726
83548
80380
20404
62004
89772
14750
37546
3398
87082
53122
37702
16761
49869
50504
61679
21125
3283
51725
35702
4528
95120
51585
58584
94182
76702
31623
7826
84907
11608
93960
96357
56821
63611
77767
23731
83797
33941
97666
5465
29560
90597
95188
15756
76506
40813
61643
94039
83834
87664
7279
15550
16328
92371
40136
34639
95260
72155
86537
75906
15760
81123
75241
59093
12789
79878
81600
92788
6470
4846
33369
84699
21443
55825
53745
92661
8038
22429
10663
39527
59469
70960
11321
59967
31287
77556
45578
40918
60547
19673
33934
97953
76536
98536
89320
12768
53541
69119
54694
65036
3206
23528
24171
82942
19687
3869
63947
54804
93516
58233
389
40696
60850
81574
99303
23572
9099
37498
84091
15526
3764
50947
16597
94775
46488
43826
94013
45480
46801
86487
31136
33014
70411
22737
44861
89341
4907
10642
13156
1595
97326
28236
23378
36098
33753
37217
15111
11376
80293
7718
52414
80489
74299
50760
84325
95495
90669
70032
44918
21648
10568
90418
83528
2397
33269
42607
88414
75378
57092
85906
3295
30161
88551
57890
32859
68940
15365
76149
62170
13050
22502
3452
14742
63015
2202
61850
58888
92022
24158
24776
24891
3432
44038
51082
49939
37102
22505
98806
70142
62464
87516
27877
22781
34376
63612
47957
73851
51540
97399
25278
55515
75484
10973
18061
74682
80029
26105
38927
37889
44862
78308
2435
95743
55831
53081
50796
9852
65594
67846
48395
41361
75093
13019
37478
37774
78554
54793
31354
85247
82063
85123
87617
36154
15635
4882
809
35617
69270
23634
40507
99258
2094
20959
3700
80949
5793
22160
20494
46724
41586
81564
79084
44454
33248
37087
60683
78137
84488
52305
63316
61238
24351
66079
12218
56915
9584
52016
70209
93215
21382
63098
71520
35834
56594
78993
96118
30322
34835
92980
26902
52357
22869
99890
72496
80659
96774
88692
89046
8349
89348
84700
62560
83759
75431
90652
56859
28701
93577
42056
64951
83567
23820
99133
25050
12316
96828
95982
58129
67691
83603
77625
72239
22759
18187
302
96564
37140
12177
93713
31366
27221
59066
15429
15094
72206
13708
72738
71147
92934
46275
94427
87808
13662
1052
71795
40485
81684
3768
16837
18413
41066
32807
77574
7356
48520
66898
79012
35977
34869
84540
47088
65949
22287
71323
32318
66125
40289
20518
81801
56621
84488
66784
2879
36052
36008
21477
47111
79855
35697
55175
98057
37114
76510
63428
22243
41482
73199
75606
18956
75138
40107
49985
13976
41235
87883
3454
99929
97172
87761
79714
67807
94811
26166
92641
7129
25494
60319
408
42165
86616
7732
9547
21471
31343
63046
98314
6829
85205
87677
49628
54591
88473
38811
75263
50647
67252
51538
46519
4336
80489
29488
13940
63308
60738
64265
66383
25573
47164
57411
65119
8164
74920
72886
5323
87896
63465
59924
3096
38737
33255
28913
17433
89340
6145
43972
39002
70959
81471
13455
55809
64783
74510
65552
48327
10815
70616
26460
74489
56288
19388
40523
22737
37864
41331
41948
15286
11008
59146
56456
86826
56248
9705
51085
73212
24935
76743
24883
22677
37492
79117
96892
5608
53176
85587
65699
60095
56162
86830
88261
28963
75381
49651
31093
35152
10736
64589
75268
92991
68586
27632
59500
23838
39319
57314
76932
43855
55079
22050
96775
42435
37601
6479
5687
5852
3176
39221
39368
20196
19205
4756
39236
71250
43609
16788
80942
62156
20982
74773
33325
20110
38873
74216
77850
77968
98120
85436
78674
46581
44491
92894
54941
20679
54648
1147
45478
73383
11672
64482
55145
3109
41086
99541
24409
36037
87225
78141
41270
98522
25848
25187
85805
51241
19748
78748
14805
21600
29461
40105
11030
160
20710
83117
42714
26933
8096
18760
43996
73744
40542
38443
90099
77318
48758
13146
49169
71222
23686
28092
61040
29802
53996
45847
40960
65913
73412
53378
99816
95989
95704
18064
26369
21117
66588
79835
89754
31796
7886
57752
60773
54387
71093
79059
10252
29218
2633
9822
56378
63175
85262
37873
63129
17020
53253
59995
89954
31227
92926
42489
31048
63166
37708
65744
2267
26626
82088
31794
92024
67536
59019
47190
22639
58089
42937
90451
75137
2956
80791
60972
37504
62129
12198
39057
6587
69904
99674
95640
25425
83699
93397
64106
71464
46248
98645
55834
53984
6963
96935
7003
44521
45858
53271
56387
47777
58517
22187
34755
55232
46714
49259
96626
19551
85432
71100
64579
87533
30597
91016
55992
39849
84679
96343
26972
91935
62770
16000
78361
84634
66534
90557
37745
12080
80521
3084
84128
12718
76326
59706
32774
27357
29403
26845
94444
73374
54892
88773
59840
88954
76576
38218
42625
42335
45552
25583
97480
10436
39687
75211
85267
70894
30778
57455
6823
10355
64832
18128
10588
12593
99324
35950
69675
48134
90298
68521
69142
75070
72991
73912
86327
31719
4211
41629
27126
81392
17098
18104
60089
85687
87481
40814
843
91583
56907
38999
76290
83097
55480
97360
2548
37627
91227
13487
90739
3963
10804
61656
44175
38468
57185
87793
93540
53186
53307
37392
57415
82375
92286
64923
80826
70537
53862
95634
13128
81782
11401
58872
29433
44735
37461
63092
53139
33459
37315
13015
63576
73168
96103
68777
73406
31179
38303
90411
54125
34805
68843
10936
12170
99441
71092
41829
76308
1772
73640
18452
92282
59921
52435
20928
90104
18166
94225
88326
85402
33528
63019
57511
67957
53437
74693
33287
39100
95227
92318
17143
50742
70465
660
62262
62897
84857
87750
15518
84879
94584
32667
68613
50270
14252
45060
62831
89796
32500
37390
32915
15983
35411
17060
87205
56997
22859
53959
89091
11670
61463
22930
32015
32261
98791
64987
83064
24502
62532
33128
51395
38850
15496
87578
54001
6389
46349
4334
39035
11627
27827
21687
83354
5265
91241
94655
31776
52363
35758
18225
88117
94698
30595
33124
2077
55715
34134
82284
93469
1414
19561
65135
57627
11949
47552
82762
60119
23724
12066
66235
77584
18636
63076
49579
5463
68705
25742
33463
1192
46937
61349
13947
86533
82111
70843
19122
80546
15295
38963
63425
99227
50646
12628
72539
53808
86817
6286
87985
1683
27918
71855
23343
49157
91665
32179
91117
53015
95816
18862
60051
69078
62598
86099
95247
64572
96964
22337
4505
1009
14708
50295
66013
11691
4462
86980
46335
91119
77477
69344
74344
7535
48890
80286
48104
1642
57628
52409
77240
84311
96553
9898
76776
98250
99311
98189
9291
20813
59978
22989
28686
17557
13475
59458
95488
27185
97143
64953
88574
49778
7443
42799
84626
28542
91539
62578
21904
67970
76677
83885
59461
59896
49120
68674
56057
73474
23560
63111
7568
54500
86491
93872
29034
18230
93614
70773
69204
85491
27535
83612
43380
69823
31725
68222
57059
37037
4742
36293
42183
76053
88297
51011
80892
76622
52771
75756
16052
33677
43073
81971
99069
19018
49886
5084
14817
57680
29818
98823
37154
29597
42216
22741
9441
75103
28721
10508
14365
27907
51471
32118
60147
65549
88124
14144
33882
41746
26809
88741
2390
91440
90759
10694
76329
16851
30369
68189
19569
1768
94070
29887
40852
93879
29628
65302
72597
86438
58186
64510
67250
28710
35031
98871
36520
38320
86556
20117
34344
6824
45752
72106
88718
94694
80289
27521
58375
91532
5980
96544
77998
18876
31554
29071
88823
52905
49312
88072
61662
78852
53003
82593
63378
49144
86413
25143
66545
17363
79364
68235
86070
90960
21081
75455
14447
86298
80813
43485
85479
9259
67091
25252
24073
15523
7902
11842
64318
95425
36645
54192
18552
63584
31493
68175
96300
47171
9361
15396
29802
4865
6774
18955
92209
12083
38055
85790
119
74278
42353
33872
43003
99951
98885
46613
72859
85821
49681
96972
19220
86668
4378
44807
752
75583
53144
61822
77259
51116
8182
12614
10626
76157
73047
84318
58748
76788
39815
98686
60552
85473
5477
14289
3831
62690
24222
79252
87660
33326
67070
10300
48726
75330
3544
51289
46
61842
33708
9471
13478
61364
92863
65817
9124
73896
11570
46098
53462
98061
26146
40156
12455
66961
57789
23217
72688
35315
29698
28179
75662
4071
57342
38890
31054
67674
27678
80939
76099
44021
59736
95351
81272
66544
69632
22174
29571
35240
92526
91125
61112
1933
69681
24996
42071
99940
29895
49519
80525
81979
6410
77997
9285
99773
87555
87668
16768
89080
18093
18425
75549
15952
73621
83172
30885
52024
73738
76053
54655
13570
75833
3053
61022
14839
41898
13034
10411
77767
86518
25304
14021
85277
59714
96717
72053
7308
55640
75207
43968
90054
53715
43273
58121
21283
76481
48874
11387
53235
21739
45044
38614
92504
38482
70996
36663
34384
25427
79757
94719
14829
66736
65739
12123
69025
45406
90428
66883
34674
85187
91073
64279
93308
96830
21998
6474
22610
49247
93801
66832
65594
25043
86188
29939
33175
99874
62850
54370
75437
30718
80721
87031
26283
66914
20558
98444
75807
55564
41079
60547
56829
25259
3354
43146
1804
93857
12624
60498
17406
89655
56852
3716
21271
90559
33185
43680
34998
38456
91483
23717
5714
61125
10526
7053
93576
52542
27194
59927
16787
90124
921
59877
99911
56013
72305
63787
83658
83959
41262
32406
71502
10051
77514
79258
75941
14260
66148
49775
46854
35523
93623
86672
53817
20538
72366
70166
2341
41078
42136
42706
67508
53181
45799
83158
11591
17278
15799
95188
50112
17769
66770
53467
39056
94616
92948
95940
92995
27357
29937
24425
90915
9374
96704
43190
68254
84960
32171
58212
32152
63755
24892
33218
31122
4171
85983
89009
23680
46301
34837
68352
81710
73407
17684
72626
20968
84610
64867
50489
29225
94187
88612
25171
60506
24034
38419
3829
14155
96513
33690
43309
96271
248
91153
95592
27778
65808
95983
60980
16965
81589
76174
27720
40772
11206
62811
33527
49821
73158
4929
7856
17094
51703
718
54601
75487
18392
42106
98286
22836
42114
29981
20629
447
54746
17200
80025
62562
5006
8688
92413
41082
12098
82279
51740
92487
81661
92823
57028
91144
46321
95729
88599
98196
1259
63324
75536
97072
62507
8525
70547
39362
7473
41190
62841
74347
7547
52684
8899
90905
72406
92238
98193
38816
57697
79851
58254
59072
23544
5598
31492
73437
55746
40107
33041
81442
37726
60898
82929
48057
83234
85744
16556
66588
48064
69923
68378
17136
49345
74790
79724
19749
52758
36305
52567
25044
85870
25702
69072
47139
78611
14366
43446
98658
13259
86291
28054
15290
11582
13392
93083
50124
35264
59590
70533
10000
43851
13286
42076
52112
80770
91918
31491
64150
92858
68821
1808
28376
68763
38784
99520
41152
27348
82136
20764
19467
57905
28252
24702
71870
38172
22068
68667
12708
12001
60683
89856
6245
57913
24562
81324
99315
15062
23291
88566
56554
19695
68014
53014
76648
2790
72426
96240
56617
23880
19864
79428
1555
34520
81326
74895
33780
88604
49414
68348
68846
36001
2983
38738
69847
45036
72930
57722
22636
59641
6584
72884
18529
73937
17138
3499
40451
66410
22217
99836
57048
63974
56665
58089
77679
56763
31234
10680
63560
90740
80581
49671
88691
94641
35631
65685
94086
97694
36751
82154
30174
81223
10103
75651
98182
5645
60961
26464
52803
20459
92830
41827
56139
87724
52343
18919
31112
94183
67649
36131
29292
40834
28591
78172
75111
24967
22718
79116
97335
33882
17770
52698
54112
98783
2784
22032
61327
11977
2446
29979
1949
62755
93190
18413
48735
30709
38059
48699
55693
65949
35572
74018
83974
63515
4210
21708
21976
80849
70805
28855
39144
5720
79626
30374
17745
55735
90060
49567
39071
27174
85485
68940
79828
56792
78070
19452
81827
54271
66445
18261
31653
82545
77846
30272
54252
97307
84927
73883
54289
28330
92549
96954
83777
81044
18698
14544
55349
91564
33240
31063
82045
80513
19214
58571
77070
41565
2736
495
39757
15849
51012
64977
32396
71517
89675
14636
60058
82041
73736
92265
99737
5004
60804
38625
89557
77878
42114
57837
25462
13062
57909
18275
90118
51433
90160
91891
57157
85624
70041
91455
72642
79299
92140
4249
64754
56851
75420
83013
94652
7014
38141
44990
92262
81161
87430
35390
39526
53751
21841
73641
94664
97988
59328
19601
59558
28931
13811
85912
62034
31777
65731
33278
72376
5506
56558
83978
17283
45930
9016
78148
39537
57745
43012
11670
33975
86073
84289
84476
48343
86287
86792
33056
51648
18163
30080
92868
29236
79905
98632
35594
41293
67853
75244
10854
16004
73791
8245
58481
22288
99357
21348
77540
69747
60639
98137
37093
22809
62354
75530
59148
57312
54229
73179
14661
63742
86632
33655
14237
21322
46751
71974
52063
2532
23643
3522
56019
9709
66972
67785
54922
27368
19349
54735
73460
57432
61634
1721
95084
68976
60682
4751
49916
71003
99541
42461
94326
14630
85560
31596
27913
17650
94589
67055
64219
39327
39449
83888
24175
56072
36797
30834
4495
60735
46198
20703
33241
89386
54419
44158
88723
1925
34532
96600
20637
31923
82650
66362
46115
64413
45581
92258
36940
90415
9640
24810
44661
80196
16047
72599
40834
6558
57388
32551
71330
50834
13321
38437
25049
91051
35344
5401
21485
77481
90441
21249
44016
73549
45706
52026
16845
98660
95184
2860
79641
7701
13399
51180
15375
43446
29525
25235
47404
31612
56048
26331
28814
52822
86327
9576
61615
42308
35665
34585
55635
25855
60728
57055
85536
53471
10357
15798
57538
79883
26882
78778
50750
68531
7846
24439
67258
25879
54601
15873
32892
3009
43580
62235
71055
8386
62970
93944
62438
7968
76705
46746
48274
96088
32951
2061
73789
60552
32234
70798
15873
94989
4234
3254
71709
69889
34142
53579
28808
52247
20220
26581
26444
67823
30192
19562
14657
43842
69344
15037
7653
36914
48688
70147
77778
84242
15240
64403
33383
15227
17571
46283
85368
8046
31183
19486
35716
33517
35478
66272
34723
34311
57453
76503
44224
68534
87136
87775
89345
3853
40292
83362
52254
42153
85132
95034
86765
23324
27779
50025
49841
44310
57072
45073
95747
3512
15882
69795
74759
8568
39965
64715
53179
39668
35025
20118
87977
24375
24793
88898
45135
32717
90575
97188
27058
28844
57056
69070
11438
52052
36080
84520
65963
97799
14573
51171
91466
21277
15236
13151
31671
43877
14004
18111
21221
50143
88460
18842
57191
68571
74227
88432
98911
32702
75583
24163
41209
50688
35853
66484
36865
26885
29166
81955
41764
79488
52398
47392
57008
8950
25228
56248
56890
9957
47478
95153
63767
49554
7998
95959
23851
64398
7861
11361
4023
19262
9218
58440
95723
47932
8918
79357
53071
27636
48700
61065
84687
5633
54651
59473
52889
24718
97012
29880
97418
9324
85577
19131
92662
53062
88390
81114
62847
84995
88362
89261
58631
6183
59190
40885
93634
22122
49866
72731
58927
88412
80905
20987
78381
67258
12179
748
97795
69986
98670
39323
96631
56309
15999
58430
92716
19689
30707
63107
59728
17544
70369
2356
58731
87977
31247
73216
97312
50341
16337
84519
58588
30733
24091
6943
24455
84389
25695
97293
94473
11378
80599
8445
16584
60822
73813
60818
51852
50856
33629
14665
8683
7764
37852
47650
15414
6906
26226
32807
17700
83148
46256
55226
71061
38563
45103
75988
12200
73860
61914
28098
89939
40356
91698
80968
11045
94750
63103
82350
47009
49500
99559
37017
65760
56397
97491
13780
99479
92674
79482
33717
49706
57301
60548
61386
42253
96355
81757
89275
72579
15310
94350
24092
88317
55925
33310
47090
99291
16576
83027
83259
40891
32439
87473
56053
12486
12016
82753
75532
9604
10642
397
94226
51730
58529
92286
82114
77820
98498
23247
10751
85727
32769
3341
53627
869
80025
88038
86937
57392
8814
23538
87260
74975
23698
55341
90791
83695
2700
20675
65786
71828
63925
60393
38191
4107
89880
85272
58171
57133
8577
69844
26791
32109
17216
97785
35375
42352
80239
7617
57232
25388
53332
82828
12644
83464
54266
65575
15840
7408
31914
44152
3500
51716
68692
20164
58032
84525
39531
85261
54441
75330
87653
16249
27352
84369
4360
20976
54711
82360
81390
30680
1739
46303
33892
42262
11392
28400
38337
14182
19665
46056
21281
22098
91417
2613
68215
13411
7308
50792
93012
17139
40666
91386
21180
42218
84780
64876
18525
10819
43185
50631
95550
91466
19092
47601
72843
32663
2639
6793
83019
25303
79551
19612
69633
17308
84076
53236
88059
7126
32588
15878
44422
93479
8629
97270
81533
90112
54934
74941
78323
83690
39249
80300
70460
45419
74430
13002
8617
53664
83884
15014
40114
44425
34350
57995
93296
10775
74268
73630
79787
40419
90881
17133
43507
1632
48032
34937
91730
9513
27137
80468
89500
67014
54064
29789
27480
79460
90330
89821
60593
61497
84210
28266
20245
92760
24834
47332
72531
59961
94245
48783
26568
22176
71123
23639
81052
10033
87907
72482
46860
93446
85804
21441
32061
53016
62682
96522
18753
345
73245
50547
52074
47734
43240
58550
14829
69208
41881
98894
98554
52319
43789
9985
12876
33023
92950
70487
25247
47996
34412
20214
19602
48198
45212
67773
93825
31976
69175
10424
81149
88235
51760
52748
79585
37349
95669
30732
30664
22624
47495
90495
15701
7907
45333
46358
34555
76570
40726
40373
15767
59353
8676
8364
71360
65802
64722
30780
34046
51466
64154
46278
51163
51808
16863
39266
64234
25664
52194
92802
50912
32453
53593
56471
53418
4861
82414
77495
34700
84468
50865
15427
87394
73390
56804
83967
58543
16575
29689
40502
33217
66721
17265
33675
63063
30695
97467
57848
79647
83471
13053
76514
98210
86177
85749
89894
90464
96010
36763
57213
2507
2582
3363
23313
26516
2433
40269
98940
97303
91533
19357
88182
51596
56367
24990
99034
45462
56747
39658
25323
18299
41260
21144
84301
11974
797
9582
51829
40328
17210
80958
92154
27700
54013
74475
67707
89926
54570
70110
27958
85371
538
19519
10883
54558
41013
72465
18479
23069
16919
33494
42712
62970
13622
26909
63478
17125
94338
35953
26171
23349
10294
20267
73492
75386
90329
20903
99769
33170
97816
7645
21424
34636
99176
52682
75751
5225
55267
48895
44048
50573
77187
87433
94139
87739
91218
89897
51816
36621
97089
37847
23571
53600
28562
44003
92202
2217
23459
47895
8562
19666
43340
54950
50868
91384
16190
92866
68897
11873
90062
2789
44701
80348
98835
2170
47418
82744
50773
96527
63702
27444
26594
34315
84951
94992
22725
41853
20365
50368
52262
30521
60944
21522
49668
24323
90897
74403
7355
92597
59529
89461
12507
61388
11049
27714
20679
53886
24584
82662
1425
63174
27664
13581
73021
11424
38071
10334
74173
70014
94528
58117
16762
13604
24941
73368
70570
38415
97085
29487
76701
3481
9737
86013
90888
30750
6748
85770
68557
50405
89305
43695
47160
90613
47097
67059
86904
21799
35629
36918
26485
24625
60634
89450
90277
73598
24234
63011
31765
78667
97458
89828
82630
80260
46661
28819
69303
82092
85528
81706
77361
22436
95683
49944
31349
59485
23805
29861
40524
9929
23193
89923
668
91825
42283
41384
46656
32094
66653
42021
85269
52816
4207
93239
39850
70264
68938
35058
35510
67290
12070
57765
74638
44632
78273
8145
21613
84833
31042
69953
15559
31933
51923
66034
28027
52009
22617
33836
92671
58491
10108
98402
69427
92096
52272
93808
42931
98027
46260
77994
16255
91502
26410
12095
57945
81780
68306
93469
24544
71837
86357
96888
72529
12410
77070
47158
85658
64
59238
52301
13479
81224
9023
5309
26534
71404
7076
58635
51343
67985
20214
30315
84946
76069
13536
78476
51426
42151
91337
23780
70658
27828
8502
50133
53659
83356
26882
74176
440
45851
20112
30353
97013
26035
36634
4415
39277
84876
69312
30009
99961
61570
112
18758
30520
72832
7304
12126
29115
3432
7434
86727
94250
78250
76000
64114
4551
83471
91274
69262
88466
20928
85735
64559
22405
74026
97549
24243
14879
43853
75521
46015
24449
52777
42621
10569
96805
81834
41244
8499
96236
64058
7342
17999
6722
71059
37460
9178
74758
66675
8696
77569
95976
59423
83346
95094
7320
77083
43182
34322
31362
98336
7295
39845
72228
26508
91771
60135
28698
85867
54204
63546
30189
28442
99279
61301
50638
41961
47549
82118
96261
82960
18409
39547
83402
20327
83550
8965
92831
39766
40088
21279
15024
14828
29851
76996
91535
55343
83964
73323
40712
9744
23527
13972
30323
54071
29555
65571
60136
99436
70849
12434
53686
76234
90078
84686
8087
33160
40328
22552
87630
41643
68227
95953
99353
10794
79448
79209
6796
15934
3346
75964
43200
44388
47140
6607
707
50475
87449
16337
29394
6221
78188
19792
97699
93127
98670
41741
39798
96459
83138
77189
43571
86040
95902
58012
35702
8962
84353
35680
39327
53131
95300
23506
92366
75034
78141
88281
29385
84931
37869
18536
35426
29972
62922
39923
12986
24349
20291
48116
27291
70085
92286
47579
48574
50201
94572
13770
66093
72576
40545
10888
83144
29358
7529
51694
87516
91411
8371
94874
83298
29145
59781
68343
16889
36433
56896
43228
70169
63462
67833
74010
17481
19833
33799
23583
40271
44435
38448
66808
21973
34968
41240
5126
15204
52477
67081
90970
76696
91893
7187
57579
42615
66663
22373
37483
45844
92554
71304
19487
17594
64037
21201
57110
61541
34878
77578
6193
5395
78984
36246
34961
56314
70509
1911
46936
38494
82344
69984
11016
78119
24686
37650
14415
69861
51384
99891
31439
82948
98258
31099
39365
87816
8491
62965
20683
69637
70722
94795
18722
78241
53169
3789
20762
96267
81381
61919
58371
16264
28049
74588
14216
72818
88014
40996
92322
63071
89113
74985
10422
50069
63448
16641
42613
44523
51086
32559
67372
49022
71633
60667
40724
91233
41131
87537
46042
48682
23148
90253
26279
64366
17604
23566
89697
11719
95575
57186
30560
25404
71649
27827
74337
82500
10470
64368
52719
72165
69871
38802
39191
18008
80334
56803
42188
45606
75571
80199
60711
86187
73798
18230
38250
5511
16193
53019
33949
56773
96397
84022
56599
91440
12044
81507
79175
1269
96454
1029
94914
5773
19220
11097
20833
5702
38459
97613
56696
83704
8668
22729
47527
65215
71496
24102
89999
43923
10516
81405
70883
13669
65331
57636
36258
16228
18788
1907
47910
98777
20155
15190
97709
39199
15266
24331
45658
61372
86877
74061
24359
52507
32588
72285
13564
66679
14483
59745
76198
52536
75103
43178
70220
86823
44786
47039
66547
1722
51676
67825
85388
14784
93720
19842
63167
89667
15186
85489
30598
37160
54560
24190
74075
70994
71937
86275
4427
66651
2073
54549
25958
7055
80928
9356
95224
37353
43711
11039
67029
74521
10718
3031
87619
17103
14092
50304
51110
1228
61951
83652
33778
78152
60241
42469
242
46764
18843
26892
62226
76708
89398
50448
9435
12146
81303
35784
61217
93718
41864
38431
36414
59523
21286
89287
73150
47445
98380
53657
29932
55700
90276
32906
22914
1623
27208
36534
26153
15094
25797
94898
73497
47692
9500
53656
19650
92066
86069
64386
56712
60421
71020
92642
75622
96639
67010
82757
84509
84927
18739
38124
37018
79992
34603
43457
20418
41784
71482
17496
77008
48462
73634
46463
17822
36588
49809
5754
45964
58548
83831
96006
39415
33054
24610
21033
93464
97211
77964
89340
25192
54946
48702
59212
4399
49135
82842
74463
22828
18304
61544
13144
564
77889
75199
1101
3078
4248
8505
58375
47739
63313
81445
77142
77578
53147
90920
54762
6043
91751
60049
62249
22563
67058
23957
10690
64831
51108
11931
24347
50297
348
25315
99712
19352
10460
4934
67070
40743
59715
45467
75337
355
12277
88493
79398
25739
83254
66766
28784
37506
25245
1847
45416
42462
27818
59161
76344
72869
33532
23523
21125
56813
97269
19838
58880
53493
5395
17614
96405
6794
6532
33606
11707
26328
70167
37442
26156
96251
66200
83801
32181
65599
13461
29078
37659
5166
87639
30890
88739
20906
91548
8807
9147
22299
35689
64269
34358
26517
69773
15555
65530
23108
7624
34632
23480
83797
92939
79445
23954
53518
18876
91787
55404
81577
37175
42153
96123
52013
4110
94035
30960
67338
54249
76422
44097
41084
87468
65300
76536
1756
98380
904
16931
64752
34057
91060
37595
52365
46681
18313
29898
63976
15524
71928
47309
93285
65587
68969
80975
84011
42310
10962
94533
5275
93157
137
73729
18105
80092
89299
95359
60256
19377
78207
43170
92368
41258
27457
42000
17924
79366
22928
60180
9633
85945
43764
59912
20846
89303
33436
11445
60255
53897
16894
11804
22676
67274
29864
44520
83742
69470
98449
53528
14983
57246
4526
28152
32225
79715
59233
16471
1411
32242
72675
92883
18534
99021
81167
91084
30348
30760
21689
68935
54253
60454
57976
53287
13697
29743
16200
59252
23773
91991
17978
35076
22
44799
80368
95247
73355
56191
52523
79332
46803
72254
45922
43300
63451
28446
50394
23146
29257
65523
96122
12531
45811
89289
29211
72635
24317
3537
2147
93140
63769
90019
80425
70297
10094
2707
66692
8023
49490
25561
16162
12999
99747
37330
77716
8384
45902
5683
72335
57427
16681
22383
73681
10675
20005
8491
6387
77318
4042
89627
27660
16367
28278
68357
22374
76354
85635
95979
32756
83671
2136
65929
10484
30793
71378
58531
63450
65145
51329
55183
45026
25680
8672
41461
38816
70247
68164
16940
70582
52799
29317
98004
82553
44276
33196
18378
62886
70610
27602
49553
88060
36075
2538
44617
53911
42569
56854
92940
2474
78265
67639
80503
39046
26037
72697
49749
66182
85788
87693
75255
91370
85673
28187
8343
90865
61771
65054
20635
14353
47937
10239
61332
23501
60525
6170
17551
83769
66162
48949
229
94721
47370
74640
4501
8067
77416
45778
14824
50199
66441
54975
11568
34377
12972
51552
75662
97343
54893
18459
5412
94917
50112
80323
23005
71336
26670
68543
61004
8400
24837
94541
15430
7632
91677
26691
7419
21019
4993
36397
42180
37962
58930
15973
75430
19116
28781
71932
81020
82388
30496
2527
44498
88570
22581
55472
70468
47229
38663
5330
34295
89881
80576
5137
31947
57207
12924
76599
84742
46781
57242
92760
75827
2418
94029
73773
83234
37269
77633
40210
70882
66926
55831
49903
23533
96464
91811
34561
67263
85521
63322
51368
99647
83608
66438
18341
21075
33720
51182
40520
50067
77063
93740
56685
56520
60780
65682
33199
78617
84036
65948
63613
28452
18045
93049
36717
70339
41937
17551
37597
5456
77430
19269
42377
96318
68754
14216
36546
17746
46473
55736
74819
31915
52118
77550
16516
10537
86079
98317
96808
17567
50612
6885
67544
26756
89774
24350
1931
65206
92587
1414
20073
96586
73497
89538
20535
20072
71509
88494
42110
20683
38327
28619
50437
99024
80901
12721
40737
84245
91396
21265
86356
63464
40460
87904
42421
80291
84753
93837
34582
55440
72297
51452
35409
67490
97698
3213
41586
30274
36016
89412
74675
16225
36545
90035
14561
82514
68221
15302
97151
23741
72663
26296
22032
13406
14886
7158
32163
83809
10579
71455
74545
70928
29087
53481
66745
36679
46747
83538
28226
90991
63082
35057
75762
92535
19834
64933
22896
11756
66668
48852
13470
73926
92378
4524
7580
4394
88895
17026
54022
6268
70855
26049
50557
44108
99656
40436
13426
63839
56195
43455
46466
858
42026
48449
11077
24822
12320
21591
72093
73705
68494
10766
57476
43381
39566
76496
76104
80313
63800
80035
37789
89949
10359
85150
26622
94198
48725
11443
28194
5303
41297
95284
65999
25903
16346
28403
56232
43725
23335
58929
86882
39373
84
48911
46050
63610
87730
12116
76884
27161
18364
93466
72752
70702
36052
34347
99124
42113
96793
68318
80240
89264
32379
51799
72384
39294
81197
98152
13903
10927
47624
45599
69838
32912
44160
73002
33092
75737
25771
41131
44809
39676
24260
78028
10788
88665
80610
30664
40297
19502
35711
67228
97180
48271
21690
94143
23351
53676
93420
61023
11666
22228
55210
76878
51265
26789
20990
66581
57672
85452
568
55272
12391
61180
44754
59392
13035
68220
512
10811
90245
57751
92323
45373
87004
61497
61812
67689
51326
21921
21428
69936
92645
34904
67668
74663
79188
58999
49664
52111
41004
30986
4700
54988
88818
13438
24425
30198
45968
58891
85270
2892
72573
55462
28038
1951
55593
97735
64505
45629
27894
48494
7476
20047
10326
3267
8317
99754
60006
93175
16317
95563
68359
4958
13829
54626
41173
15099
54931
88964
50278
73064
75804
52254
25885
90052
47579
44074
94145
29757
78434
77759
30828
60943
76970
32804
42149
62815
11789
20327
67995
70693
38154
29931
78153
32073
12995
81820
57113
35843
23704
20662
99807
70478
34089
31448
24675
76304
5053
25313
33389
22568
91161
99330
51525
78619
43655
75187
52136
98603
84308
5103
20977
13014
11596
8502
25402
64674
7749
24126
27938
73792
84650
18572
12459
45863
61064
56829
94786
30832
10597
53170
69429
83795
24789
20462
39953
89238
12939
93101
80078
58954
10889
70840
17451
38665
3044
6989
83106
91240
88689
98497
43
906
34468
92897
94171
20664
40557
76369
31800
81107
6503
18790
34280
76982
35714
48204
16915
43384
74712
66009
43238
59461
61466
84980
96644
5797
39553
5074
6531
62805
82277
68437
306
65496
66856
31341
49671
50354
70867
16285
35568
1528
52898
29713
70125
62646
59531
68049
51599
93413
12685
7051
4084
15302
10108
93055
45403
96207
45264
58459
31448
9849
75356
9081
77840
58373
57027
29500
40488
34520
49595
81044
21022
46402
59753
96452
34696
22128
16669
39832
37369
96052
36963
18592
89003
21828
37425
68770
29287
81468
14794
16658
940
14606
29825
26677
31504
6574
8833
1050
25651
77870
78701
35227
16901
58947
56926
10888
16077
64189
12894
76653
7888
86687
91042
83716
37068
74475
87218
75307
69438
93056
45462
64675
2972
57925
45945
94822
8214
28523
59938
84154
94078
15912
38465
55078
93521
26216
12472
36890
43818
69017
38888
94619
93341
8055
65514
51012
87853
59700
12006
60184
74260
22344
43461
12880
8991
86191
80443
56435
10278
95127
18875
45112
62590
52385
53210
46436
63961
5706
89147
49140
83708
92256
31421
88683
97476
29482
55493
97486
46299
27720
17129
80538
59749
47574
67034
87477
26422
17815
73582
62708
29641
9042
42528
3604
6686
60689
63718
3393
89430
36136
30916
66101
5621
34521
37577
10927
66772
48465
74581
33634
71644
10420
89206
337
46832
33222
22660
14023
69284
19829
95865
68317
49490
56259
41276
81351
71470
98615
28776
99288
8580
81844
38242
15826
40273
90247
79105
9897
56740
56219
33872
6150
45171
8758
11310
63770
28026
30013
79156
40766
35553
72567
72775
27460
77378
96618
76151
24131
51284
51030
53456
74705
74835
45338
8262
36654
98986
96080
53615
26544
5665
33567
8983
22902
29636
77144
8388
37427
91016
96546
82038
58302
74785
62674
36646
71427
54064
85355
98009
95655
3153
43872
51129
7144
82186
54504
75672
2294
79000
50706
77034
29501
29514
23757
50544
99173
82884
53278
54407
79393
24422
39198
76958
39128
41189
42480
65705
47357
61087
96090
33930
20754
21105
20216
75878
62087
29435
75693
15188
36206
45340
42781
14978
81754
88995
29523
60137
57680
75721
65079
16161
445
22674
94738
91723
2436
72735
99694
64121
9957
53721
51166
71455
74396
25147
49918
60930
37539
6675
65556
69027
67249
94444
37612
57633
67720
25377
13927
73962
80526
49595
36188
85575
75098
73452
80106
18317
14733
62429
67810
95634
2969
38611
76963
99540
62052
85766
39617
37867
83975
86439
49714
29788
30765
12173
84536
91902
91254
61988
88805
66680
10375
56521
35398
2005
57981
8734
76858
16752
82519
32954
70882
30410
27606
35587
41993
44049
80314
55639
30076
11545
19582
19345
65149
52915
41522
44013
88884
69827
70013
23628
90394
54989
63915
74309
40553
65897
8989
67939
41492
30996
97482
65180
18060
97822
69268
59811
82420
43051
80528
66557
77751
87481
90680
19811
81498
89848
69075
8648
63713
16979
96341
27577
65859
32060
61254
63080
90781
399
50082
86466
95237
92687
53643
15583
90219
77316
56898
19929
81577
42577
48323
58110
5777
96942
72159
45631
30375
94509
55599
68254
92626
80829
21784
96001
87975
4522
71519
29649
14858
65598
4899
61010
75263
95920
35565
98937
40376
89481
67378
75283
81598
83101
37788
55447
49909
28147
20132
88617
44187
68541
86960
61891
2588
37484
15515
55337
49355
40301
60558
13566
71502
17042
60875
95331
46174
46843
54175
44482
62908
92371
8654
45278
78008
57758
75180
82791
43435
56794
59229
98416
4257
75471
11680
60052
82249
82103
93767
96764
57209
60208
45515
81316
78719
99262
61632
43471
13034
73437
73197
5029
24707
42788
81741
24246
55738
74043
18929
73518
11265
38027
10117
13851
40544
37244
99540
65651
22131
73595
10438
83444
76035
64139
56672
70469
26480
80245
44232
73749
70851
74420
38580
73201
28242
9166
20031
37414
1009
77077
44826
97543
94726
36268
75552
11413
18901
75720
44847
40581
28051
46406
16617
84388
95301
72774
47514
18012
12708
50556
40721
95979
66666
31243
46183
16887
9410
40751
81480
16526
4568
17630
9042
72809
27458
20149
15241
89177
89685
41121
18801
33160
74692
96414
85877
49124
93709
25403
64475
71999
76916
37927
73487
12959
15664
55998
12585
40789
1421
13316
4331
83580
80180
9391
4668
4613
6669
63928
15252
26093
27285
22132
81913
18280
3954
59221
24092
11678
96522
82455
95643
83958
15550
6384
18688
88888
92118
61116
1470
72011
153
824
57884
15080
6270
3400
59176
55264
4885
41444
91715
29409
52483
3153
78200
2093
95315
95732
66049
49835
79665
37299
45312
47563
49928
71162
81882
92668
77680
65954
86135
3961
51429
546
76075
50793
77688
48637
51567
97675
86245
12526
38891
4850
82177
66383
98420
71541
9703
62779
49668
29056
77211
6954
89296
92317
97752
66298
30447
74428
81629
86784
97077
62364
1053
39515
51249
34892
43316
93140
81545
29323
41403
5001
46304
8358
20457
84496
73640
22388
50622
65767
35147
76637
32598
53775
61592
68543
8374
30150
21809
46932
57460
99461
64585
24684
6575
31111
42678
71274
56376
59820
44409
35962
11915
18203
87148
81764
43772
32882
66826
85222
85277
8329
26425
11024
87894
77851
4159
80317
65582
58592
18257
39505
71098
31580
96560
7495
26427
37274
26625
74829
24489
60500
48584
62012
70326
68293
75573
26398
30493
87357
97593
8401
12954
80158
88275
67436
7547
55652
87878
52078
79793
95284
40861
87424
84591
11921
60425
4068
3087
26518
25008
13224
26698
96546
81393
47278
93380
15931
32166
83050
69556
36957
13322
77316
15596
92696
30444
79880
21896
79228
47947
70550
49074
23435
95143
99424
57203
68461
72033
69343
52927
176
94331
85440
21440
72583
87715
85213
65738
38164
90512
93456
50731
53012
90117
47826
23482
46812
55343
69595
79821
7786
58279
6841
38727
13247
37054
99373
16186
73614
64149
3091
47974
9210
1190
15889
16678
33306
88909
36155
99086
97739
52864
33995
51954
50165
21597
22657
87211
71089
61335
11717
31014
29899
7475
37346
29037
60057
74705
4681
17279
89117
59312
15814
50146
85060
11814
28330
46121
78791
69384
94178
42900
17719
87741
69343
27004
4503
84539
60357
31918
11869
58600
58094
84405
34089
85576
66311
75120
74552
71226
2210
87560
56605
11864
18336
93623
71578
85093
4806
68160
9017
78769
54443
81590
34315
21911
13844
61024
38875
65446
60292
50040
34382
54296
93791
91602
97551
96086
8286
70780
97113
29505
16101
79353
28514
83286
66466
23296
13790
98102
70754
38221
75530
36392
27541
44039
66620
16784
50319
86139
29572
87005
73498
56498
3109
59196
57689
58087
50116
9357
6786
29070
77457
53109
20629
48123
5002
13970
84657
44347
49491
78156
59146
92172
5161
37021
46595
51838
2338
81310
62904
41817
24180
86310
58053
81760
13820
20317
97925
22517
87889
15012
55594
81318
79455
5206
13337
18134
9938
41727
67602
84472
48327
35379
99659
57981
77306
47225
27604
69052
96456
92349
24626
18997
85038
34224
72202
38699
49016
21667
69868
70515
70514
73362
756
57218
18596
82992
89313
21858
24895
26999
81598
91667
16579
68405
71022
4351
23971
25365
913
31479
67776
38077
59560
7301
80365
79375
87040
90238
35484
95741
28049
65742
92701
49331
21956
12198
90240
46649
45382
85079
77019
59311
47941
26763
30534
90103
57817
55270
58625
31313
65392
26259
68798
12589
66312
96632
545
69100
99778
92960
75892
31829
44776
44789
10676
2045
11002
87599
64788
53302
61902
42031
24621
33306
48177
46483
83551
79024
11126
73869
32286
7225
77546
88237
32527
89485
30919
93721
4907
15771
12851
8401
24710
68657
90660
85414
27805
40633
20682
80377
63404
38579
98609
4411
11322
52543
40598
51088
58775
38375
14192
43124
42114
93362
87592
55721
69001
114
71863
97827
24134
73417
74285
57344
9965
81134
61154
42392
2393
91317
87074
27638
13046
65733
50129
68395
76982
70472
90195
23559
58576
19667
96963
13518
49203
84446
77914
57281
2358
62618
14032
60721
98920
28368
33653
55027
6134
12068
65511
87586
24864
31010
39453
43613
14069
47782
13010
19480
49435
83848
58471
23170
75740
22447
69460
57593
500
4023
68407
25691
92382
73660
95118
44365
87371
67780
53645
67294
60075
93113
76105
98389
13446
55243
8399
93010
4219
63356
32887
12459
90430
94085
29552
50364
23660
21090
97053
39007
10460
57302
38527
54134
36318
64883
51243
7602
45086
78493
12559
74329
59885
56035
96974
84480
82697
95878
44528
81856
30757
75753
28020
76539
81941
62326
80979
8985
35146
38570
55094
50795
57593
21789
39916
83342
23731
38149
28855
55207
4391
14631
94719
66911
91845
58334
19494
71454
23614
24232
84041
21527
10631
16616
39656
30978
73189
15940
74742
59327
68027
50172
93587
38467
74047
85857
59482
75808
5471
12638
52920
73945
59365
76679
69090
34447
74982
25856
45165
61725
89607
77332
35555
47070
67956
73832
80645
61848
9642
55894
99506
60304
41590
29399
87494
12116
73487
31421
13701
32468
36031
20390
3095
73956
49428
62691
17494
84880
90409
52238
27388
22579
7351
57980
25951
71438
2910
40613
95948
55527
76596
85187
5111
40814
11815
5068
85304
54262
79586
61724
79127
43690
63979
641
97186
81058
33672
84452
41001
56562
37051
13957
24550
15227
65972
40673
98098
74303
15575
65097
84991
81820
45020
30302
64761
37700
78660
28515
52576
86458
571
18541
36223
80168
56924
10532
82819
20577
57500
66993
80772
86974
30375
76427
29860
32369
38958
97213
95253
68165
55386
68318
36366
4808
68459
11581
68908
87907
5912
29997
1327
24231
83828
73727
74698
88042
15893
19837
18985
83673
51984
63977
5308
77095
34844
24962
66611
41836
48416
5553
44152
38117
6741
17603
15430
28106
19951
77370
60683
66518
37039
29649
93326
22148
84248
89282
632
88556
95887
80299
11727
24806
76391
21949
64719
29589
68987
73108
14996
80481
15146
76517
85430
17074
90238
28568
26396
86609
7509
88797
16878
68654
42638
82820
77627
45966
99269
28006
77921
91304
40983
20896
28642
65640
68504
79757
54087
83530
47576
74982
24504
19976
14199
80106
86271
56093
19463
7289
33895
18965
72209
58517
63763
66249
81342
43870
10349
79093
89762
1272
53118
87648
78503
37431
82392
83947
29217
7737
52600
68345
790
25479
67126
67143
89096
25342
48676
58133
68011
59900
77844
43169
16251
87589
40919
66654
42766
95886
27141
31897
40195
95258
19599
10209
14387
81243
31
68036
12291
9232
85982
50182
93779
39237
77491
8470
89415
13793
60880
48258
7037
84952
64568
78652
13420
3337
71175
18588
73247
35985
83695
37599
36021
99697
21061
26721
21755
17872
72476
51309
47488
44722
88272
6809
94725
46708
94674
97908
69201
27125
3060
2935
45033
96924
77325
66264
99444
62252
83589
22701
60435
58477
62331
63338
43966
11045
16049
88034
12758
85852
63433
98797
71830
63316
63600
85749
48641
26524
45625
40870
89762
2462
66282
80533
66442
75825
21558
37066
19710
66042
59496
66304
41015
35286
60849
14266
91665
61521
55439
70827
28215
29591
44283
52057
68387
47726
94851
82337
60476
27883
34976
90877
29961
82590
88105
57088
75608
20315
25865
75374
40335
46384
14844
31709
26005
31702
63315
84903
85820
6191
47623
76779
48804
77158
51463
54163
42971
77489
79872
70568
1028
58097
95768
73004
43345
85579
81657
6552
8337
73553
42967
60382
36249
18119
99181
70394
31896
82653
55930
3006
60964
73303
87786
34997
62711
88194
40558
31315
30164
82422
19665
21367
30463
38103
90143
29605
80617
66085
12596
2269
89762
94938
49472
52923
79519
22946
73477
32166
25229
88125
64584
73409
3109
89157
22285
66247
50466
14321
11666
42131
32155
50793
17576
85914
50925
65677
37790
33183
69574
68186
22376
96111
99100
88687
34702
71687
87906
74582
33684
6515
14965
63284
51115
25480
44429
49805
25617
36288
53810
66083
16095
78711
6549
26189
66435
21313
28404
19917
71840
39685
98836
48969
64621
85373
51725
49062
26032
79035
37285
98254
22922
18398
43205
9756
11186
67010
45430
27600
13178
17785
94269
25539
77639
25061
64168
64242
28568
1118
34081
51353
91672
42797
32769
62514
72723
41036
292
67588
53973
80063
27592
44288
48451
62662
96305
80141
76060
35908
84605
78421
20205
52415
30404
73680
55386
33457
66999
13207
49291
29810
14866
15457
79796
74961
23964
25641
55721
65521
89524
20369
59875
6043
17610
52091
84553
58941
32192
32990
93343
80934
2661
28129
1288
80033
15953
26082
93938
88910
16144
4730
33977
50805
31496
50895
5290
37143
90774
95037
21009
28183
85632
61738
87654
65284
58027
34055
97097
47044
19582
1424
19891
13320
52691
97462
51456
46636
17127
81699
34374
87263
29598
80524
32710
38659
17545
19804
9915
55878
7502
9620
95548
27287
80578
89602
21690
67975
78453
98466
73903
47535
97347
96417
23222
88150
5600
73328
65232
93894
17715
80438
24512
36032
24123
16361
78495
9879
44244
63639
85888
41196
80263
36667
61105
8118
54744
66882
71888
47154
11791
52629
71941
46259
2934
56517
97825
45727
5778
11134
69460
62426
28933
29988
79468
16962
93702
19904
42171
48803
39621
59092
70238
96718
8589
45473
28083
39934
46505
5848
81916
29652
78880
72635
80768
95907
44828
85540
50653
21018
12992
99953
59539
9713
10772
81260
37846
39551
53254
53662
84013
35742
34065
58533
87792
10096
42449
84612
92535
46905
48892
61493
51281
42576
52476
81735
13516
20938
66355
82626
76492
88671
197
30220
60478
55755
24618
15446
68953
94071
99087
6084
59549
67863
15522
82155
90203
17534
84997
79639
48141
92610
48391
10690
9457
2932
19671
97558
79453
35979
92515
81380
15394
43654
48116
47693
52071
56354
86585
8523
23314
37303
37410
86402
93986
19057
9404
51
81568
59874
90010
61048
34346
86835
76086
78319
5044
10282
87657
56380
35119
71928
4409
56552
17416
52996
53830
64132
6389
24584
54551
34183
34797
61719
5218
57497
46071
91496
10801
91025
2512
57899
69380
57488
45230
57013
56543
60676
64291
43972
89608
66609
43869
46056
97780
81185
60853
92087
44410
1073
17487
68592
27889
93707
28740
3530
65765
26623
84656
63347
56413
7328
8579
76033
74994
92060
68004
87267
4974
46329
96116
49521
79024
47363
34722
34516
31120
31985
87731
96555
47410
63504
16127
89022
51627
46802
87768
94677
58160
89453
88149
55499
92740
29575
53650
44961
28385
66615
80178
97678
59168
41833
47250
23680
40567
73624
21158
35206
55922
91547
34772
27526
5445
71330
38601
35443
82098
32918
82876
63547
54120
27226
24751
27773
19740
31122
56437
17774
67498
9147
45589
25561
27399
2139
83436
36615
21469
16252
11811
59556
87678
59746
63183
15371
29142
18232
80770
88683
96762
83330
16581
25318
8703
37407
67609
83819
34629
94912
95463
25935
66023
90567
20618
98375
37625
96930
66471
39844
17018
10775
34653
63055
66336
96946
44635
74623
55164
49751
14778
47863
17951
24253
5781
68457
18020
90891
98402
25638
55225
33833
33736
20146
23292
80267
2618
83929
37867
75271
66299
88843
77271
98085
4700
54299
71890
91602
35505
2178
13405
6316
93693
24335
30856
7453
12050
74875
17202
95747
77546
15337
51365
8304
44188
15484
14921
76102
57488
40155
37411
86658
35895
73613
66090
27247
74631
9035
50967
38206
34327
66328
791
35172
79605
83418
73197
11111
8083
88388
31588
91501
75415
35170
68887
32286
73363
69532
14833
36146
19079
6691
660
6093
39059
58976
72247
96872
20070
96775
54164
16347
21902
17956
73241
55630
93896
69676
80655
51376
32391
53163
69383
2783
49476
17351
45984
224
20623
68607
45026
55066
77865
50070
80289
90449
98923
17810
27521
1820
29363
66105
61507
50187
13837
7351
16577
59086
52622
49563
45977
77405
39902
87841
25510
80533
97724
62107
40392
45092
31633
11295
81283
79409
37198
94940
94562
27565
39120
48107
9548
48229
85558
48142
55700
25853
88812
74347
98413
74538
17083
72817
66923
90495
26281
72084
80878
21001
42639
44299
81451
98970
93491
65069
60990
30862
49009
2384
34118
90669
86671
42596
38214
62706
21670
58701
44122
67797
84404
93917
41263
62087
61625
78582
26226
63468
79139
74639
35787
66664
62370
53576
39639
23082
25953
26080
11974
27676
82303
97648
6710
12228
49213
76581
79157
24857
72017
16358
10453
33119
60920
90052
68273
6623
48154
41763
48180
82959
98969
78961
13124
75200
97354
4873
49341
86983
63077
91340
1660
3385
135
36183
70320
21044
5164
72885
42607
135
21467
62144
87540
39814
22392
62156
69860
44606
48400
4211
45020
18318
74693
93807
43621
64541
14995
25553
31106
1579
11232
94165
26454
73380
67717
64731
39259
14127
4574
55781
20467
16835
62007
33215
58917
68962
60771
56782
92380
7532
39710
66009
17689
18215
37602
50479
97410
79392
90061
95582
21422
86233
72208
17645
20349
12940
48106
50368
1978
17683
10172
37010
47315
77138
46032
64651
96378
34040
10822
83235
38122
38888
2090
8767
29849
54113
89956
15853
27850
99679
96545
28470
87393
33554
41495
56356
1876
72870
67339
60305
57947
92875
98416
52364
6450
16722
26838
69175
91353
10164
78631
88345
26449
62935
51608
78661
12706
8592
44896
67727
69317
82275
21438
41211
3051
81357
50798
72040
57201
72962
22264
36101
28882
68068
73087
46776
87166
26101
99729
87674
32100
67003
77386
71328
42212
62470
85286
7674
44479
90446
30858
74001
99654
50100
71962
85035
11348
20581
34828
64456
80448
13711
83327
12844
11972
34525
21669
19358
13076
69277
32219
45808
96923
11646
34077
10768
99042
56523
31298
17722
30520
46529
98769
99664
46129
67797
57542
73536
23244
79605
8997
15766
14274
64425
27584
32376
40930
65618
67815
4959
21455
78119
27548
2846
99038
54332
90145
67993
79276
85171
43574
16715
38990
36742
40103
68606
61306
827
3231
2394
20829
63006
32535
52944
57247
33565
87443
51429
60867
97276
58787
61435
84462
17881
63642
7658
33104
22940
37408
19876
86018
89785
49129
19367
89595
12842
90633
71105
19672
17582
86019
71654
59781
43547
27896
34951
77566
32317
45783
27581
83526
85131
47687
83673
49816
2815
39620
42928
72867
66690
55887
10435
51193
50043
86648
23543
47097
10223
51691
89141
21152
54000
73683
3844
18337
99510
20752
87156
15277
40805
20008
40317
2055
93752
36498
90337
29924
45504
90526
67376
18195
49
76010
29730
86116
37514
38870
79769
56564
31275
30197
29143
16676
90378
59466
33883
77962
61803
77695
16217
91514
17367
44305
11327
33912
12508
11732
67197
31007
57064
83982
50828
50000
45315
63452
89143
88072
26337
92008
3070
77341
60219
19636
76386
6897
11845
37715
86228
6394
28326
50073
18669
68507
50630
93079
71918
42150
85051
18788
73136
35245
79853
39548
7687
22433
97594
91295
8457
68786
60210
33233
7237
89820
30096
94868
55852
96064
62311
78896
27827
23326
74937
73137
88011
51842
93269
40460
9352
90533
77151
27540
43334
14
41679
10681
44862
12657
67953
83751
15970
47268
16132
12784
60541
58312
7866
88275
79495
90352
66998
14713
36593
34401
94460
15200
35600
91785
63907
57315
39051
28804
33409
17876
71976
38643
89207
89454
45744
68742
27548
53901
82740
8006
11819
15777
79452
58485
51559
98450
40034
13338
61229
94337
19540
6275
94281
65811
37816
14750
97025
81793
6140
79363
40883
86008
30050
84629
10394
55133
87374
95390
46207
87420
91456
52683
14888
60295
81952
63391
83901