9778
51338
47959
37235
70775
32993
80743
48151
65371
48114
98056
49526
11406
32511
3615
80252
74635
58099
62591
84700
82459
32374
31713
63086
63493
76687
40444
55347
4333
80284
95079
1984
60415
42861
74115
93728
83711
45162
22594
81807
40667
63456
71920
85832
4739
66822
20647
56260
11090
72478
23415
46094
39950
92319
59324
24937
2290
22208
90874
33851
31943
30790
83118
78115
96108
39376
63836
8846
88585
57714
44310
99216
31043
38694
21689
72453
38666
13935
22406
31164
12820
97264
26144
26762
83885
39688
64022
16900
90249
95510
81670
85611
32143
71636
20948
82029
86461
91180
63083
51723
36072
65802
25624
40167
66932
31458
38784
23999
96951
17497
87909
47802
54520
93293
64626
97497
55847
43611
72449
90747
77827
81613
29104
69737
48355
14858
65755
43117
38649
25537
62954
81685
33190
40686
56794
27847
59785
39339
90646
26512
4052
6283
18699
66852
91058
11060
42313
21444
44453
40020
61630
18972
29876
92000
67561
14174
41159
64365
3986
22159
17324
14220
72395
5027
83907
21367
92568
96141
1275
48179
13389
69853
89325
76810
330
38389
29067
68652
80913
66246
55374
40399
50343
69997
39305
99461
94278
19825
31836
38750
75393
76706
3534
36919
68585
41577
50486
8754
21499
35117
28023
82472
16476
73062
92217
34618
80970
79782
44578
19220
13566
48066
95595
88127
33029
47342
39984
99024
7700
87695
21242
95052
13062
32941
53142
85156
42407
69179
72685
3630
12208
86237
41888
73600
29336
59884
97133
79648
66917
6833
26168
97927
69775
75445
44293
286
88786
83599
25320
84055
39241
77377
97623
83624
74635
78309
8430
659
25506
89761
30016
98881
31663
53171
78306
81163
70730
98577
1361
32095
90111
6660
92639
97163
67360
15984
14582
30906
65136
47074
75422
1471
25467
53775
34836
84780
30202
28167
99930
91744
15089
88118
95139
6776
45633
71057
43906
91687
18470
4171
65466
62275
47778
52537
30926
95948
60016
36287
43874
19892
25472
6838
47668
73196
18756
17132
68832
45873
2321
80375
49872
65062
37679
96577
56177
82392
24311
3383
13864
53439
13511
94893
70966
36840
62774
43268
12004
9958
92837
95491
57727
59889
88882
31908
65555
69770
25652
3504
68163
31156
70008
47151
2550
81886
56251
23923
62305
74494
28640
87673
55639
55415
43912
91025
24332
44249
57528
76135
1256
48360
75059
33343
36611
79884
67488
48302
75425
3307
54958
19498
14711
60439
59996
50111
15944
65560
75043
26145
39288
93003
18571
71561
94025
9941
19858
31858
36157
54664
78300
40411
19544
8008
27697
79231
84808
94869
62998
11704
48947
55827
8976
87454
39497
29731
42674
9064
21055
37102
42860
82973
90741
71802
75887
86621
19477
65190
68924
66158
89356
53784
51300
77696
33319
5038
36598
11764
37566
2293
22652
75922
90553
98371
20320
78232
51267
84238
41499
92846
62
55230
23909
77379
54788
84829
90038
96335
79024
44895
74764
44976
95818
33953
70557
75290
18941
32557
62490
20404
95125
31387
80749
98495
24503
99357
37893
87923
24775
5995
45230
31342
60442
23761
79089
12856
47446
37858
41521
8027
65276
86091
75041
11339
90210
81644
66620
35170
47644
83479
9050
13300
99753
49026
43542
11907
97583
99766
75163
35559
41429
49026
16621
74965
11174
15092
85858
61862
44677
77997
94175
83427
88708
1500
99685
34187
94231
92706
59108
92279
82163
11311
19901
58773
81131
84849
90470
53453
29752
31168
85906
31626
91397
60605
43768
49562
89116
95974
20089
64128
3943
16514
50575
66280
32391
21142
98555
57243
53932
97066
88449
93415
83079
7905
57957
89898
31245
56277
75892
74947
74053
1104
19619
6330
25604
3010
52687
89398
60477
30709
404
6003
35930
83128
11232
57465
46365
74574
97080
69324
86223
26077
21722
55692
81000
36609
45858
12296
67282
44243
41953
20685
85233
21421
53832
28088
71579
46858
53865
72144
60894
52585
16532
49321
4879
93758
68031
99360
65392
5984
45927
95030
50348
36329
2631
12107
79723
98055
10913
20314
21981
63367
47085
98484
14116
56386
20653
63967
27656
28693
38586
99272
21743
38191
23816
4467
59678
49469
22370
1032
93954
34984
86272
89404
74814
70033
73888
52518
51557
71260
90311
13820
80377
61851
62916
74466
32973
72319
83675
48218
95502
1752
12788
62608
27141
39916
68892
89369
55063
32810
55072
85348
405
70528
34428
6227
38666
4139
72428
20775
17557
94790
32772
55921
21389
76026
99191
3449
84162
77404
90318
60646
26925
74552
40405
95455
50320
6439
1242
65773
59989
8005
28530
56208
43660
22538
88974
81502
35843
84275
18519
77251
3508
1311
28118
30665
31375
98137
75311
14168
92771
38642
14030
49018
13017
48968
35035
57187
27379
5777
31429
34537
93718
76533
66462
15363
15323
62486
66255
90123
41584
46028
75800
46199
72639
22599
83465
1736
95309
65182
73903
29213
9612
63191
20096
71035
69565
92305
69394
42314
16147
57609
18736
8236
20805
46858
22892
464
4586
97874
69743
90950
17049
80408
1103
61281
8982
51938
7916
74688
55114
99381
70203
76496
86566
77504
67011
28310
28803
21984
50038
16876
3391
86011
53634
55502
93044
11400
22032
55502
80361
12429
84979
39461
71015
2340
56471
92315
20733
73602
24355
19163
183
76175
4841
10793
73882
84133
63043
95371
16713
81824
28746
6020
38229
85815
96571
38972
5014
23735
58374
16730
66886
93279
32398
44624
92543
55683
81358
72361
6715
16185
94542
75781
49811
15235
41801
31284
62599
74742
45360
62014
76880
35956
63486
4425
31092
90524
67907
51463
41708
89349
98350
39890
12119
74991
97977
95203
85177
35001
69417
46456
60847
46987
30546
41815
7497
68786
55990
38140
57706
84083
66206
47654
37349
72944
99333
26238
30072
1345
64832
90254
94031
69896
49711
90453
53743
38320
98630
91770
2512
97514
35261
20159
66253
63897
95362
13149
82569
3511
45667
76388
29339
89044
68547
93826
48086
64362
87883
38617
61214
11443
13346
75584
20594
80598
82372
48102
71334
97378
60434
45532
52502
41136
8875
55797
75946
26690
47202
72948
61564
63185
58957
68026
36281
68499
22934
77089
33765
88798
74306
61609
27147
63969
65347
70920
67037
92498
3073
7063
79408
76481
29326
90712
69787
91237
2149
59152
80278
99602
78302
71891
5268
14592
84263
46067
34250
68920
20491
54220
5461
56460
89967
75320
33286
7861
96930
95771
44046
18612
55622
79906
18681
97746
94593
78689
21229
63496
85399
19617
64711
2030
63312
9438
75130
8813
37999
99366
69164
14525
21535
53020
41125
17248
93151
97499
40268
41188
57963
92382
41288
35807
44142
99308
21185
67081
27640
37818
57072
83221
19274
34857
16694
65943
26080
52067
64587
10569
41822
52945
21295
49521
83908
59904
82189
17108
81497
90986
67873
92394
95729
56290
61324
51831
62412
13624
19471
24009
6851
2223
6356
90344
13095
68545
77051
80793
10119
15297
30634
55808
40776
65969
72430
28200
97778
62079
52017
42207
79121
20158
60942
99706
8893
48487
60492
16244
25731
31529
43142
47119
39893
19345
59374
47645
92412
81209
80424
26223
11690
8299
45886
35327
325
78804
98951
47774
75803
37707
26915
78339
42469
34365
65040
46967
94284
62772
40134
20578
55539
20494
26238
30982
43216
87092
74829
25027
64749
47778
89868
17400
57959
32957
99934
2294
19218
32808
10810
61781
42228
38888
72566
65890
79629
48390
36607
80967
42966
22830
98427
35442
22478
27871
18782
50178
18461
12306
63810
99766
31716
35272
7351
49406
83521
57367
87009
35286
69980
15857
75683
93031
42656
45385
3264
42494
58820
68096
41419
92592
3021
49688
63900
10188
88008
92034
25626
55807
95708
38396
20099
95400
2660
7310
59673
27717
34528
35652
68385
6334
30395
28954
49690
94921
9955
7473
9987
16465
95167
58141
27013
67633
91436
53325
84010
36520
10383
66767
65444
29561
15324
64683
43791
72371
67692
98954
65092
29629
52107
73835
2086
60897
96956
60181
64644
29018
76003
10377
8382
44919
39552
67681
49308
12268
39295
62163
51329
85846
47835
18345
1728
83860
55981
41665
46567
60203
97530
60707
14126
78594
38433
55519
75409
53795
37858
1993
71442
90413
6302
40952
37301
94091
4569
38249
47564
98182
62276
59899
5502
29084
27474
93426
89155
69821
75716
48200
34593
65918
64891
58920
75800
84270
67262
10546
13371
47453
68693
88509
34791
65586
7533
41646
21278
77905
66207
13945
79628
77391
67831
5386
90428
10158
81217
2104
49659
12593
54549
53331
25701
35609
11220
70481
38291
94291
50101
48250
61001
48973
43357
24693
90820
27030
52244
52735
92904
30259
41453
54873
55803
89492
14846
31330
56655
75210
42184
7882
31061
43484
4052
44141
69409
26818
81054
9945
86791
27320
73836
3338
55460
90707
4324
5413
96587
44839
31995
22386
78363
10655
22903
1839
96434
39174
13159
58385
99903
21670
82774
40341
16461
52780
32545
23525
79298
58286
55370
13794
29765
32510
99831
5487
13191
69723
25117
78490
45791
2461
82393
35789
2735
4320
92132
33162
99346
44859
62671
35356
29083
75120
12315
50268
85223
1829
724
29367
68013
6330
4865
28965
60370
78209
65223
22952
28067
50661
82748
23039
43757
60142
41519
83729
53094
84655
18871
66285
75218
81940
51052
63254
15962
10876
50568
52583
29444
45455
68594
99693
61232
35464
35446
57186
91697
55413
50598
80509
98190
31919
46178
22750
43790
36114
27154
52525
19153
44180
99512
26156
27136
89734
97851
7453
86233
65550
51149
52939
50000
13378
57026
8674
8392
14184
21019
54431
16911
36808
28662
53885
447
23809
55744
57363
51752
34177
75905
78405
22956
64929
56192
10211
54613
35957
30075
89077
3497
45159
1864
20198
83844
67982
12398
79535
61110
20398
24137
64216
93292
72128
64657
81282
21650
2213
50023
35588
51638
87358
3758
61203
22646
91797
38298
96060
19986
25353
31348
17482
62667
26851
18271
61754
90003
19502
88473
61873
27439
10878
59953
27330
17261
74650
57927
31785
197
30446
367
82078
88974
97126
22409
33419
82850
24331
9538
31193
29865
81768
60665
41811
87476
20415
23023
1034
94190
87630
5237
87025
51651
98123
65653
43210
19000
32060
25186
73104
79000
95892
86113
89911
44318
23247
7774
86057
10035
37152
62021
1735
70700
16230
71527
63529
58346
82932
1220
94132
87571
72363
32115
58110
69833
1712
51396
58847
70460
76059
85697
82927
49603
29637
18406
90754
60932
1963
94946
62209
51006
8786
81296
58661
46284
44027
84000
74762
64093
61503
2950
23410
2226
59443
23970
11234
16649
17067
51674
90011
8121
74980
17020
19246
43846
10679
1214
94519
95030
43239
58237
19749
74417
44579
22546
16014
98739
58330
57556
26224
90243
81641
19424
66347
69405
37207
27610
81201
54422
34973
91515
5561
55995
8933
6528
30081
58514
55062
29846
61373
23091
96279
59120
55561
54191
42598
6112
51392
72671
35718
76780
4255
88391
64688
79547
78662
55080
42191
78145
10813
66398
98370
56707
78617
82386
67891
26911
28495
67819
47053
57927
53971
84420
14425
34061
22377
15769
98758
80328
37705
39901
76643
91887
91707
56195
32114
30670
87094
63874
5003
75309
43291
76485
53213
18861
62537
7561
89497
65868
82726
50134
31036
35816
18103
56858
69970
5527
21894
36731
94118
94430
39835
20232
33188
92605
51349
14583
98743
22669
29128
35274
77202
83668
27119
8484
88546
3899
84622
67179
39674
6937
99999
11690
48780
82914
46061
45495
99093
35883
76379
43673
66409
81572
63479
60861
90907
44594
92744
62752
24720
97263
53944
66005
34921
41082
47688
41207
81166
63360
51330
10351
27576
48159
52048
21943
96172
39625
23240
22868
64127
33634
56323
35288
79303
72778
65387
31595
68037
9352
63725
8854
22340
67460
69021
22531
91984
36113
57218
11918
63193
12765
66201
6542
55856
3713
80961
31975
12555
73125
85812
14384
87656
49333
1156
4421
17509
72960
6765
65427
22016
29376
70499
4856
75211
55875
73263
74023
39126
41573
46818
33
53214
55271
97483
51168
23361
73601
90548
27886
43059
56353
45823
18538
3063
30552
86093
89725
92627
59580
9784
19905
96765
58762
29537
69712
19771
97701
1420
45238
40599
13797
94117
84761
45879
43004
5675
6137
3917
50671
86812
29994
65090
88592
71864
100
22726
43187
52695
79238
25884
86617
17978
68228
71678
441
40080
42937
42931
46891
14207
10435
35852
72461
31619
43025
53237
19192
51953
2944
32125
59987
23097
16783
77026
79323
63024
75827
41037
28773
37610
24847
42467
68951
58602
98991
13524
37487
69700
63332
92557
91130
39719
54394
81385
17086
85586
81963
53043
68509
5413
19105
65627
53989
50029
9830
502
39932
99627
40548
86171
71276
233
39457
47239
27280
68884
53580
23379
79211
28521
89947
88002
54533
3561
13158
18062
51466
3699
31592
64951
32163
1934
18680
20972
42093
63890
34216
26271
7920
31015
69503
67339
33331
57881
36887
24067
28265
35837
35062
6269
6391
6304
78739
36879
92564
3525
38391
61151
46672
19341
9536
46008
93898
55502
31323
17044
73538
21427
78934
53664
71010
2147
13195
91063
60492
50984
353
46541
2825
45478
8466
88502
34832
68354
24586
42593
88290
40434
74724
35869
33706
76914
52922
73261
67856
82610
81293
70983
55095
85689
33705
83187
95010
71609
14878
5537
35999
18837
290
82461
48893
47672
69363
52421
92272
7824
20556
71
83175
6083
23895
65066
40500
5602
25726
7878
89554
68029
61926
43782
17354
42285
14843
69606
58822
22212
11737
53713
52439
36572
58354
93163
71548
44909
84521
38466
90861
87967
93942
69593
81247
20194
79502
61099
18505
97723
93820
17768
21338
345
6894
13643
6957
83017
83076
58621
75943
10040
36574
3234
18030
67807
79468
35913
94915
73663
57801
181
3939
60845
838
28417
1332
77565
12253
24714
7882
24557
88479
92895
50152
75716
68630
2368
15392
13429
73378
49483
55805
22267
50600
47634
82088
74091
52657
19774
31587
100000
17734
57311
64607
30144
3468
23165
51941
18700
54313
71
68833
49810
80010
89193
44363
51684
55185
10363
19610
68945
59328
85823
51458
8825
24068
60581
82979
62191
19480
61811
21286
53164
60626
69875
16159
90851
93335
1584
80288
99718
96548
71545
89554
95191
10955
1132
40268
71879
39134
6983
47176
42557
54355
40017
92104
52313
26439
67763
99920
57451
17034
88027
23256
40382
59365
82394
2664
10898
87524
10950
25513
34602
72731
42680
41331
59091
4799
17180
9901
64421
41110
91246
64872
85406
68191
59586
66426
48983
32243
20083
80802
99876
22796
578
82325
52404
74590
46757
39826
61067
88708
7518
93008
877
19679
35177
99535
96378
33454
29250
67078
29718
65847
49751
21468
44198
62553
36758
43216
24074
43900
99212
75855
443
54135
65703
83376
57741
68611
542
45062
71552
86842
49685
83540
5642
89953
42222
11094
54982
39170
68303
55444
54765
23713
83945
12962
47410
69779
88050
81800
88177
37803
39322
94236
28052
25881
99867
31431
36264
47590
84217
75133
72142
30131
9199
55362
41799
540
36631
45003
94246
90015
86789
21284
99484
94169
96268
88046
86650
98150
88808
87531
60155
80317
54233
79104
32785
72289
92306
30609
27695
28482
72032
24184
81918
7141
91673
43600
21387
53887
55541
65268
22019
49552
67633
44691
3490
36931
62270
5754
27940
40039
39019
33085
86504
49994
65755
45983
51842
267
27283
12805
10589
50641
13100
14808
15935
63146
76252
61141
27159
80349
13925
37468
70313
47211
24222
60909
90377
98603
32788
37758
140
32992
10923
20733
76980
79127
51069
30657
59349
39071
30628
74873
9412
81088
24133
28170
5076
92882
51105
31278
63953
41653
69560
12972
95515
56519
41737
82744
47963
33728
5800
22440
63114
21845
31063
78578
88955
51553
42931
31227
65010
29406
41319
37245
75751
48544
15442
59481
34277
43840
12968
46832
64497
18228
41833
19016
16773
84593
30340
19943
24311
87204
34989
23264
44934
24486
73199
44731
18342
26931
44792
8140
30276
41137
38667
60903
96730
62419
51304
3764
40586
4793
50081
73168
78161
18943
60628
50834
84706
20612
92826
80320
13
62557
88728
7158
64218
40108
71958
3018
11291
97173
11498
19638
13454
66880
68176
23773
58071
19187
4810
74053
13763
79216
34646
97503
75337
78317
16901
94295
67030
88996
2171
39133
38234
21649
8246
9894
91639
27864
6867
90069
73616
66564
31409
50907
83020
8245
42477
5960
27593
17337
72802
51432
46525
22252
1565
86113
801
24285
28360
98144
26090
10495
31507
32153
40251
5305
30906
98818
56196
95383
64687
26471
44342
84499
591
54571
445
50686
42427
56242
90038
24516
71900
20006
65743
77669
18055
8155
48264
1785
35495
45594
91012
92362
57524
85413
25722
30597
35508
36774
70595
49538
68807
8256
70802
75415
48747
70452
67633
62112
85440
69901
48007
4835
38622
50261
1630
90470
14501
94323
56259
29125
69692
99902
97247
74933
12120
92870
80037
56684
18538
85432
94962
63550
47702
4567
97800
16659
2259
29678
65840
12927
48489
85550
47191
34311
21698
3588
2855
22033
42489
61562
98712
27803
92130
6774
66491
9334
7759
78100
94419
91946
89603
88819
35299
66459
58040
89839
92158
25036
52381
98409
45584
25570
16468
87678
71026
29108
18146
39192
96712
1394
8721
41301
32886
86806
15840
66546
54535
66003
95665
16290
20024
6156
95713
35446
60379
68627
65589
60444
48470
84726
27854
89154
44257
92209
72931
15028
76316
13894
89819
78617
79706
70881
41300
14993
942
23627
12379
77513
88001
68429
69773
66616
30561
99683
61856
51378
6431
70807
52430
14884
92659
24988
24995
74961
61406
5458
82201
79894
6416
49724
59445
45302
30085
96256
96336
96121
57016
38411
33200
54021
14749
23379
13860
39450
25645
19100
67462
82504
26731
32905
55430
82750
69009
202
67020
88089
35017
33508
67269
8065
77245
70213
28928
86460
15163
99636
12975
48438
93306
51556
18232
8245
34935
50373
33040
93708
78107
7730
75571
76736
14000
41661
44905
41880
71487
52069
40899
11810
48603
32206
38602
45576
3954
59745
13989
17106
24365
65627
58572
52497
55516
6662
55608
35739
28507
66615
56108
51091
60763
30580
76668
3284
88711
25275
74786
47045
70913
91666
95333
81410
51430
25846
77286
12816
33642
95356
51218
79122
74829
22063
43431
23413
56903
36139
32340
6225
21664
82014
20170
12627
53378
79431
25795
19829
24242
21115
77270
61229
11310
26709
22160
90155
72991
86339
92984
66808
49164
3323
3913
16983
39997
60179
94566
99496
50653
23515
25351
80752
57399
32258
27095
62553
77121
17420
85728
64117
26529
46575
33427
59748
44978
82203
73550
57104
25091
85430
39073
54995
92719
44536
27551
28121
95346
26194
67895
52797
42888
49173
38492
77832
7199
89659
87676
1433
18658
74671
42203
4743
13495
50102
56123
86808
9601
12317
22043
35775
97268
44375
16156
25931
34825
21083
15952
24331
79911
24445
52734
89801
49676
3745
26733
98614
83868
30900
17768
89885
6898
62432
49739
50567
95099
74248
56016
92180
33469
61371
89977
10666
50369
44596
74916
66524
50514
24107
97423
61390
78458
52039
66716
64135
23487
10204
89491
68615
38390
16174
92483
95857
93232
29491
86728
85956
60810
74633
58176
52738
32859
54210
80381
17322
42555
41597
45273
23926
51622
38302
68170
41471
97650
81543
34913
57265
8981
29151
27840
36712
36662
65621
98198
21231
39819
30280
18279
65820
97118
90653
59855
47572
20506
44887
51285
52048
88742
67571
95384
79002
41375
36835
51739
76280
95350
95361
53962
16000
35936
83213
56983
27591
1225
56600
98051
71144
8926
28460
59672
73001
33483
38690
19098
4996
69127
89171
60167
50496
49521
13106
52143
61029
37531
3877
64016
98199
28335
23089
58257
55480
58462
7766
29468
27078
59342
23733
46556
44289
96190
52104
67797
29429
43952
79209
59579
91774
86927
75176
69979
23109
88183
76616
19045
41802
68044
56112
47406
1212
92404
6032
58818
89694
82466
14634
71989
44766
85928
35997
97350
26200
30848
25192
30455
1947
52865
85710
49135
94259
15622
69452
81366
37701
19758
20200
88192
20708
46255
36176
19597
53308
27022
79051
67982
98130
62282
52651
61793
55211
63532
23864
89790
85590
92022
73475
65167
26921
2999
43066
69335
36196
24266
84918
37676
81634
48335
7312
21900
65031
7175
43259
26755
68150
66905
54055
49226
48262
10189
22863
20705
14226
13282
33215
81124
82771
48191
50056
5709
59919
13411
59046
69741
17273
29457
17646
72142
47738
77786
90278
29684
94801
9147
78936
24919
1518
9769
5553
47960
34339
60963
40265
69316
46357
48896
96147
58434
69861
67953
38199
38053
92718
11354
71222
74399
92719
20024
59619
98285
11699
69918
57087
24878
73889
83840
83405
64383
7333
14449
66057
28080
65671
60871
55126
76197
38392
71560
3704
35145
89703
86740
92965
6405
92016
22498
68201
30013
96314
80690
16126
52014
96891
68126
71451
88700
49760
31466
42052
31832
38881
39628
52523
30709
81724
89766
6354
17091
70788
78951
81341
53292
73745
65885
44566
15978
65341
13534
3126
64302
87437
47706
8968
27062
77980
61154
21036
56834
70464
16030
60763
52686
22475
19113
72909
68066
13003
57075
68436
27719
74067
83942
68888
77564
92329
25259
19860
2063
68270
1908
85915
18805
38800
89253
37722
32311
25817
5698
69078
66800
68839
20732
42356
4504
83467
89400
53821
83471
35304
62164
42394
57130
25031
92417
61499
68613
56002
26382
24238
81492
80795
17061
11007
40298
62718
87171
14091
86766
50637
4576
76469
36662
98478
473
611
25651
26846
80591
530
26868
30720
73161
48690
65017
85294
20778
95096
17738
48012
71901
67484
32712
44829
43759
63345
68251
15987
78993
99210
91926
14548
25190
65763
94517
9895
74582
48177
98700
35813
11600
68791
41655
14907
15061
20817
19588
92218
227
12810
75076
85337
16295
46095
83808
26833
16243
88830
21804
77159
21379
34555
81573
94417
43394
56602
85270
11139
11348
15365
15598
23688
51772
27047
50092
46254
23895
98097
58037
48835
6209
24893
56088
92541
88740
96667
87728
8357
56443
34534
33203
76634
79145
21400
53685
76310
61703
80042
27067
43264
84210
15083
29493
18871
86302
46035
50244
11111
23153
11212
41311
29056
86337
37922
94127
50144
21602
51054
64944
2206
5238
49778
91242
35001
72589
67169
43110
26638
80298
4684
35398
91914
41919
12604
58340
37320
16500
90658
37872
12488
35244
39888
77902
78331
91188
35297
6808
74864
99534
77112
83511
82153
54742
93807
50453
18238
17276
88104
31073
69304
49879
7868
87739
37342
58549
52435
55877
18270
40639
24846
29333
64211
12079
73835
78952
72551
73982
2009
66573
52772
53138
94942
50482
27206
94947
48997
35805
31371
19900
88432
12222
98323
65522
5063
28494
62655
11498
70745
94859
83709
5760
80790
70427
55106
90071
64078
98282
34405
24896
72538
75645
60879
10678
70047
39683
80971
39787
6464
17283
42452
50395
67726
99386
83412
44296
59266
7862
75429
56285
19159
80844
14918
43064
47579
78197
24743
45062
12615
78709
14083
27673
97863
42069
11312
42217
58275
21618
66062
30619
54558
39335
9142
60379
31048
79643
98194
45326
20794
2815
54495
57293
79897
45343
8017
42406
2839
87572
50901
45322
43253
46667
80717
12496
49629
94393
8840
32252
83671
81888
75045
82014
74746
30081
57505
6654
98097
66009
23124
18455
1573
13008
95050
63664
38180
49386
47807
25583
5914
20009
76591
44494
2897
9364
21039
26162
29107
62735
64223
44981
2985
14302
3569
33093
65756
29760
29108
80939
44962
71264
86461
34501
12056
78330
22597
90503
76497
68947
63822
67638
25707
66359
83573
42675
19062
82147
52791
36985
37560
36764
2124
94353
56606
15644
36615
84257
3686
78835
62067
89361
72869
38503
73051
53732
80229
67828
5808
78946
25828
32763
3978
16556
69283
71776
93316
68867
31640
35324
46647
49399
59981
50316
66695
22225
24016
59548
77441
11634
46602
95493
61958
25764
37539
33229
77166
71965
22855
6328
90527
26192
74164
74930
92599
73883
37847
36239
21798
1606
94703
34596
99487
24673
92866
92224
71895
38913
75364
78842
20516
92395
98983
67849
70838
23728
50116
72180
65831
73596
1810
30080
87586
32553
71864
17054
38987
2628
58479
5792
89516
62067
84044
4105
47531
60078
87759
27108
91655
92461
41654
26310
3807
76257
80541
90334
90056
49683
9741
88861
87407
24454
37573
10756
62517
490
15537
80687
90938
80704
48697
54665
46804
18945
66297
18073
25728
28298
80232
22870
69899
56778
54758
90613
41720
47049
94949
10546
1240
48830
49954
87227
33815
54518
53279
67725
40481
50726
94548
45359
12446
3190
48110
83988
34315
37233
53151
50906
14541
34605
6631
19127
30291
90493
83832
41755
96861
72337
24178
48659
23212
56933
98953
7312
94025
44657
44603
21649
66406
15111
696
21528
66296
65372
37830
86820
41451
84201
54655
96432
74428
5365
29911
49704
84222
33422
13667
76976
55988
21221
45340
57630
95889
53440
9118
82206
54931
24479
56501
91796
1552
17714
73607
28548
54563
10845
81503
7364
69701
11964
54141
50862
62404
17740
19164
82471
83615
7305
48858
58916
88174
68160
6827
50989
30579
898
46836
39350
46017
96494
60991
5295
52550
4346
81497
12517
65934
57842
42026
12944
61529
17865
28736
6913
88552
5616
46249
8836
63167
57917
9729
76127
93283
68573
96022
47477
8976
31026
16748
87829
68223
47880
97130
51573
42703
65944
60568
85354
98424
56813
58642
25098
15501
78834
37785
11857
55234
16086
1092
28500
2865
83307
24777
60022
80726
53991
23775
375
39655
32480
89653
87670
66222
74824
39284
23954
99588
65343
68989
91235
35917
72467
11946
79326
77762
85441
43566
39607
78388
2594
43796
49088
76631
62363
99458
73619
97231
74824
41085
97490
6016
82337
60315
50313
63835
19995
17305
61486
60420
80911
21386
57063
79253
23698
83724
89377
46360
27730
66447
3763
53167
29495
40329
38838
54886
20306
29481
9564
51391
66076
81330
46152
40076
44733
35592
73422
3216
66023
82260
14748
66117
67597
76965
78031
65840
66701
31031
73532
71547
44542
69233
88491
62403
32094
94454
93013
88702
64963
84749
52496
40691
7704
95341
68038
60370
16032
2607
53606
72078
51127
11346
4176
51937
94412
42604
82327
36855
7610
26379
48095
1414
23982
72253
93348
92326
31647
68282
65013
64482
94048
7468
86220
14998
84508
81317
34818
58629
3539
57111
83478
46027
54933
74695
46277
73805
18840
22315
20448
2788
28604
92775
98891
52978
20735
80542
99505
77323
63096
58407
62875
74715
34412
5540
41283
49624
33619
55559
93288
58145
48827
86424
67850
11473
57776
28289
91720
88484
13667
20773
24727
85331
39384
71321
57868
97878
73662
76750
37177
36380
14527
91652
10285
84887
34429
46574
26730
50504
35215
8898
93112
99791
36478
34138
20721
93712
30339
36945
40297
2497
39293
58372
33074
76992
75521
83081
76252
89253
42183
86222
92901
74093
21731
82611
95059
36894
2786
71965
49420
99018
43974
24058
12342
92319
99854
77933
26728
54100
89522
15314
25921
3829
31605
65971
67759
99671
96942
90794
68482
56680
12110
46486
55599
10634
90058
30374
47889
22913
69946
94022
18846
79296
54069
89257
30182
5824
49076
7077
92450
21908
98514
92902
94324
8908
11136
13907
92717
21259
39455
59987
28077
34096
64176
30747
59103
535
41869
39746
99863
85672
66188
63428
86356
32032
61642
85620
45111
72233
53396
13626
72280
74206
17020
83638
58071
56390
19041
75584
55426
2314
30676
73801
68760
80491
60405
53104
36394
13833
50104
11142
88906
85443
79247
63329
14668
57736
3289
45344
26142
1368
87472
11787
26898
31597
33099
13660
87606
70922
61430
61640
76287
30735
3882
88601
62245
44576
16730
84764
34160
77121
39308
91416
96218
9715
1710
15252
11340
73655
32448
40880
92104
56509
6857
83601
96023
84848
97366
51030
60872
85907
89976
59113
17713
14142
95023
19359
2994
81974
18455
84430
79051
53502
44493
90104
92164
1535
82393
88795
65858
52519
77306
42524
75952
21115
32012
17872
13512
65220
80130
2868
7348
91896
48861
83927
55222
20941
90990
70771
74109
84490
45400
60537
5237
93775
13393
41530
26875
95169
9740
22058
55988
82902
36851
54947
69944
64791
16520
89446
83968
74840
1628
14552
7112
94023
72715
8383
70317
80548
65174
33701
57243
42261
68904
35798
54427
10386
64726
72159
16380
23249
48988
97184
62386
96636
61366
77509
32675
45779
40499
21892
95332
54073
91805
42930
44798
51511
42049
98139
83719
13848
49245
65324
61713
18194
35844
19953
74856
5161
89110
91467
8530
92571
58937
812
16384
23462
81948
23079
20666
45929
37047
6338
81682
7166
13510
69615
67025
59403
48830
63795
81290
52866
67193
15035
33340
69810
95130
4565
60473
72471
9301
58791
29188
27980
91068
22799
93925
67040
69126
20216
38456
34643
10909
95047
14993
10292
43689
45653
94603
84637
79850
20221
93070
60644
36117
68687
69823
70706
82409
98755
30352
19972
1997
44041
86419
84146
11244
92822
58109
70309
12838
79973
9141
56001
75121
22143
5481
69866
92087
88561
92407
13433
57003
7147
37945
86987
34668
92451
7548
41743
44986
98449
31948
52323
56512
75918
40959
36750
38920
19867
16438
69763
56512
64246
97611
13698
88864
73997
15305
40630
75043
16091
24999
89440
88487
63102
63220
896
95932
57748
53082
65835
67270
70751
84628
26326
53954
87273
50715
48547
52060
85051
50116
19989
7666
79914
25539
76042
7357
90544
98440
82019
84354
33171
96156
3881
55323
36505
30155
4004
1982
1828
55741
27135
52919
23017
99847
60635
10040
8458
83276
70214
99944
3384
69228
79205
81737
19757
80802
25336
30116
39873
35460
56121
50258
55576
31120
22596
4811
65722
44955
31027
32416
55186
74565
91240
51398
50086
43998
74276
14333
58624
94382
63290
24614
8558
18854
93281
97015
88509
62033
30202
11499
12038
46131
64514
29128
78800
84042
19801
42108
5258
60515
88519
94544
1708
47006
48555
34906
42854
81318
71128
31619
97333
25837
2923
73481
22236
64333
16330
86892
87697
10964
85740
32397
9925
42266
47516
97457
10878
66577
63908
10403
6604
81929
58536
23137
12969
97903
36915
62978
11693
17864
130
70313
48099
22842
29940
10440
84110
69354
93697
91755
87188
68944
92581
58045
44023
20058
68016
21530
93989
69777
64232
10295
60511
66911
97634
68501
80946
83072
35158
99125
97959
74445
93559
10411
70403
54216
90564
60443
42222
19599
26528
44134
82153
93516
1421
88359
72253
25325
49494
48683
26276
63631
51190
35066
61417
49441
21452
24105
17727
88993
75151
25133
17734
50973
57456
21327
53359
59198
29302
5886
89554
84799
490
22490
1452
72009
64449
60076
75367
62606
32136
45859
30129
23958
65456
59066
17572
30022
66957
84421
35457
53550
67189
5198
15863
34452
3180
1502
92342
12208
5744
69853
36001
85440
34779
87807
25772
82581
14322
18276
39642
3786
22329
21892
94174
29626
12740
20835
64371
27691
93217
29005
52592
25043
46732
66123
83328
25879
82119
41993
95062
10980
24303
57216
4576
82572
621
40127
60939
84381
41011
20717
20208
86605
32124
56869
36787
24657
61938
90516
92401
72482
91212
94261
44195
98473
30943
57003
91127
33734
23694
37883
86328
85295
1089
47175
48087
87668
30043
7247
12762
91820
30268
20937
62366
41540
75209
32517
916
56047
12700
95853
66334
87987
27638
90782
53122
1605
9752
75762
22132
96420
870
82847
94289
31938
57323
40953
12088
31892
96820
44709
81211
46991
4359
82979
44448
10732
72938
31530
14217
7990
68126
33411
62704
46702
61843
51542
30065
25406
41989
33130
48282
43534
6090
62308
85730
60852
71910
50527
11520
46435
80653
88317
66760
48345
38188
56621
10581
82743
65149
82847
17079
47901
73880
35739
74275
53990
93641
32125
71846
6494
76842
39043
44134
66888
42950
95044
76200
64765
34355
53752
8616
76002
35844
78823
6077
54282
83459
35038
69258
45680
75212
80583
87399
72874
20548
29923
60608
14328
26411
18715
72861
17810
37952
44811
6153
68287
13375
38397
44761
9964
73204
3917
18803
31300
78185
75821
48312
84765
99612
5732
88858
47063
60813
46530
94063
24189
9408
12734
75744
68101
54841
45992
69565
41422
479
59458
63503
12793
29150
91
17143
76347
94401
34185
65933
73504
44459
76126
44433
60161
19528
1752
73244
30506
40464
4681
52561
26708
84085
5853
61611
57938
85287
59939
71450
2324
132
32803
45636
76624
46443
68593
30532
70761
62604
98237
10634
93349
32498
66123
4691
28064
22133
55575
82341
66133
23417
20253
87578
73910
70546
5285
71171
141
64392
10471
58413
50886
64948
52962
98740
44210
45191
3241
72700
22227
66799
10818
74979
81144
29636
48209
48820
7843
90453
18288
32765
41690
94979
20956
87236
40913
14841
7132
77436
76616
77338
39949
65236
87412
96444
9561
31849
86539
96895
87004
14816
86799
55890
19602
36051
35979
44795
48096
54036
63926
38470
97752
21183
77250
97253
90612
60769
31806
70293
43657
87981
39975
22999
98042
70136
44366
67972
11033
30258
82288
40627
99589
21753
92028
51140
11734
62609
54976
40112
49875
67593
36501
59755
13654
74728
18912
13173
20573
92853
8285
24683
53829
43618
82243
30500
62979
72007
60925
83712
85751
22431
47202
29259
98626
96885
94083
18342
29448
91600
99300
12530
20171
50888
30657
61110
88592
25569
32204
95602
25538
34110
60235
84575
93522
28831
10166
31125
5342
4489
37081
12924
44834
90471
23283
37613
15903
4688
89728
34486
27309
38489
85741
67656
22142
44724
37714
10526
1158
11972
29823
14267
523
40820
78018
27924
30017
4751
26918
30290
53906
39960
37006
86492
21007
29874
85392
97454
36969
65977
50159
89780
67508
66026
36897
83365
61054
62822
86434
43105
35942
13894
25728
73775
53639
44153
56500
88471
3095
39185
85377
80102
56826
48627
25459
61416
47771
38446
7527
55514
88844
14236
69190
50188
59708
27304
80991
88373
14334
38982
81894
57200
59459
34294
79757
48409
98915
26764
47755
6744
64430
47369
49497
66603
65887
16706
53271
53614
33993
45652
93066
82648
69361
70683
77102
94564
31046
21002
88466
45676
3939
79647
3392
84183
2553
7814
52806
67268
73518
31446
80480
100
94794
94220
6789
44246
57710
28250
19071
49841
13531
65749
78306
74922
59024
49608
38395
51863
1425
86375
13843
8164
26249
8197
83519
4436
85312
97690
1895
2472
32486
97012
85467
65623
67283
45356
14638
89710
21869
3105
19004
77177
47337
776
4280
5312
7058
8467
8496
82400
26626
77640
49028
67158
77988
81256
62760
59177
50615
49848
28710
83907
8213
21043
97584
64089
71492
55273
57849
84818
63701
54316
62498
61868
67488
95275
66141
46051
60094
81254
45975
33194
47281
24498
61599
26981
27947
17270
15647
89900
19187
54730
43973
4114
36746
22228
10816
69124
82736
21492
39291
26853
9708
33183
62867
65456
42285
47711
99053
7954
69541
62242
92377
5609
44179
34433
80858
59963
98352
9475
39126
43214
662
29740
49412
21842
60110
77815
44393
15449
86434
88435
37583
90913
59072
58567
55450
29271
51429
16545
95849
84434
14526
85263
61023
72168
93620
69835
8674
73851
86331
91056
8665
21432
74289
84179
51752
58581
95774
14791
17396
1984
84833
27552
20177
60240
51999
80916
11497
45564
99419
15123
41529
77637
85156
10092
50992
67496
35939
21514
68713
97801
82427
42297
27247
40395
72413
1574
77357
54536
31704
83580
40692
82048
64329
35124
35690
49111
72418
76728
78287
65014
58578
61181
91337
62103
88809
66136
8188
52059
12233
64426
58212
99658
72714
60834
80919
60091
83250
46280
20771
18273
8048
2563
73754
58152
11634
2822
11808
79643
13536
72561
13378
29408
22846
7201
75942
42515
89122
55295
42758
95637
68898
20842
84566
24117
25674
4265
64206
41551
36818
68635
71142
82039
79879
90322
65002
75828
48578
75941
83232
12690
53930
9276
42465
54933
27384
8120
21915
7672
1267
66193
11994
99439
76497
49478
24055
15397
7641
88046
85621
83076
56575
22168
5988
7732
98054
82243
56579
81823
6490
41295
35627
23811
19994
70209
17168
96028
9604
55800
96258
54183
61742
47189
88689
14199
80598
73536
5898
15501
29519
38111
97260
13793
34607
45652
65205
2064
84977
16995
57644
6051
86287
43830
58757
6776
41671
40890
2494
454
80129
61908
12665
54612
55180
13177
44429
99309
58543
15449
38716
29319
86998
40037
13405
49580
46004
88564
26224
4621
50378
28469
22943
51684
92395
68566
17480
30714
15469
70445
75448
51257
87929
63622
94221
52156
63922
82489
77613
73098
19296
30041
92157
48094
6080
61471
24482
69334
33348
95653
61802
33262
41894
99878
28528
9765
26250
86428
62887
90590
64198
85552
13645
55426
19288
55587
3378
17335
63046
37935
43792
73211
96394
13373
77462
28788
58805
74386
2374
44882
31697
94696
86048
76279
92691
40318
23323
99939
9168
67101
40014
7916
19033
45640
78804
36494
61065
53191
41257
2826
52471
75884
29451
35609
84666
36122
67192
91799
39190
91736
43714
92937
11844
54717
39586
51926
46215
12231
46091
37506
89983
85760
44273
57029
50605
99298
70906
39098
39618
56976
43859
90798
72073
44581
30225
17442
1683
63436
42449
82893
10309
2304
25804
48338
16365
46459
62694
17353
47268
93498
46518
20828
74421
57554
68898
43965
39559
95546
55477
83665
24934
75408
849
56562
26762
16860
14381
65835
45991
69498
18565
88691
66217
58919
40647
77697
74694
1534
9610
22139
56752
93714
50920
89215
6834
4125
47534
11077
26450
76425
72816
41216
87776
23229
79427
42904
40789
25396
96420
70519
63488
38125
48908
82003
89098
47383
35043
57401
76179
14768
91347
24416
30152
70587
2310
85266
57225
61931
91160
82827
71709
65356
36701
71347
93376
6626
67942
54852
89129
11525
41009
22602
22940
40907
34760
89114
64173
35193
81194
41591
59617
73515
33617
34721
15312
51405
97466
77470
67284
49585
53665
25622
50254
7484
57561
68515
62673
52016
15992
62045
23936
58071
38822
63823
28493
35513
92793
47312
41065
31605
96930
55797
36712
68496
78862
79627
93056
73080
75431
13046
25097
46186
95392
31300
75697
51264
83621
31428
87696
79241
47450
21463
5497
77505
7378
10263
65074
17020
11566
60282
4419
76578
33797
11739
87984
90680
39398
76465
63111
26200
18361
19774
71359
33059
48079
29959
84048
68900
45235
25417
38152
25398
44013
38929
1140
93249
18880
72982
41235
68114
51719
74519
35666
68097
38380
62470
2132
8035
21911
69153
41870
55192
53
27717
81730
4027
20449
64942
4388
13872
66728
33573
47894
47099
63686
19767
86333
19571
76757
76919
75180
53316
76403
75318
84393
61294
68510
11249
88463
88269
5562
14608
37554
26043
15095
42458
52568
16599
15007
94982
70615
65167
26317
82342
37623
92219
23339
45895
92666
14875
5245
53545
58883
20432
58640
98881
74235
35277
9083
55820
68435
61351
81603
1204
29160
46916
33433
77535
89254
61919
96523
56800
62501
37120
9090
16074
33099
41953
93724
82641
3003
58772
39957
53269
47488
70759
77584
89391
27121
96498
94576
4731
97087
99030
29622
50494
75899
78999
68219
6019
76128
86007
25430
67591
76885
53401
79791
30375
6703
53752
99937
65881
90600
39220
21539
82289
61523
39799
75238
58882
13684
48133
25077
69041
51334
98899
65157
96193
85967
14235
75849
1301
42521
10425
51679
74382
22931
81949
52392
90565
58427
42929
69061
51364
18010
9124
97137
36559
88431
47354
37501
67723
64842
24627
25321
97399
24445
33597
76999
73042
3388
81765
16124
79961
17917
85672
40673
44016
93184
64603
86362
45363
93996
64854
6283
42038
85775
2997
46366
57783
56939
680
21959
86478
33270
8965
61698
36056
39227
57099
63938
19410
88631
77123
55895
40776
12133
34510
7508
89515
83712
57524
42858
98867
87199
16781
37278
36300
47643
54231
97444
56676
81939
43215
64112
28662
39622
89052
63363
84313
21343
5445
66144
54029
27566
72887
81710
82026
34151
33710
48300
79547
58347
70313
3630
77791
69643
38867
86382
97830
34334
30293
76134
33624
99410
34229
774
35140
94894
22813
64198
66709
10582
38421
3205
86717
90770
72797
57440
55584
19126
33421
57252
84864
40930
14421
27675
87059
11830
75694
55939
93519
39691
46282
83588
90847
4683
96441
40771
31623
17872
66878
13806
21393
73425
54603
1290
64634
89341
75690
65928
63686
76880
29729
12898
80962
8399
68241
15927
6285
60563
67226
15978
20110
2606
96419
58980
30471
89043
17648
19396
78951
16319
4097
79819
24280
26609
51643
13014
66078
33536
88392
39443
49600
62446
42308
43699
86618
6018
94579
28276
23731
54209
51924
27440
37776
36805
93392
27449
2476
94282
70052
25297
60608
76539
77670
79206
88815
3211
48639
66376
24294
71811
19904
16079
19463
50424
25201
7457
28100
62489
23907
33713
41583
12563
14220
47532
33036
16624
29437
73512
14517
34170
13323
66436
81415
79058
74280
87263
76730
81718
5489
46383
14060
43523
43796
25273
25106
32032
45786
37381
13306
9822
68826
58422
35109
39237
2501
9883
93704
70256
59565
35984
15221
7910
10928
64579
14542
78861
23473
48727
56692
90381
62939
78713
4466
73563
85305
2071
10481
93992
14726
24431
38671
70998
16970
27743
55215
95763
18056
92885
34405
20913
78045
23248
51750
15839
26241
91796
61839
32331
82531
5197
47377
934
41077
9667
82783
18485
25141
93453
35932
38667
91578
70371
85438
77406
93532
5254
70392
54681
80454
61930
59300
5516
48272
26741
64916
9346
13501
68116
54379
17159
89986
68638
50953
67879
27916
59248
38306
48426
33188
76844
10400
79653
73429
43224
18408
12469
99959
79847
56683
85605
14115
23306
10356
20110
53703
92159
83659
38097
31257
21900
84800
69380
13129
22414
57905
41351
67509
21627
83540
13232
83369
48213
98477
85465
76707
77810
61585
74770
95222
24267
14719
12025
69821
94203
39851
7037
56913
53965
9762
47361
79541
45634
36648
1744
11089
77389
94875
9090
23386
81723
4840
70957
53452
88728
11622
54603
96169
96867
18359
55007
98183
47180
92076
64915
14292
9042
78154
90142
73003
1515
66041
67232
787
33743
13993
97596
97334
76914
50959
63044
41580
79040
13665
9992
31484
59569
10775
63014
82090
89180
75011
37060
6701
57756
20654
38715
49916
21371
49955
19358
81479
71506
24952
68744
56732
50975
26512
66357
45294
65167
34638
46314
62702
6161
89541
55297
73693
40925
31300
91993
55992
44425
97514
24124
91423
70427
42563
25394
94950
96098
15479
85110
95566
10345
10414
72637
56365
61840
73472
68632
92330
606
72089
87874
20075
65068
17688
36942
68841
249
89970
73439
37860
62750
52863
97482
67547
9247
7838
67372
7889
6600
9568
1624
84457
28821
65304
3722
1452
52907
97519
13349
35505
27359
42593
53447
89164
24666
1253
51091
9698
78003
76443
82668
55166
46578
15623
69849
30335
35956
71301
31315
38019
64914
76396
83453
63623
95604
73570
34007
80870
30708
69569
18515
87005
6499
95687
9158
83543
58350
39806
54186
86626
51991
38810
30601
529
50318
17998
4172
74
88054
53493
69169
50360
52467
13095
36903
97995
48740
69568
75878
62266
46799
88630
8367
52100
26353
19965
54466
33892
68718
61638
5454
76009
99952
49649
33854
54560
31416
16107
52272
86621
51787
2402
98282
67281
52188
20685
88620
22203
70029
98306
53522
3359
67804
45214
97591
88034
74457
38868
83125
81619
70979
38674
96975
29293
89455
20009
59544
33344
61991
85393
15969
75912
39853
41200
75973
84664
46046
99914
73381
64344
57917
58094
40454
41009
3410
84496
55884
29820
24066
12386
69640
98751
91022
33180
41369
72059
14666
22088
20948
35939
59031
77066
87660
86514
57308
62261
8272
78936
5041
73967
6028
52740
91004
77069
67099
65636
87739
10882
9228
3367
82475
22347
42826
84658
42969
55545
10876
47931
77543
35925
20389
56184
17656
83516
58600
89200
93104
68155
33775
72473
38774
37340
58276
94518
89258
89134
96698
61973
52659
73275
14817
37617
56635
78216
79449
67583
57621
66217
3409
5260
50691
92043
52922
37656
37367
8168
32221
6295
27143
44684
66252
33373
93428
31459
46497
52595
69680
87314
15354
63163
73345
28799
5687
39406
1275
85470
63541
14450
35784
91042
3131
23118
8882
1119
15935
3592
42225
63088
41469
77634
27462
83538
99490
65521
6111
80746
93984
24064
33153
8507
8725
69617
10021
18774
35229
94742
20156
11700
30019
85025
33138
40002
54846
19208
48162
91805
51872
54560
53124
43070
14002
14698
54211
29663
13204
16368
24130
85165
98958
29612
15732
41726
84194
58555
4447
67121
10606
13960
28308
90800
1295
95850
75559
59270
77667
30519
67341
19914
30730
88651
13058
31037
95549
38106
68738
97906
25860
23391
6803
80279
19139
83994
48527
71930
15016
1215
39306
3137
99347
52431
19710
67094
39540
71716
39396
50321
5821
64395
68880
73951
43459
71062
91315
53860
62348
27641
44272
84416
30213
1377
90235
56055
18418
26642
85949
44507
28126
40973
21577
92833
97039
51226
62181
39031
43656
74760
47939
3273
57906
70072
52181
4706
32478
99797
90074
96566
45723
29501
30503
81634
10791
54321
52055
72859
60826
84122
10563
24426
43521
39435
55172
56498
39139
55518
52963
36184
63442
33118
94285
51734
7154
76298
70296
83771
45408
216
15055
22267
30752
29632
37531
74272
67356
58959
29563
94687
10738
32454
73573
30726
56937
55458
53473
64286
66852
79409
24979
96092
21237
74792
93883
2755
85392
4807
26184
96464
61118
63960
93627
10714
92931
60224
13709
21084
95408
55859
2898
7416
93919
11230
72027
44665
54293
61562
77323
42421
11414
87571
58371
75916
52996
86969
86555
36424
91377
83112
53963
349
42656
23593
19829
77456
90878
90682
29680
74595
99454
1205
671
13436
23765
45285
87665
97137
22652
77737
39086
70479
59795
11200
93085
96292
24479
5325
11410
46763
59704
62422
51054
61573
9103
96759
52768
99582
96435
62116
7275
15691
44571
25872
12596
51336
50545
30982
45586
27109
89423
24720
86169
95779
19056
95203
65202
89654
4909
44386
20421
29005
45344
6672
24787
18509
20454
61610
11336
76008
71090
35237
71641
41058
70407
14197
73536
383
4193
61183
1634
87490
40028
92278
954
55173
53567
97909
19377
79319
6353
1099
44887
4962
41105
95481
39492
61920
81782
67202
62863
42944
62092
75795
27556
60243
476
93672
52456
59747
87367
84179
55210
3613
65751
85117
90532
31093
59650
44715
21858
73091
36706
8528
47556
93973
47261
64652
96518
18478
99912
15378
10546
79281
61244
65837
16627
83687
72240
82143
13000
20793
29737
1170
77039
27242
58363
68071
16452
82937
51416
49321
44604
94138
49272
67139
60899
83967
84904
71310
80770
10690
11021
1331
99408
23414
21528
6806
47606
6861
65423
24972
7085
39671
911
68305
57299
13405
95902
68663
3472
52695
75750
33383
24819
81926
18498
29687
86838
52081
9662
299
40681
77604
73157
16369
18142
12181
44454
28944
18566
13508
50537
90955
33349
77744
26505
24279
69667
91422
23103
58592
23541
79071
40120
83163
91571
61386
11989
30020
5824
15613
30151
91454
42868
6790
99703
97978
9869
20056
32232
87351
42141
29084
64441
12509
8130
12924
83860
58812
93626
56928
3265
97280
82662
45041
75686
73694
89265
78773
27873
63015
57494
32035
96328
42829
47083
78228
40543
96253
62330
9945
48411
26019
99320
22207
55681
28079
90837
2201
6007
43151
83060
51150
21281
56747
66627
34971
89025
24525
89491
536
36033
92844
36700
30531
79114
81541
16180
74621
92974
1013
71349
50478
16567
23752
55763
21822
19077
62241
16523
25161
33120
25566
16295
18445
25864
53915
11200
78120
54413
63027
61870
62891
37192
55317
93274
95494
75748
61403
7212
50960
34078
79400
53885
55451
7322
20795
2802
34113
40215
61185
72587
1415
42568
95466
90969
40099
68194
41152
71122
49487
10332
44678
64249
12186
74579
60406
53726
93257
90735
40232
36797
55182
47983
29403
46334
5967
68342
98641
48181
26618
72778
33260
37548
81889
40183
60184
81556
48921
88793
34713
10608
85400
30398
20921
53338
66170
47907
30671
78226
92191
36046
56050
48035
1773
6665
40035
62704
20330
98956
11370
25889
75864
19760
98541
3005
38224
66342
88861
88398
92693
91367
11190
26838
38902
34298
83757
9854
43976
32894
33520
15039
13283
24255
41993
1219
6562
97210
25845
82571
22761
74720
72108
51447
5540
71829
74810
75858
40768
31784
84685
72905
16950
4814
42959
8861
38228
14695
1072
76036
70890
73676
65234
17182
10554
96126
30409
63769
78831
67904
26500
3737
74362
31135
44104
80872
95698
94192
36484
38187
35367
91692
77244
85227
81238
52523
33271
33655
59044
57387
90354
29659
8268
92299
86040
53992
5472
62321
48550
21701
92855
67877
27389
53070
36974
77032
97316
69034
59631
89289
2836
12826
44584
13205
54038
35244
14095
33433
96341
50180
23324
78224
80650
59975
26697
66091
60046
32053
83004
89546
15221
16832
63581
91227
10189
60385
87716
97706
15607
70994
29671
86136
59731
17284
44490
8343
45483
37168
8015
5089
4161
42134
17139
96718
31285
24991
24579
68354
53274
482
38512
50164
45552
14900
89566
39776
11516
17621
70271
65044
52551
49580
89078
3534
54045
80675
6039
79249
94159
46437
11890
37105
18066
12458
62286
80258
64643
5526
27654
25838
58800
58306
10321
56290
38381
25288
17493
70222
1199
29131
69590
5795
94120
34649
70664
43205
60267
61176
64555
66399
18652
72108
1932
32665
65276
79516
26715
37573
47352
41381
68360
91731
61477
22623
35421
18908
48951
10652
66449
52955
91741
20071
16813
56180
93014
20493
38856
96318
93915
53608
55596
15383
69655
52237
98087
69144
9923
46390
50754
51780
98596
1370
16052
5668
39979
77248
39776
4696
7409
32107
70899
97968
21704
18589
11471
21857
94330
32670
72489
94304
95226
42378
24560
73501
84218
82688
13768
46837
27908
60986
59632
8292
38646
95003
84168
6530
49663
42107
30028
21671
42220
8722
60769
43760
36153
36415
10780
14018
33589
75861
20285
4173
13072
64201
6718
3884
47769
71743
42056
98262
26377
14950
59739
20428
78721
46041
29651
48570
48419
34519
33291
49928
6961
3742
81939
56592
81716
88613
65934
11748
38706
37588
67395
62837
67899
20023
77514
13277
88499
98411
56892
35185
61370
50209
42488
25953
76291
6852
76713
75816
34975
31920
90825
6422
46607
20582
17139
11969
56538
95246
40934
48338
31483
20102
12348
31389
11628
53972
37381
51710
90040
49832
51751
44247
37640
39517
87014
67889
19056
82349
32386
75160
82729
21666
79927
74154
15556
60726
27608
14175
28312
40547
47453
41613
8930
97043
30681
44874
5225
52053
31110
23229
33858
75024
55644
36798
14346
70276
47742
72925
59310
61292
93459
12032
53525
74944
22200
24043
18890
35800
78957
39018
85761
24705
92678
96683
55969
46247
55836
23905
74767
13704
71635
55116
24516
63556
15898
94720
14968
79530
56967
90660
38312
84024
59230
6260
40305
74893
51745
50335
58449
6117
14026
2686
99746
8351
81406
60176
85310
95638
17931
22263
68456
81206
92820
15519
81650
14015
38903
88275
92908
93618
77749
36977
70980
61097
91905
59208
53072
11749
76981
80470
30304
72433
57927
96143
66838
42928
31899
5424
89509
71305
19608
58694
73180
26641
40025
76134
15522
75930
42088
63965
50768
59753
99068
72892
40663
87235
86808
25091
47800
1806
92757
66010
71673
2590
39803
816
97756
18018
8626
22043
3440
17999
25848
64981
60184
16399
97048
12952
66772
32157
97134
7133
34178
24292
16661
99222
7967
30357
64405
84272
23017
18252
74394
43785
32787
14573
36251
31231
63717
45572
92323
37524
95950
96773
52131
14426
62843
78053
5436
75915
66353
19419
90186
69423
2920
53107
38674
9130
35563
37727
72701
25003
37467
76842
18851
46140
70107
51866
88538
59003
6494
32202
74506
31460
25567
23137
14448
2563
25184
86997
58815
94062
23779
14187
57983
43589
17775
55532
775
79259
49936
22835
91232
98463
17078
86619
2238
90626
78089
65387
62614
74888
19973
74298
26461
8136
55940
69675
58369
30568
31808
26294
88044
85005
96892
71982
89502
26455
70247
24675
26495
96925
19601
56420
89055
38887
79717
73957
1129
39708
47083
78365
57596
93173
47231
89308
24751
64750
38887
50010
57995
35308
88635
17535
31741
26055
78561
99164
18157
59388
28840
70318
1360
38392
65076
42587
39563
52148
59604
14898
32334
67670
92597
80695
23415
91747
53081
35388
15799
44701
21963
2280
13791
97716
85918
36916
38452
10121
87992
57885
69183
36433
21281
57043
69991
66953
75881
15170
11961
52166
85033
56876
88629
67613
54571
95127
87975
12128
99204
4420
72366
6789
83316
36592
11918
70938
89119
21214
12173
31653
76980
30706
4288
53672
59302
38706
8610
87678
81414
23986
4551
53664
62135
94078
28577
17923
22950
15123
50117
66867
6427
79134
31701
54132
89954
33832
30029
59298
47859
47785
84461
84549
94472
75827
27735
3029
59186
59274
23285
69344
26887
31023
10934
86610
2823
34132
21514
4916
78639
46858
60596
66340
64782
38007
13229
37256
87534
39981
67365
11867
1943
36214
97051
4576
55532
6250
44267
17187
75638
68061
52172
66802
41420
17664
46599
40546
29495
81228
88945
32254
49154
36045
91429
345
36316
4727
23235
13116
5448
58979
33993
90742
15267
59447
92461
90763
35566
74039
77130
49823
1956
58915
26258
91768
85404
9521
69116
44929
97808
27707
11035
11671
30387
22003
19175
96057
10858
5300
75396
2540
71821
73633
66813
5698
58468
85283
46322
48191
56884
74752
14724
95438
87001
61543
73197
58562
85385
94668
77643
92244
6398
54043
83763
81920
5467
3545
79468
37804
41357
25994
54567
97719
8767
54407
39316
46934
33405
2906
58009
62713
16344
35416
7280
53529
48562
74539
52400
52951
17565
23944
41685
10073
35032
6666
18347
54194
50949
73985
15385
32538
7725
54038
35027
87858
67367
10692
7034
40289
4390
23153
3564
27551
24064
68374
74164
99401
5810
3001
4060
57728
94346
20666
16605
19134
76191
20040
39736
99711
53720
55586
87913
27752
3618
46349
55006
96391
62654
50645
36023
17940
32312
98968
16636
98918
2396
30024
51241
44709
32791
62723
28659
1566
23301
19248
25215
3426
92461
31658
83701
10208
90162
43231
85299
8491
30006
81397
94143
23786
78410
83286
55353
60847
84009
30807
22089
27743
66539
74157
41726
30368
22458
83270
96166
51186
85267
1780
93316
20979
37412
22185
12587
82491
29632
31577
36347
43252
18507
91314
22143
71325
33708
71258
95753
39965
12477
82356
3204
35580
39355
64295
93575
50052
16859
85893
77861
71110
62397
20185
87353
65335
93999
93851
80503
94824
46389
97266
75525
36453
24502
29431
62879
61810
96725
93332
81815
68957
88970
53703
25835
17753
37112
98811
66810
61201
20267
71458
92478
2739
91718
60019
74516
98755
33290
29273
93698
16410
91260
49985
45225
81438
70313
27975
65924
85069
48096
10044
30658
35403
50691
2221
42763
7809
60439
83068
91229
82212
50554
58508
86966
72051
66674
60082
47319
89200
40361
76220
98450
81562
83829
15702
83210
73242
47892
59004
18285
91808
23156
67726
13861
65807
89999
12647
97037
13074
3869
37348
39636
38145
49830
57284
27379
82878
40500
89960
91690
65804
68270
58865
19763
63421
71649
44703
42294
59777
58354
78711
3551
20250
65110
43413
81575
2004
48087
49648
86386
47457
31123
79368
1410
34623
98552
48073
77466
93201
49915
72614
24869
16566
77942
56762
28928
9132
143
46973
65242
50234
99912
65786
65333
17140
21501
29008
92433
42271
6668
42986
65117
80754
28169
39317
31627
85522
63828
10986
50571
96957
37533
91344
90234
43955
39796
38825
88872
85673
74423
36191
27863
41164
86610
19239
83089
96892
14693
89028
65338
80838
61374
12877
6714
72524
92910
86169
9665
91097
72547
44663
86492
81374
23330
70671
87320
64053
86362
13059
90299
53612
85766
72785
61122
53552
17054
44167
22956
66825
71928
13724
87680
89789
16581
63428
67177
21884
32644
20923
53542
5784
34800
95809
61293
23292
88908
57488
21773
10327
68531
74898
37071
39079
49771
10646
96776
61251
66324
61665
16883
31480
24651
42375
58368
33992
53737
26146
42765
31521
51904
31564
79830
62247
76200
39130
88113
35275
69688
77719
47967
44074
62813
80785
34300
29320
10536
82634
97437
59353
98892
3283
68813
31734
6016
18205
29162
44401
22919
18643
29609
52990
40304
49496
73880
83466
23404
33777
87279
66312
31848
32480
2876
56220
35684
66748
54533
98825
41122
64734
87391
70337
75752
45123
41570
50277
40451
75215
74340
43166
70336
83803
51128
66861
24454
61395
417
66739
71421
18206
76650
21083
75741
89002
9613
6118
12464
83312
96989
15560
13677
78092
95913
21009
91905
90651
31907
1530
6269
79156
97717
58708
52307
9878
65532
36335
14920
15670
19482
67642
6252
41412
5643
96320
93535
90763
72286
4731
10288
87619
60804
34352
65921
91641
76637
11474
12065
16717
78430
19968
45372
17100
26931
70113
35951
51539
42983
38619
35258
55713
63976
24468
49455
80417
13255
97198
30039
43447
21482
26997
27650
88219
1312
42176
78144
29806
68334
76015
6434
7384
24966
62994
60028
32205
5209
71800
72203
6763
8037
96329
34199
19488
71036
33622
54996
55185
81751
29460
97852
74706
49207
75602
1350
35633
3994
52762
68650
76070
20570
66862
52980
69215
88413
1515
12283
41729
16069
64734
81370
38066
67060
29343
13389
43897
56777
6054
5855
1737
23275
333
92924
16529
19817
4762
28776
85419
79116
57056
87228
33248
18667
44143
92520
65317
13679
41604
94749
45258
36536
95653
95775
36808
28647
37353
28088
41006
45895
97345
42255
29725
65339
32206
69821
3325
41392
54461
80900
9562
11292
65275
6075
71760
63745
97004
85295
73404
57765
98826
96134
66603
74465
53044
3842
43004
45221
63205
70585
44639
61313
56729
15253
65427
15156
81980
31372
943
33555
14001
15596
36341
29067
73231
42272
17115
94614
57714
78869
15441
10670
68871
41625
47015
50292
80816
28129
8490
65957
85679
86764
96826
44616
87387
8455
90589
76349
46162
12479
25649
30332
34733
24575
33621
76365
14221
62369
36630
74428
60402
64259
35029
4729
9357
43940
40736
52156
4302
63180
28303
74257
51445
6914
50545
4098
83361
76301
92018
61827
81464
57479
97811
91362
88702
10148
65439
20009
37147
37913
30381
19228
95533
41113
56333
16244
11586
36070
51404
82257
33068
94614
75420
97332
16684
39635
50844
45226
53749
31039
50723
25957
19817
49364
88562
11631
45179
78456
97708
31950
95502
45158
78128
85728
608
13689
12
72701
25525
91270
55142
3871
58439
40233
31300
98337
66091
97945
50415
20392
96171
43627
59937
16041
41405
81899
13422
31192
97650
8411
99103
78206
69174
37446
97800
37126
14856
71835
51969
88446
56617
70113
25092
81171
45385
25461
84653
6070
11821
2596
78507
39539
12886
64775
82574
39540
62033
59591
44096
70123
24197
24154
39782
79595
89180
44561
84868
19987
53615
84186
53811
37347
8832
5110
16251
5891
5877
8550
56813
41783
15079
39810
12376
91984
17467
5584
45341
65816
37642
35750
68684
98682
19933
74286
67377
92065
45609
22144
94512
56321
62106
31043
88886
58867
6242
14246
28839
1563
14563
6008
93789
93252
94317
88967
53818
25220
52659
51077
32920
38502
48518
82561
63919
96908
71469
60945
1817
81381
59043
19137
36647
87999
94801
5903
58836
92416
85654
45549
7123
14569
91054
42741
84138
87292
61628
56972
69306
91342
51698
40941
33672
79163
76313
15947
21004
44691
69294
55578
28734
66334
8496
51332
39674
80522
7911
89456
23858
31110
12923
10267
74972
1424
92724
81861
32899
40713
5824
31964
2836
2060
62778
50415
22801
63481
81258
27015
20937
53992
50625
69154
52962
92676
75049
14410
88685
8697
16611
61551
47885
19475
20361
68634
87983
88474
60922
91651
81906
57231
78478
46675
66136
73069
60052
4524
75581
14110
73916
16839
94616
16246
15124
19226
74343
59189
69902
11910
96234
45623
63240
11004
19143
63811
41521
83875
14331
53502
66778
66905
54924
86859
68539
57581
54052
49943
74438
38710
87593
76284
46037
1352
69421
6044
11779
27598
31241
20969
3304
4480
74349
97518
64412
29558
19585
64385
28472
45304
88962
751
896
82296
69310
75278
58955
38283
9269
51957
66190
18587
90469
12808
78920
94342
89241
28382
25968
36117
73458
76959
64638
72753
46432
18445
33654
5667
81416
77584
63015
1134
50596
20584
13702
56649
72700
17968
16359
37614
12276
37746
87207
34262
69999
92090
96979
66119
73696
33916
71035
84678
34145
56896
75337
13589
68175
13841
79698
6218
47471
22518
43683
40823
88067
11399
58183
44771
60092
2037
814
46530
36817
5404
75062
98692
5574
10194
68539
84665
98143
11913
10323
9403
24232
94346
50832
5745
3578
40665
79920
93466
71114
16648
99206
52870
68871
49431
55467
52498
92930
30762
15777
90952
88279
33191
6530
36025
27805
6045
33013
4846
58764
7441
86471
62100
52288
12098
93697
72464
95644
72218
69683
44183
80133
26431
43387
14545
1701
88857
17222
49201
98622
75991
68817
20576
56433
8369
48433
81382
92918
1274
59028
27234
28986
9243
39318
3039
35762
35471
91679
41104
69128
54415
8543
8531
97215
16591
28983
33028
26495
78147
72829
61278
21162
63819
68335
9645
31871
76249
49956
90127
42731
65907
32828
30153
78260
99618
85318
73840
87619
94412
88338
64430
58187
75508
82686
80705
8152
35344
43903
43007
71572
78783
23119
24050
5053
16614
88402
46968
45543
61057
79284
65127
17989
51215
22905
25847
93416
32671
38820
66726
45141
79224
85906
28919
55163
76828
71345
46332
19845
10308
97886
91954
74849
67046
16745
69117
24816
84487
855
46456
44980
68541
81234
86449
61499
54857
75066
6817
3098
57527
2755
60149
32557
8464
76309
6396
76923
533
32860
38522
91358
60577
50781
38315
87280
23035
22693
71331
9893
26472
818
53791
23141
30720
73557
3677
59488
59183
38633
59133
64097
80407
20102
24572
41473
50324
53421
96478
84049
82328
57386
19203
63813
41366
18464
96823
88040
36997
66257
45173
5877
43221
36707
76294
32801
38923
18668
31348
55942
1203
75300
56303
33117
52976
21269
29247
82929
27329
6194
77865
50347
71420
4890
54451
56926
68670
584
80924
46271
98615
77713
9480
75628
35050
23204
87886
67128
1661
32534
50465
61215
50076
64347
76384
70437
88114
16533
22461
69450
10411
55355
40094
7217
33841
20796
37704
21802
72927
76542
14677
47756
95430
630
93180
77496
58338
47345
22658
63023
81523
48433
68273
28516
11711