3047
52139
54016
6886
73469
33770
93357
98323
10087
92570
92308
20221
38485
5277
24583
70687
56690
98670
7451
38922
72870
95509
6094
33877
25972
79270
78644
51076
14910
85805
30314
11662
31413
92070
25582
45390
78502
60004
82202
41802
87575
85596
95278
47374
63110
1256
85885
5134
52845
53318
36155
66375
40215
94272
48521
40708
3013
69810
93695
51762
34824
81946
47092
80158
81175
83142
33000
36272
92039
322
4434
81496
23423
67817
39416
7244
39941
17699
45438
38485
70939
91552
79385
15192
61175
60061
62859
92637
34923
51401
39727
76651
50639
71415
31325
3801
38351
89331
84985
23261
29271
69057
63285
6052
73659
94235
48067
46963
10
68472
52895
50076
29551
24071
57981
69473
7396
28109
77980
29386
38178
99803
84258
97332
33009
18038
53454
93211
3987
2422
37471
48367
83476
4562
33486
63409
10374
5608
13632
87722
52581
67904
36077
48862
23440
38656
8542
90257
96428
3867
11008
9443
57827
97892
71037
20039
30083
58739
65500
45751
85391
3476
13080
57075
71032
84338
64231
39388
40327
94526
61834
66363
66832
47643
70290
90667
44926
63543
22016
74664
68812
7896
24851
49325
29193
67943
5733
86038
72802
64590
46627
15863
56100
73270
64521
88464
53069
6967
77534
17287
23279
11197
95229
2973
68891
48769
3855
34104
44920
62349
96224
34832
70877
42332
58525
84680
24626
29033
69319
68519
86542
49049
93948
59516
34668
97531
73020
37582
39505
60648
6643
12955
28946
77053
22622
81316
33713
53945
66881
83883
23224
36832
839
89531
25300
17895
78350
54819
18661
24691
37682
27509
67038
81192
96396
11436
31695
81151
87240
85984
47231
67872
41507
81645
82024
79843
96728
31515
78688
20747
74281
45292
2759
39696
56067
75814
56894
50081
90549
25910
35557
21783
13060
94153
28566
90999
53983
23422
20435
35373
90843
20185
73018
91232
21615
83356
54842
71841
40321
139
78437
65449
5892
69228
3669
63760
31410
28390
99480
1974
62616
54306
86868
56088
994
87504
10375
98573
14759
53106
89042
42215
29329
4432
18543
21901
22011
67288
36957
47754
2451
1760
14813
47670
17910
68613
49958
46293
18412
9765
31396
57568
86775
32057
83361
58377
23599
98059
36871
14212
49278
77614
50571
5462
61960
72350
94982
49353
8528
6240
89395
68541
1000
26002
81937
693
89667
28115
92762
34969
9482
34494
40485
86978
88449
49221
70778
49729
53662
80638
26342
61228
6601
74722
59977
36190
24832
3486
24341
974
58828
23760
28586
43737
2489
53255
74216
38797
38
53216
91241
68366
30048
92660
63823
347
7565
27738
39082
85914
42977
68603
46849
83450
7967
83193
45409
37946
26927
8018
92385
25459
23551
48335
73009
64997
97033
93753
14620
11493
42098
97045
12447
38836
39360
29031
25749
71976
21488
13071
75393
7160
50826
94002
52292
24553
6647
57580
42988
1853
15323
83229
14919
86307
1330
87417
97941
61319
47336
22757
69833
20550
77179
41145
85420
16847
35246
75423
85165
41623
67679
18955
93769
64926
89859
33716
3784
73438
73872
22442
37145
84989
88854
2970
87938
28938
25791
17299
49769
6231
85186
17306
47019
22795
36360
60621
96348
84887
8953
43456
65987
809
42895
21305
74833
33767
53304
27720
10009
66195
79483
14318
8984
10006
60688
43520
98460
18784
61616
36704
17525
29914
6232
45202
75833
2418
60765
48519
93644
11574
26763
68838
85509
48381
38690
10453
61247
40931
52542
57339
29685
56197
48974
40557
285
86185
51598
50993
62331
59524
34330
54150
45834
55363
83759
63958
21455
73958
67927
63084
54529
68458
11383
98358
38457
76909
40041
5813
33513
69023
25715
80837
15263
34806
15966
3865
16104
44266
64131
53725
28484
30753
47158
94236
15192
60818
58214
6118
43579
58015
4087
24598
94504
67483
18860
1883
68368
16755
31821
21314
54766
42622
64293
37527
90148
82060
79714
42088
25036
79635
29211
62012
72062
15094
57166
73885
92770
55991
13982
5277
55769
61047
48012
88783
5844
36313
89881
61529
39682
95318
52246
52753
55298
24616
94065
38411
59472
72619
47840
60758
63394
87251
90139
88296
5439
49741
62524
37260
24809
21265
29484
17487
25927
22018
33939
28361
2108
731
78750
26226
15188
34587
9532
22678
74882
1149
55921
88195
5601
26074
72371
81292
94257
22025
73893
34374
80495
55951
69273
12372
9513
21164
64908
49468
30499
88175
22870
99950
75982
82389
3518
15074
48554
16068
52856
92596
27623
86804
7205
91701
18946
60505
26396
34747
9671
32845
91478
92958
80168
15301
47829
14018
95616
41517
47167
54594
53625
54405
41720
61391
42442
12189
84054
73247
73868
4955
35564
15309
1391
78145
33792
62068
62556
61541
5956
84082
8794
41370
63183
11025
64277
30713
52651
56483
50756
11314
49885
40345
46998
1282
54525
76591
23312
93699
85463
63611
71145
78284
36435
70592
80374
47647
87556
19155
52932
1354
91228
17263
16647
13231
14879
11178
49234
39757
93895
72335
60824
94211
96775
69418
40912
21012
24237
52296
52128
45675
10475
2576
12694
30531
46868
63624
53178
37824
74398
25717
55289
60558
83467
75569
94410
56020
61660
49917
75356
70089
79824
98013
12437
80507
49366
52156
88214
52212
77555
6804
1925
63265
1477
80123
48385
85271
40723
76424
73365
47251
94828
46186
55977
56844
70524
5062
4566
53738
57193
61775
98216
12562
28461
80712
91422
83719
92264
95960
82095
28022
62324
88863
22005
99129
60009
36569
84228
17583
96641
5720
3340
58244
58223
30375
60599
16440
47827
98570
67421
24331
57571
46057
19098
87153
1821
27404
38783
23029
31642
41498
5253
93298
28923
30430
87719
53624
65222
23897
57245
9636
11231
27705
70247
79122
29475
45661
11732
88779
98115
43404
36529
17570
16227
21682
4168
534
26109
19240
84335
42556
32608
56124
56133
36337
82082
95222
36344
72083
39580
1966
91922
15916
32841
89473
62721
74099
91545
95447
83031
16002
2738
9301
47844
41211
17681
38321
5681
45030
25019
31016
40758
33000
42399
38156
21427
16721
71671
54530
26000
28446
36622
46258
17690
63590
80661
1158
14247
5257
62525
84708
75513
72217
96392
79618
11708
96169
38933
1143
16658
51566
91658
80024
49609
94428
78312
25452
94849
47185
5774
41276
23516
88437
34235
23444
37775
38781
57446
71654
90399
54827
6434
41558
99856
12701
87135
74377
301
72417
79412
60821
54982
89375
27106
22621
83958
12585
86130
97338
50003
89714
54883
54346
35038
64369
70590
67588
80773
93496
66090
51748
33330
57466
56708
90639
45393
28332
57511
96133
36558
57915
24175
21596
17993
92398
55549
62723
52565
72891
71609
73504
55314
57171
13995
46642
87234
4287
45299
95242
12987
98941
21218
14146
83654
96185
57766
97753
79937
70365
67785
49446
84298
3508
45209
70466
77673
14167
56802
72114
4948
66155
29591
71098
30003
37974
91452
42720
19794
78567
67037
44699
37607
38841
2385
42382
84532
91835
89268
71111
96357
94763
31298
91055
39646
73785
27453
16800
5257
28377
64313
47260
27763
33117
25363
67678
46070
98725
35544
16300
35833
279
68093
73268
5385
57402
34664
11262
55226
22297
6809
67646
44935
26687
5628
71635
70050
53681
94444
94560
33117
18022
79141
95877
52443
57275
98793
3260
46190
12484
5597
59409
52556
64084
60187
57931
23332
69802
94666
98485
3672
23242
5552
54936
7328
13617
31936
62785
76289
2371
53574
41110
60905
93559
55962
46876
92624
69205
61995
50768
27633
86586
58998
79778
96339
73596
86124
72168
83634
92741
91456
91474
44181
50447
22021
34102
56379
54931
23181
80151
75094
74892
50399
57289
68867
28435
96581
36177
82758
40879
28437
80560
16813
12664
20862
33185
49892
15515
59457
58002
5037
74188
41281
23078
93535
23346
98009
39287
9519
1973
67886
81819
75087
89496
81604
2712
80359
7603
4879
8574
15721
39642
70289
78485
41165
19676
48271
67159
61280
32671
58604
49427
54522
88578
9481
21614
80036
29635
92657
41155
21593
47126
97924
33205
46504
20490
15104
71181
91905
45368
69374
93584
16466
80130
2740
22980
39046
66121
72466
13667
55306
17374
4279
43125
17666
70816
65516
15779
46593
96186
30512
91526
57527
42308
81520
96030
16704
77930
65916
12570
25942
37604
75507
85187
99036
92388
56856
76379
92287
2849
24638
77977
25324
1561
94945
21911
8848
35254
49946
88800
86374
68605
31387
85953
61240
865
33628
32467
94466
16456
96649
32349
77727
62082
4111
45518
31389
42389
42427
82139
50407
98443
50354
69475
10811
47169
64330
23602
53175
40335
77764
92957
98970
17961
2935
19222
78306
20008
16887
64124
22565
74631
28303
78422
75498
47971
49066
24537
87918
28710
25776
29813
81909
81464
63402
78339
33316
85472
46095
49918
96222
52665
56860
63709
69970
60008
75006
3427
59404
79075
38197
82558
36566
21226
98906
18334
13081
64677
92521
59721
31804
97910
18295
15462
3933
80755
55595
40660
64558
96471
44380
75141
32318
17353
35326
79908
1798
7273
34856
11502
10574
90551
24279
92058
48929
2578
29456
13876
63938
99795
48728
75524
26714
78517
84540
40743
59267
74784
40986
96558
79571
32887
55100
48669
93839
67841
10220
1207
57353
14739
65043
35574
84963
79169
87860
21082
60883
82021
37000
4172
20908
48274
55194
44471
89452
97871
83423
75293
10269
13227
68633
82821
86201
91699
29073
30228
74954
12803
62371
99419
67263
30479
43016
4751
28927
35272
3639
32795
62541
7257
52582
50815
19676
40398
90595
383
95599
62859
91822
40225
86877
83723
52142
54761
69516
38173
94612
55431
74071
8993
81986
17939
38828
77908
13175
91004
2163
86852
4616
9515
4312
74292
85339
17281
31014
15899
26263
31621
8220
292
22344
81097
73472
55998
87028
72527
40011
39117
89482
40412
78905
28881
32827
90657
67145
7032
83701
70676
83165
84896
23603
4069
8423
72842
91052
85027
97473
4345
41072
20035
57735
8555
70715
1999
20565
74048
17947
25772
54564
51941
70915
33786
74300
62756
57441
40651
2364
43777
88284
66835
71637
62853
95121
68470
68085
35527
39260
3714
81433
76708
97121
17765
45862
64690
52121
8340
17553
36045
40980
82652
63612
559
15283
98314
49799
30905
11444
57415
72363
29944
80877
25595
19048
67221
58659
66481
93614
72735
8986
12754
11892
91758
56131
10351
84419
32531
43763
79051
96898
84331
41601
9802
29501
61188
31464
27175
71436
53877
4033
88387
3721
53094
88146
17462
74900
45370
1047
42128
14791
40503
36710
73616
94108
97046
59845
17227
88116
80595
13445
33800
68194
41736
85828
97493
12044
63831
34778
71532
52799
60798
48393
29422
62034
86215
71788
98322
10557
70229
85874
34100
80330
82964
81791
25923
86775
4864
82130
2778
76390
17628
58094
98345
37817
32807
92281
70819
4918
41402
21406
50110
86383
25854
69556
81968
27455
54259
57010
41061
20565
47627
80686
49575
17664
84749
62141
47344
24853
47448
24580
91583
87524
61243
61770
32154
63703
68882
3345
18638
93875
55407
86558
57831
76638
78530
70293
17335
51310
79881
73980
42860
46175
46001
88492
50949
52793
87330
9114
92135
1599
28031
85117
48343
63340
23155
83027
28477
37402
70546
36678
30513
80204
52681
92605
9399
51505
29634
94179
23259
68143
3115
87861
94876
16814
39710
48103
1524
11148
2506
6301
67718
40591
76444
2154
44329
15309
23500
33048
55002
54954
64489
25995
26764
31233
80815
71370
6291
84256
92479
5692
3674
96317
74921
84118
80769
90673
80514
66457
13178
44315
97832
88741
16958
90843
62421
14508
19209
18890
40779
74265
82855
49582
70697
24825
32372
27256
24633
4616
11943
17992
69034
50984
48505
56237
98170
80165
27936
67230
83969
40714
71787
75064
83411
37666
42542
13276
20179
62819
81184
33720
37641
9863
69073
4805
72231
95807
63
89900
20985
34332
92289
83051
36997
37094
71887
3796
59612
9204
16531
93848
70512
76391
46764
90725
57924
86412
10194
60797
644
98981
16711
58840
17147
25568
39505
92487
5741
57063
58910
15105
31666
19514
60918
48798
16098
56640
77600
54761
56410
79139
3909
89579
99279
46211
21990
16656
65215
87785
6472
96419
1635
20740
21771
7193
60425
98921
84974
60334
54345
77502
4587
47520
16432
32931
96065
91785
22759
10154
33704
23478
69022
28088
45040
1928
96175
67656
81693
14734
83978
50439
69027
60433
87508
47797
90922
31461
25123
49553
11621
68397
80858
17293
577
23149
31062
75429
74160
27891
15275
39374
19033
84194
71874
31890
67576
47263
97444
3837
81512
89455
84808
12273
28291
19417
70539
49434
4239
6686
14968
62435
38104
23092
91580
66738
73803
62363
70152
41169
18516
2913
42035
43476
59484
94872
92229
2083
92930
60848
89983
45564
63085
76798
93342
1281
84285
97076
2379
97789
45201
27211
91932
79671
85357
67710
19607
41884
77632
68499
96912
22146
33167
90174
54223
91703
71594
78253
92944
50174
38483
92021
57815
49122
27443
26872
40026
40649
37948
46213
42600
98329
60584
40935
82373
81578
82887
46382
24248
19212
98862
61039
20179
11471
25575
16566
26742
92115
91504
77440
28355
28508
92410
14560
10687
9157
60262
58552
47115
58531
43755
62888
7619
34527
57978
3085
90036
63439
90597
8783
21442
15034
81032
76786
31702
84921
71787
81500
94891
7030
84811
65328
89123
57103
92549
32831
55780
29689
39750
53414
53953
2349
22499
53117
32572
70435
72245
52383
22121
12880
69800
79762
5830
7682
20160
50294
7711
40083
10595
5581
17395
26037
66894
63978
97944
95004
42682
5256
16267
9341
15829
77071
49670
58215
40591
23159
24905
28024
31488
66224
19527
56115
72676
55712
89550
51223
63534
78774
33060
91616
44840
63534
45070
39645
65916
66944
23601
68758
4325
66843
11082
66970
1325
79202
71685
17240
19156
78548
47365
93574
57629
90033
61746
63121
52780
30471
3052
42312
69241
90296
90032
11243
62178
80639
77482
4341
25644
91249
62610
86220
67889
24114
28688
75730
30631
71933
98301
54759
41198
34976
87801
39553
60951
224
668
34335
72879
91744
9661
95388
71861
46205
14375
56328
81906
63854
61419
6993
64741
9905
10489
60671
89174
65579
27556
49946
68346
48762
57454
55773
49564
62081
26429
58852
23845
14809
65601
17250
43125
71070
42596
18795
68596
19071
22049
68107
91835
53329
87018
68560
10427
61523
2743
52416
31585
62859
10687
32252
17964
51939
22535
6001
52661
80822
24368
35459
39918
95557
76265
31365
77460
85826
90606
77637
81922
2235
18617
34971
62661
43389
68928
27972
85632
51589
43684
53706
18080
98513
43647
50991
67196
22606
84791
52359
67019
43960
9750
14875
21977
20659
7057
41414
66253
21596
28967
94947
35409
93208
97526
88546
52096
70280
91642
50336
22774
29741
60181
79063
64875
44583
34749
82869
54248
57874
90716
93853
11095
35748
53995
20948
30075
23046
94955
90516
37491
18978
69702
19779
12220
41582
41729
60121
57422
74628
48099
81918
75343
84424
92193
66840
92319
42909
99995
55387
886
52274
11595
61957
26990
2237
41109
40663
12507
15684
49829
16480
8441
34979
38620
43209
6548
60179
89320
44052
22009
79834
63782
61177
24206
18560
41620
3634
67335
60619
56569
74185
31140
97806
90641
30402
12859
96191
76412
5475
15359
4695
78657
84209
91655
86140
29259
96334
70615
29411
51525
63394
82875
21148
67236
64495
97531
32917
99226
81718
62900
2137
20316
40997
86103
40900
81992
55108
48597
76077
47322
77352
43965
75993
10773
36962
30558
9523
4601
69567
78654
14216
71575
68979
23000
29412
62058
96810
21270
21758
16023
36407
27320
34702
68566
37362
90678
70440
5650
41370
30832
67521
24956
41909
31661
81933
17858
48057
81784
20334
32048
94968
79244
43232
26678
35578
64319
12687
79747
64985
14847
4002
64919
12585
92944
97485
4653
40372
45458
84357
55712
30265
60533
89922
67601
8369
95605
71152
70589
58088
2246
3107
13970
40139
43924
87756
63006
93388
91407
84706
85022
74695
62220
20488
95998
21903
5075
16657
23792
56332
80836
79189
22821
52246
62903
49209
88702
71359
95772
74701
68572
27016
7658
77932
41737
26886
28268
32019
64837
44284
83154
9784
25902
31815
97996
2869
80274
7832
69841
97816
2036
6191
91932
85579
69907
7458
83110
69870
88394
42099
97254
89294
78504
83139
2674
91769
94009
84217
10901
95177
40105
61046
44723
43831
87591
74243
9726
67542
69159
34456
35877
22500
55127
53153
14569
26588
93766
64192
26584
71806
15902
78955
21980
3868
76547
14774
72316
37691
82614
7032
4326
70371
61615
6489
13656
74033
35147
44118
63204
15714
13321
28190
81451
43879
94922
31887
87373
43546
14848
27144
77608
83320
17955
11237
24900
27369
99577
87792
9663
51115
8556
25852
49276
99005
91438
50775
44799
55793
58628
53170
891
44852
54734
18369
80589
53790
36118
42117
10172
47452
46491
73721
57458
75104
28818
83000
5567
85947
96817
41455
67742
58632
92206
82754
74943
35099
54137
37141
41479
98638
29959
46879
20411
10550
92769
55152
26298
88608
44852
4722
24266
13445
48943
99178
39278
2965
96650
37294
46346
73556
18526
43053
96438
9506
29461
47635
37404
20183
1652
2524
32022
27358
60482
76360
44641
47348
13142
85314
62820
81703
43245
76590
66203
16738
50323
29996
46956
64033
89639
17189
54466
22291
84264
55491
48250
1857
44653
21924
85984
71456
9933
25294
24340
57045
86901
84277
21929
39705
72781
49152
10131
63960
99371
2760
68896
1708
20893
99485
63709
42574
51938
17085
10700
52049
67201
65486
7243
8450
83274
468
65046
39345
1990
91596
92446
22869
38775
78906
19157
62142
65576
64810
15586
84314
4116
67943
19527
74401
22425
80005
87425
7050
90695
45561
75063
6016
12234
26141
79972
61454
54203
25629
83403
92253
12299
61071
24363
50297
72315
58516
21781
64836
35396
40188
57964
43052
21977
86455
36814
9024
47227
54408
7219
17794
81279
71232
54857
90932
56696
85684
43627
78979
75785
64041
75898
45408
7790
87468
68725
79821
40300
54512
91081
62529
19202
23230
44004
82844
30715
49885
90476
24504
63411
81361
81681
30218
21205
3768
10892
94321
87688
57095
91538
90462
86773
58210
53249
69142
54644
36344
70295
26221
77798
67094
99043
19175
94443
15135
52933
67614
62848
80984
94239
65891
66368
68809
57088
26304
57179
4358
14218
88179
84462
77082
48342
28721
69736
86209
51148
13046
95126
32877
24893
70134
99674
77764
23255
14851
55750
42610
63266
43130
37578
84075
5941
16654
84081
3063
11152
16009
63527
39889
33784
6022
76155
42750
59755
96024
4570
83119
96461
89514
90990
51764
52562
67312
44756
98971
97562
43569
90100
32152
41200
5221
51395
29909
38527
27178
10303
36747
45852
65685
421
12781
24031
14637
22459
68032
37023
8204
49265
55454
41804
14331
91334
34530
84313
3578
79434
76909
43848
28165
65269
25478
3443
7944
70497
47629
15042
26494
52328
34936
10230
91463
90564
1124
71076
32181
17451
22412
42287
787
84175
6633
17510
81311
44057
60316
96507
21475
55186
8793
25833
93831
44199
15253
72208
75943
36046
14876
88492
24270
4643
21223
5966
16181
34561
16888
37916
74694
57405
91798
41204
70570
38534
72498
53550
30563
13164
42045
96834
38924
23930
51226
96568
80396
60958
11404
18434
651
78434
43369
54538
11198
83878
59672
61025
5750
30839
26864
61927
62842
97625
44490
49142
48127
79444
56265
17801
14957
26897
18959
65107
47033
22759
37323
74757
79851
12694
79336
37977
86238
70155
42066
97149
53316
55866
52907
72836
5694
95335
18942
52787