517
77544
69900
26505
7096
88732
21303
1755
6178
59316
43088
84339
5565
5053
65343
95269
28966
47711
37632
85664
49359
94352
77356
93968
21073
52282
33474
54113
85663
44082
71950
55813
82643
11675
28485
56848
19976
58527
59253
29008
35960
43022
9520
6094
75226
36178
48297
99617
7483
15034
77539
22904
36744
32309
95831
44610
35157
35293
32724
75269
26975
96311
271
92161
3316
59025
28340
280
17114
75899
92555
57627
40143
64824
81733
90645
73445
37659
49841
26499
54963
83945
89385
54164
28227
78372
7977
40720
50527
22567
28501
77219
94049
47754
41848
1283
35444
10984
70593
17791
35557
99204
65225
3475
65816
41482
98016
41399
59466
16226
81381
90560
6275
64587
68083
95844
9411
21205
50805
31463
78399
3519
68130
37081
53332
81712
52660
67907
1037
5590
13375
35914
74426
65308
12563
34419
8609
91268
39164
94532
85629
15844
38283
17309
56781
27672
57509
8494
37104
28982
55459
14221
61547
7887
48055
10866
99107
42499
58832
12118
21633
12242
91379
97593
55741
88603
25144
82269
72609
15344
33965
99661
45813
3459
14618
23477
28430
43085
61017
10081
65772
15795
18641
88493
58553
54170
47483
14195
3431
14453
41888
66659
5667
5985
98095
75254
82763
20353
30813
36534
106
22807
21169
83119
58435
5864
84804
86983
64421
13807
82828
7646
35893
60423
27479
45720
70399
47040
58481
47821
92927
94487
33757
40499
89113
54914
22523
30693
57043
41787
80363
90940
92926
69741
74760
88739
25296
32504
60036
4286
13871
55154
75706
81997
86507
11716
40582
29137
240
43985
31043
46773
80882
45225
78033
26928
17384
89781
79443
94139
32268
35435
26820
61360
84770
35885
70413
73628
247
10747
56412
15776
43011
11045
29332
40532
82370
71115
98891
63178
92780
30676
33948
95282
77679
24449
84009
85654
22856
18235
30950
59007
88343
76218
90231
40432
25155
46518
37635
92383
76403
28158
68924
26970
68409
95384
85520
11910
9142
99636
68889
92629
42831
33073
76606
63400
51950
93108
19052
9719
62384
4297
10450
64410
16221
9196
81779
1794
56047
88977
37342
81604
96882
56238
11761
42707
26870
63657
34009
56292
68117
75319
89838
38421
94329
65025
89297
26219
49708
19956
30344
79344
6412
64356
12233
65285
10445
58904
5676
35732
59806
90585
68133
9513
35161
80215
13319
39702
44710
261
48808
7501
27345
26485
30756
94278
50330
3807
33273
92127
94759
42936
45430
37956
94854
2695
47552
64470
5678
46218
4251
74721
57772
5885
54686
42303
1945
16862
7486
86775
77310
74359
57634
70645
33995
5909
8651
36467
19967
5840
9724
65613
78711
8546
27383
84887
76769
1923
96575
35097
95397
54310
84977
20808
43356
55902
69545
95418
72014
48799
4663
69122
4472
15713
9958
20341
30796
12288
23089
3924
15848
64444
82290
53731
88426
74356
75587
84579
36987
52500
10226
75043
72347
40870
5302
52159
98953
32195
88778
37273
2606
63088
32360
33093
64603
41270
64626
43527
2291
73340
18215
1347
20505
38201
54452
66940
19610
77840
69182
74835
53009
26456
82585
70847
13477
88482
7094
99962
57745
68299
54370
60090
78181
51990
15445
68261
15928
3571
67976
55831
38793
78816
57492
64538
74483
45126
43314
21895
31416
56818
98266
44880
78930
81372
52418
78904
50560
56376