6554
57676
91766
30612
72699
81792
73445
32700
33739
51206
9793
13732
79572
92358
55978
89154
60754
46437
10057
3716
68162
51634
20616
5726
62143
68846
10791
70799
83990
16301
88984
62933
22541
93765
47877
88262
45739
70171
45277
41528
64590
69526
16
52858
42338
61175
64345
85162
85989
4250
53190
15156
89410
88289
78567
53895
70618
56868
53382
2158
58130
97291
55092
45026
43435
88249
44418
97448
80949
35185
22784
54936
34187
77989
40366
77563
2321
14669
85729
8443
50818
57401
49315
28250
88895
36690
33727
4998
92547
65893
14427
24779
28328
79261
30
7163
28983
87065
40160
29663
24835
74098
94667
81095
47134
74738
96989
1429
58162
30871
52294
15654
79727
90311
92722
44115
97983
86973
34463
22783
89929
2076
16305
11423
80131
90847
7127
89522
25175
12902
81121
76592
32624
43629
84396
610
62696
41439
78298
10695
32146
39601
27301
61518
5092
36200
79035
8552
57645
51359
25512
55295
27566
39415
9054
6870
4323
67240
27830
38958
45066
4714
35261
19039
24708
99427
32694
30243
32709
12037
60661
84574
77093
62166
51571
11503
60372
2181
65615
97778
52891
59117
67195
83493
73410
71586
42981
27943
8769
38157
82834
67964
36695
94983
72808
50525
13362
77242
35516
7344
22284
26736
26366
13311
96524
9049
51067
82
79779
14581
30624
63095
8633
20836
69196
73015
45679
73025
53654
9466
15092
28551
4541
5335
80377
96988
19428
16359
56468
74678
83327
51890
43860
3417
59855
35785
36480
70820
64204
69784
85606
45574
60688
56204
26812
59732
59329
19212
87699
41879
25878
45232
48900
74476
12876
67368
80461
29548
1067
26683
97820
70828
69808
11398
80859
78776
8630
68950
2397
6115
90593
98591
21719
24607
34855
88994
2792
60065
4225
61859
6655
26028
56497
88242
43349
20109
97473
45853
99734
81249
54892
95629
34607
29413
61817
1733
40814
11669
42884
49301
58251
95881
6461
20524
17528
55239
24492
80151
50521
44009
16057
39857
57952
72179
39530
77056
36802
50034
50461
99367
96358
11208
65363
48758
35758
67025
2830
76781
45185
67578
24881
96285
67763
19322
74764
28339
52070
5600
89075
98989
76592
79083
66242
35037
97566
35699
91215
6535
64129
19294
97603
28197
78991
15344
70826
21985
44431
42608
85698
52160
8079
29768
29551
36635
78812
5746
99692
78790
17732
58488
91711
75433
38855
56059
59388
1102
32250
21747
95780
70223
89428
39986
5490
42361
78248
91782
59485
73647
12845
83976
54003
684
62783
57982
74311
8530
77277
94379
72052
74784
89165
89380
63053
88667
67168
11572
92123
94927
86751
31098
36544
6504
67533
23918
69335
1715
6065
40823
57415
38527
2275
14320
52324
42381
99641
53852
33034
57079
95498
78601
68381
60018
18820
48653
95783
47895
97615
56710
657
6388
26143
45899
98118
16755
76055
93127
90509
603
14805
2790
20442
73011
25888
20530
66794
85707
32601
72075
83517
43937
57481
92335
44635
73446
37558
27787
5888
75610
53167
27279
29447
74519
97005
24225
27457
34692
85774
5602
73093
48941
13092
47003
2763
10874
59262
14718
55911
33636
15052
46902
16448
15346
30759
45489
17024
51622
62241
23130
52614
18344
98194
46214
2726
9615
42353
40827
35631
25174
99931
75963
88537
71072
98695
65243
90893
24943
83724
6596
92677
88167
73080
57108
67660
92342
24264
79896
70447
245
96340
62633
9158
37585
64555
6840
68759
74691
73226
16656
2607
59345
96327
22130
79345
32512
10149
39104
337
51603
44856
34380
36164
9047
28260
81983
99002
22782
49311
88252
297
87849
58227
45056
93320
5859
73142
36871
16181
66228
16015
97378
33411
74234
33989
77875
86112
34914
63489
86077
52672
23997
57335
86540
11554
8677
70107
78646
37962
25608
35784
49374
60535
27557
96849
67001
35202
19706
18035
58057
96380
62079
97506
55653
56784
63668
39340
5032
3898
32218
7641
10712
43946
11579
46594
31605
49092
16643
48331
96717
19614
77417
70637
94995
71904
89193
94956
85956
22368
68967
50829
77361
19621
24218
56584
25444
49961
85894
22252
36829
16909
64516
49528
51622
70242
58083
5580
58332
31514
83226
56539
76920
66778
14264
98094
68166
68337
77051
55800
13394
77787
61838
11434
65126
3172
92476
58588
41478
18233
19169
86018
43638
61389
12206
10555
33862
78785
27963
79058
37230
53140
63769
63420
11583
47338
78934
34569
59506
20991
31724
59155
43693
18751
43906
32476
19237
27688
40336
14224
80541
75524
32104
6974
66984
26597
47649
64629
95520
59040
98935
50326
46931
92762
67377
3766
86418
36667
38475
80498
20639
32661
16831
63389
69167
10990
22899
59594
5376
48051
27266
33362
8996
44345
7679
96345
87234
2362
94221
40345
71838
13638
59828
55449
49564
93047
8684
86289
66121
29152
25310
68448
5794
66242
57428
27209
44161
96213
60596
35129
40858
97924
51955
81549
24955
13996
94109
42691
8086
54666
91744
61610
87998
61508
21992
36586
2806
14068
24026
76413
79590
38351
94622
77134
48053
34258
37798
86158
82526
89364
1801
1191
24505
80345
57498
82347
68759
84231
99195
91097
10155
92640
84517
13171
71790
81434
84770
67437
38429
92506
22130
76443
43917
23139
95213
83456
38474
36826
55483
51933
28921
36312
84290
62123
46580
47952
9027
11139
27797
25354
8735
45733
42944
63027
76884
40955
76535
77949
4758
75646
80675
52276
55726
54348
64315
70492
74273
43409
83446
64299
98051
19416
20256
71206
96578
16871
71892
22216
94882
84335
83708
67914
49874
48986
2240
80640
93295
53642
21000
56010
41666
7008
71349
47951
87709
70873
51043
81538
30790
45859
30830
56644
56875
26713
43119
79701
72960
80312
41249
24884
61362
72483
36344
26030
49580
967
11652
70273
27876
49185
74275
34457
38679
42773
44764
67517
7216
46888
62548
15687
69124
43831
92394
1015
29257
82493
89536
76149
1274
92188
72288
94966
61718
83955
27119
23114
94179
63084
66319
5156
46315
97604
60184
87528
92050
59493
4189
45782
79814
23197
91960
34707
73955
71699
17619
61802
42740
31563
46978
61090
68823
3899
94178
71524
4487
96698
36259
37342
10667
27771
97874
81432
67344
18044
42604
12471
95342
86485
20239
1554
47798
55426
10600
8618
81254
53382
26329
40556
48074
89860
35819
36140
42474
8521
44114
54322
62586
21913
87345
791
68724
15238
11325
25707
69221
57059
91269
69471
69380
9833
93526
94569
72367
64257
13386
19189
96667
2988
60335
82575
87060
18429
41118
55024
97027
93893
76059
63099
90826
86311
7953
18813
43191
61169
35836
23826
93176
25100
58873
43478
5035
54905
74206
61775
21285
81999
41473
16512
97816
9028
26307
30333
32635
74310
77314
80069
3889
53065
82185
16249
52120
39564
30116
11185
40305
42274
53987
11899
22437
1177
57379
42902
98838
88459
66622
43219
69302
64661
14052
63355
87922
73136
34374
79696
31367
33957
84750
20019
92303
95938
78435
6575
24108
69261
90508
99129
49196
65046
87749
25958
57588
83228
20289
52313
20459
35149
29519
27666
59518
73476
47787
72254
58151
603
97779
25499
52555
93598
85336
76738
5567
50229
85971
87698
1030
8711
11042
26807
86577
7453
2473
1804
27004
4867
57511
82036
58583
86709
84691
51853
86896
76721
36145
5225
35800
42798
86065
24735
65040
63835
44031
34071
14779
65727
57901
59461
6869
39917
92342
87355
97555
42744
35990
26204
63223
23952
74020
93734
58017
47990
1374
54168
98076
25603
79228
78391
23060
71082
62177
29741
63217
90129
77607
3175
25197
24169
68190
26439
84827
58714
6949
91180
50795
45020
30455
58973
14978
93330
40986
44187
91863
80503
89169
72568
44673
22304
99529
58025
65393
28888
90973
12176
27182
48200
43781
8484
76942
78952
33350
59358
28473
56840
2443
8985
73605
47109
40615
98723
92640
61409
73049
16741
57423
85336
68495
58499
47445
18470
13976
53037
69853
39829
73633
920
8187
76793
13571
57954
44867
64806
68513
90246
5354
30070
6816
93092
63469
10175
1224
56750
74114
51332
65261
37091
58199
90168
21952
90990
12278
53622
81250
69930
52166
16709
69471
40460
71028
89710
70441
74477
37967
88143
26761
55671
54452
59586
984
12160
16697
56519
54454
85832
93369
93487
720
11410
21095
87737
72158
90247
1387
77296
31096
63304
59820
18128
11758
47412
36502
81518
9176
84396
77832
13108
81454
29858
85724
51802
53066
3922
25549
93857
5501
99043
32649
67473
98630
83650
85907
30160
88948
47667
97726
52590
16168
62992
29955
12050
63404
6982
36607
75857
98454
51838
76879
31241
71392
20015
4739
95791
98296
55902
66944
69938
81865
30634
27634
7119
55176
13968
43880
24535
83851
31577
93437
56260
81736
94062
30728
61831
93379
34740
56204
5068
82817
62688
9095
25449
88326
66381
19157
66914
2325
53485
20704
76137
86214
63905
11462
41294
41272
91110
251
54104
45297
71101
3871
96929
85805
57550
93266
89437
51240
57552
58865
11349
268
91483
2903
14010
77447
75269
47848
50064
7829
86232
39409
43289
95234
21575
49296
92400
66430
8073
33528
91636
25466
92428
98088
18488
32212
88483
53392
58557
74227
63163
97588
53358
97704
30034
89623
42243
63258
36256
80097
24347
68839
68363
96686
12205
52228
23362
34017
94259
25764
43535
4306
37420
1388
75105
26836
60541
89668
62677
22239
61909
4290
46593
84186
61637
77096
74773
78568
99462
99942
24941
35579
6127
67857
19084
74938
21972
7128
30055
81207
56529
98427
11537
66921
11891
51904
48876
14585
26111
46509
15084
26584
57416
19490
25197
77084
2657
45899
83162
89289
82491
98043
69733
65281
56045
39074
90128
83525
54144
74348
32171
88722
5408
93537
28110
15200
54229
93996
89763
11179
5775
56346
25447
77683
84009
59910
41883
59642
51666
47966
62403
81800
82116
71945
91872
76667
41473
75353
92077
40622
37334
57617
45748
82583
10180
59355
94728
2127
5190
66243
90839
76384
36762
39954
86299
28583
94559
40895
97813
32285
43408
66835
30542
30826
67728
22200
86583
88466
71936
44659
66794
34556
56623
24699
50422
25219
37587
92244
4783
91133
6469
89488
95324
39441
80030
96038
57766
39121
74956
15066
24199
42626
96587
88656
39042
62667
99855
64292
17533
25319
71708
63781
34194
70209
77318
9109
34402
17359
7239
48215
31632
7111
90479
32685
47474
83104
92313
44978
76239
61958
20049
224
63063
86946
54418
24775
90049
29898
68923
11259
10488
92541
30504
56430
9723
64681
43125
71766
45536
41191
62007
74438
57644
44366
94840
92690
44365
2944
32480
33810
43047
82581
32919
79626
73613
13239
49637
37700
66713
93290
77924
22178
26522
89937
3189
35770
43051
65431
84406
96598
87876
23630
19226
25839
55588
9310
91598
36491
42446
13142
28997
81578
63305
14145
26913
93936
76427
77728
99750
53727
60305
26825
11124
61689
81070
38743
99327
1197
38659
33530
9167
39871
18389
44650
9835
37457
25210
30871
59561
92155
84554
69597
51282
31981
75834
61575
37641
89286
17659
52905
87339
38024
916
65182
60939
35824
627
3928
151
26345
94103
59454
83207
26067
40799
2110
229
83659
33687
81674
62477
53339
64003
74390
11348
93580
27413
83202
82323
82829
69035
4520
90451
22439
2087
14633
88454
65163
77359
75924
75881
79336
37379
38202
38457
62412
7880
49162
47640
71960
93927
50126
23094
55365
76423
20096
16883
59293
22805
55788
19486
88962
17287
28914
21765
39008
1808
55467
73314
98962
13131
1135
37134
49481
61408
655
88065
16521
81772
76561
12019
11681
98522
50098
69209
60723
20093
56444
662
5871
74727
57413
8537
68473
12605
90546
74145
11208
1942
37892
3427
48757
42046
15202
10599
83232
6679
76792
36834
89643
62446
16087
25483
95847
88917
83461
31325
4039
53556
15536
58612
68618
41195
84309
86390
82688
17898
83601
47161
95139
89749
70240
81762
26524
59191
8983
27506
64407
52067
411
40041
31781
72164
97320
58121
92106
301
21675
44498
83533
64942
96625
83617
82447
16591
52805
37530
88466
43951
2987
51045
82947
94218
3893
57743
3106
98711
96556
53440
8797
91629
28146
26145
89578
88993
57536
38852
90370
90847
14035
4866
94085
66545
53829
8283
76122
9635
72218
30274
93188
51341
31883
47885
61438
80468
58262
46456
28646
24889
28288
26850
45241
11473
50705
51612
31103
72386
307
42079
35208
89186
15782
29071
82647
5178
66937
80981
63165
96148
48512
56316
30707
48547
74574
58891
47321
30611
25121
18780
9745
46033
90305
34398
91603
7951
2350
71279
14054
98603
9942
17352
72699
84288
82582
46803
59471
1754
60697
78950
54244
22193
60624
47469
18425
40804
54638
22490
2714
91917
95781
47803
35200
94334
5515
45286
55731
30564
41718
52597
73093
56394
55125
99187
33960
48907
201
27879
13920
97819
69137
93454
45795
34715
48210
28587
19980
26525
35023
94044
75906
55760
22904
19218
321
64529
3889
75480
78406
52297
7295
43043
27738
40017
20553
91398
18378
50222
65107
71963
92564
78246
19104
73968
39270
2086
52628
57612
65843
85615
33734
57437
28110
48555
42633
92687
53506
90879
71018
79660
31678
60172
98574
13430
65085
15987
39637
63567
6864
9951
87049
15141
37916
29999
30619
37478
5473
44403
32606
59479
90941
9148
87164
59140
77046
68367
54623
51213
3576
69408
21781
20126
40835
71428
30966
51421
61965
88254
49353
91159
489
50753
21297
75191
564
30837
86159
30552
96771
1084
7272
26300
70563
42913
20154
2824
56347
83074
45875
79350
9303
30585
87578
62378
64565
75964
50402
92367
58453
646
69031
77513
86738
19069
42686
25221
64900
75781
34652
58908
43280
4205
75633
60814
73272
12161
15129
10608
66060
2530
64265
68720
67932
73962
10985
93384
13173
8319
52383
87065
69300
24583
54051
44161
31503
76789
61731
33404
68839
58657
47730
50972
68766
88886
90063
99891
34660
62602
95210
80291
661
35565
66340
15005
54298
86038
87712
49354
86271
7638
18710
97950
33206
92672
62770
15008
33569
16904
64556
35350
37941
67953
4041
45457
50411
50440
62070
82548
51065
78979
42130
88126
49300
36146
97017
35065
79762
85341
26310
43437
83926
99527
79368
48683
99711
29663
97742
21047
29828
92986
29832
63532
37482
57677
89224
5756
72625
47814
20760
11717
27749
93295
82542
43196
51358
81670
35123
15467
65481
52630
17899
18736
67170
10249
76559
95703
98611
41911
49980
13942
30229
19217
60703
9771
22390
72020
86014
52395
11141
66800
66692
89835
78427
99347
29483
7837
36406
51548
22165
14698
80476
56700
90208
2587
84454
47654
57153
51722
388
82443
24449
21130
25294
40404
40580
39342
4995
2957
67966
31499
89003
5107
45182
87409
91667
72911
38480
28922
4132
19386
62727
59793
46845
89128
33698
38260
26431
69353
48627
19059
754
11957
46362
27393
77626
84044
66860
92138
15553
44889
27860
13878
28292
54752
24442
35119
33392
43397
33061
2451
91245
56225
7543
45765
50003
5845
16937
64283
10358
72583
65264
29755
19542
34569
48250
96435
39591
69221
4999
79347
58564
14280
38514
30595
47209
1342
97242
12906
81274
44929
97046
23928
78663
93494
10772
14437
32560
51790
81691
13437
92905
51547
98058
22125
91418
96193
50813
76356
17460
25588
26298
73769
20711
71741
22139
22896
3796
64006
60900
7106
56915
43833
37036
31330
82338
77875
9480
53993
53627
2525
84368
73387
63896
49518
98371
29539
73923
90550
86910
30564
66878
84851
38529
54005
33802
79401
32841
55562
20494
26810
51041
35882
51214
85251
98377
14967
11198
28082
88805
52041
64883
1609
42261
75555
55607
50609
37371
94893
59398
80762
62757
2454
23115
96961
45882
61631
65994
79202
50296
65368
34229
17357
96836
83061
87852
36642
57736
87966
95052
39158
15870
63332
21298
73632
41435
63857
59237
61416
79267
47730
82365
68815
60993
17800
1681
36026
38466
74169
33631
32578
28253
84906
95977
62556
903
83809
15524
33495
67506
92601
72500
83829
95637
41588
53874
26639
63622
87113
37072
51779
63159
60814
66267
82559
94560
83115
25581
76456
34013
21905
8116
46855
48240
17617
43557
21044
61742
51858
58129
72703
95230
27985
50024
61778
3741
62936
98768
73036
70273
57805
81180
52553
28762
68235
58927
57746
30221
44368
15133
67147
53965
85321
77928
97274
93838
49021
34750
40561
23157
19597
45790
25094
88090
70196
22483
13053
27675
21084
45314
60315
21678
44042
77902
78310
72146
29782
69089
42706
5711
29346
36391
30236
15320
44787
2730
68998
76238
96410
88138
24762
25618
84124
27674
23324
70585
9842
62375
1848
45381
45618
90523
35688
65929
69228
21993
1315
25858
97695
17276
75873
94474
8968
35440
11424
17719
21961
49465
20765
28041
94516
45624
52978
15690
80441
10860
89289
57196
89031
95522
48769
13980
24199
30759
76859
986
99367
66476
48435
53301
55232
59837
19314
15920
93984
30527
91752
76053
94421
81909
92717
26685
80352
96241
24700
48828
45790
23585
42434
43597
74838
53423
35968
63900
35157
26701
63586
41647
78071
79315
44247
54734
11035
69278
91128
16306
7887
46332
62726
40350
82823
49106
89133
797
32197
92733
1157
69237
82557
14016
66933
49213
87259
47374
21342
30940
203
98937
23258
25851
35780
58200
79249
4580
54265
5547
57331
67413
89520
18836
6153
43786
33840
21727
65088
77885
45606
63840
72139
5750
97722
61099
75757
95047
70481
45514
70364
25773
10132
62332
89794
94864
33122
14217
49497
36881
74389
62612
33803
41309
89878
82629
51224
55991
13569
96733
41581
9958
82943
84142
65713
18872
63179
35297
94212
91483
71476
12563
17433
87336
5741
36466
57475
10383
59502
95237
47382
86581
45463
24568
19019
92022
78572
70602
96234
31568
23058
92165
50248
21639
15803
88564
21221
90242
23147
52055
47685
99551
69276
35145
12581
63963
75693
91369
23996
74464
70680
32082
99346
44304
3156
44928
10209
67514
16640
96790
50556
34275
36566
78464
88990
64437
34823
76541
83989
44370
9846
29036
85781
97966
92660
36989
55668
2830
6033
84837
45757
2156
77392
41088
57161
62044
60885
70869
38090
70510
93262
29398
84140
81810
5956
56176
28748
80991
96942
77024
88203
8061
12961
16699
31461
92939
60362
5622
49337
32017
4755
23437
82236
69559
41298
82169
99103
36434
10337
64077
9895
82259
43782
1213
47011
39879
12803
81804
60913
28122
62024
79859
54793
10978
71017
21471
32434
3576
93080
91885
7434
76350
13859
6112
14030
53757
6576
18699
36352
11515
76476
37570
21094
60883
166
83444
11198
55851
23884
69645
80835
1354
65577
74378
31127
82907
43100
43771
56234
82849
49856
68996
65675
92674
37731
32767
9581
32925
44675
36960
89672
79075
19131
42341
78515
86700
13698
76496
58182
72505
36540
30027
73047
92224
84847
64990
60728
75919
21148
75342
45039
49680
32158
8537
5085
56366
86444
40353
2089
14605
4239
68726
17123
84386
3574
92092
88997
95271
94130
20571
79329
75294
3419
1090
9851
9650
1377
48313
87256
71529
37316
44919
87536
83048
3315
64804
62715
44283
12319
13390
96463
99534
13799
95925
23069
71473
35777
36774
8503
63682
38083
791
59297
78268
42261
36661
79329
40038
19575
93899
67321
7575
77509
41204
58246
30146
86827
66784
42648
22440
16319
32439
6707
57392
77029
55729
43058
97663
63382
1367
76291
3847
57073
45273
32314
14346
88791
74938
67306
75432
4279
1142
94410
67671
56790
50801
51007
98974
8591
48345
40914
79925
15388
79620
9350
65796
98398
57337
9330
7775
10395
58865
5233
36385
74323
12575
96587
32043
69480
97795
91495
92905
41935
38325
83575
5713
65273
73027
38194
84898
9166
85255
44624
37173
24110
55271
46591
44822
15388
28828
75929
16524
61640
65409
19967
43082
96905
33054
11667
72985
99963
79212
70026
95046
23387
17877
31520
4172
75636
41387
48173
24348
71510
96856
32927
42837
75787
85511
70173
74507
66225
10576
63901
75029
86884
38992
79242
57042
33923
5063
1876
96013
15282
62399
61310
23793
39656
44185
57631
34320
38417
66234
80109
98724
43045
21713
31932
54890
42242
86539
48516
21350
41919
37517
78886
38474
29161
42463
98512
22273
75829
20156
90526
72602
39711
79961
96876
10420
64427
16832
81726
98348
53286
78206
58837
45473
26206
81472
23873
348
38980
91212
93296
6604
148
91559
51200
57456
27473
65112
44037
2595
27421
34552
38652
46753
28016
14984
12633
10803
22699
92466
26539
74354
21817
92353
43815
31484
22775
91089
76620
8227
87431
84209
26783
78884
38330
5321
98641
28746
87425
71076
98346
40422
60786
60329
86728
21773
79312
8768
97761
24588
46871
45479
93519
14553
77479
72908
28222
84611
68718
74582
35684
63382
54634
37260
29596
19227
97122
81498
53799
27691
625
39480
18094
5663
68060
120
84205
85910
35466
92458
35115
5015
75576
76554
41800
99858
72933
5732
26319
56633
39502
92889
78412
68838
42833
67490
14372
62894
84123
96408
59757
33688
63631
10246
41242
57509
8985
8471
70993
54664
83311
78598
83224
18928
68886
24348
4401
13569
93891
64064
37738
11576
80468
34627
8738
41383
45397
95182
71472
57022
25136
31895
27681
72342
4541
59507
12027
68305
14776
44105
44565
30374
21847
44464
83064
13501
59491
31133
332
17736
14338
7573
79948
30663
30984
76614
91851
69781
72482
4512
43491
98007
61727
19770
38615
46585
95250
4802
14328
55789
4926
26114
61433
32373
59423
55258
62462
80225
83941
2406
43422
69030
43066
46563
3945
52749
24799
13372
4252
27649
21918
4951
44474
59729
54955
64278
66628
76234
24029
54699
75624
47096
80998
93028
57120
25676
73834
89641
5771
50601
15445
29634
7929
38033
9366
30555
87872
33806
31441
7186
99662
39334
9247
34843
75188
44776
17580
89177
25670
63506
58656
8304
41398
35415
15632
4832
96572
27155
80495
32060
67438
6051
98144
7062
94932
84456
34978
56682
11046
92341
67148
2793
41331
20414
17033
2455
23006
79736
21487
50664
75662
69334
6910
84102
97206
32608
3136
31475
29952
13247
39711
84904
62346
49271
53723
10366
74293
42819
4065
38701
67814
15579
76769
67387
61352
69068
58315
67180
35659
44415
6380
1703
38325
48190
28338
1499
44492
51304
77043
49660
14833
25194
68823
69018
3474
40113
95878
80151
42350
5118
13005
56793
92306
61781
4274
82896
35439
15787
19920
75361
4966
99111
29544
86482
72676
93830
19805
47185
73489
5163
88198
25747
35320
39645
79767
7275
49011
40779
96656
78504
80991
58425
41708
4221
30140
12505
41066
29438
3694
29460
16422
96301
72997
16478
28973
46363
87082
8746
79263
86813
55997
38132
73151
39579
20530
66847
29135
74924
45701
83388
36120
29157
20294
55896
59803
17979
82867
68899
60050
54766
60151
21749
18208
82995
55679
79607
14605
27633
89893
9842
31308
90985
58044
27863
91325
70656
83906
23397
88830
74505
94949
15616
49173
51874
53505
43839
3905
38248
73929
2649
3691
31444
67230
85745
94310
68440
76004
24854
64212
55576
48980
55158
41656
87159
65154
83468
20630
40705
96258
49654
92873
68565
96742
47996
45732
8214
19940
56753
73693
45842
39453
63912
95287
46294
46487
33891
63983
26620
87584
56608
75987
52927
99103
85840
94875
6191
86548
69781
28028
77323
96541
18505
14249
92746
72189
30874
69537
30435
31941
18648
88776
4983
47779
30574
591
86800
93518
92708
27598
22569
30408
50195
6561
39811
14499
12650
74016
18194
3174
96940
63217
61934
25890
68986
78508
40137
73237
29908
52104
29253
10973
9042
42852
27886
90054
10151
1268
40824
996
90904
21097
35005
68636
87934
1585
76553
51086
75198
86130
87691
34417
55773
17653
71599
63959
67911
40309
1939
64682
66237
71178
41657
65705
56788
52091
90685
50444
77440
93145
2768
97736
38308
89720
75585
97384
85636
55193
75406
92130
49639
45478
73654
19757
82394
22135
13752
86991
71765
66316
6057
6293
95721
90746
86790
46221
41660
31223
16939
25854
54538
1231
49004
41587
81272
28893
12640
36718
126
86757
48631
29152
35885
77034
99797
5964
8658
22927
46506
23450
38016
55370
50021
97499
24397
70704
78461
12965
93624
25671
26861
11374
98039
44332
43111
25387
2216
85440
22986
62697
2348
5742
26349
14334
78464
41528
68173
95330
45282
83801
66633
2256
97885
93925
9418
79348
23511
74696
19026
71303
75777
58419
88612
53808
25438
75577
65141
61358
18615
53122
57296
41695
50382
26227
31007
75170
36716
57337
49504
2552
43868
48989
99975
89547
18385
14866
71255
65116
77159
91269
27303
23119
51450
46735
58481
11094
23337
2153
67941
359
29673
52902
72932
44355
54709
39547
88283
85647
63553
34229
8580
29311
89333
97626
51713
44408
93439
89503
21000
68237
28591
3441
55525
22133
75895
85762
43398
51864
41023
97999
67256
13514
2617
62607
81423
76260
38655
76366
17097
24251
57526
38111
22227
72812
66843
50818
25738
80513
25682
55449
46709
70257
40451
93173
89173
61571
25720
52169
98249
54496
79133
87183
25676
51845
19758
87683
54191
74641
87222
98876
21686
37317
68476
63618
95836
70588
89872
22356
84433
72876
44842
31130
33572
23689
52371
52366
21810
96651
41415
28945
13708
95211
68967
92840
15486
77080
94765
28122
7329
7654
62501
64907
32777
70190
30313
97948
83696
8134
79900
78531
72309
87428
19256
33103
66151
79465
95481
46995
26638
61437
74558
73413
52415
80465
19912
46173
48865
93260
16994
5770
477
35440
32104
3408
41381
15330
12136
5114
35430
17137
93775
86316
99154
42872
27009
47637
90435
45458
90364
38351
27845
94039
76785
40251
91819
65525
65959
46906
63422
1283
52562
52119
23652
53377
45734
99693
98736
42394
98294
753
78623
93211
52485
74015
19309
28209
47287
10868
32749
28395
38258
11421
73466
37599
29530
63329
24063
87712
51273
18280
68608
60773
96845
53063
8070
51969
58185
43808
41080
80689
31270
12045
47236
79068
55858
23513
85422
94101
76856
68073
38698
36290
14469
79321
69197
65345
30199
95124
41600
26977
26250
10836
97306
74247
72705
52385
53279
83355
6704
1286
51052
69431
97554
61763
42570
66779
64768
25484
71788
82572
36573
6175
9837
16912
34762
69744
70653
51553
69073
30572
17637
92689
46991
87573
47510
28398
12277
13755
33537
31880
47816
67788
5310
41405
74970
56543
93926
67370
86484
12577
39317
54736
67516
1078
21403
85617
80706
21365
95112
8456
37748
76991
6606
11276
11809
11792
93428
14496
55848
14961
20515
17255
32701
90700
52782
41536
99800
92875
22741
7865
28769
73415
93556
52237
29389
33810
52924
77307
51843
15572
26174
83686
20747
52251
79812
74097
29406
14130
86680
92426
67692
9264
66325
83
12703
38783
5028
86184
37507
68238
89840
59124
10788
66264
56292
5651
33810
65012
60076
87276
33436
77763
78427
40458
97826
74148
83130
11297
16901
99992
8087
9520
89266
58723
31002
5435
78497
43771
69506
31167
90905
81274
35142
14535
50638
33363
96164
20636
54757
17043
79367
56641
82990
71136
72800
62017
21148
68827
37821
79891
43686
5196
29466
65974
65184
4495
54976
43630
77761
74144
60852
26476
20198
94862
70764
51120
2382
55916
74362
47637
78934
84365
6519
74364
90637
96252
30541
15500
18054
26033
25614
95882
53336
93344
14297
1575
89689
50565
87689
35760
60224
32485
30361
36168
88159
94056
36259
19819
35211
54503
19175
38363
51932
75661
44485
84412
36104
19919
5933
81856
65807
4360
12417
7544
29762
64173
90364
71832
31666
41391
4008
38250
78235
81543
76076
90685
82462
84468
78740
65629
40699
96568
9725
12395
26981
18497
69547
80341
24679
21961
24492
78397
27535
64283
66899
7812
86140
13073
58944
99425
38002
72727
15834
66069
86867
44695
24983
12483
58130
55340
28059
82215
28783
25794
73290
22104
93642
23447
36074
84313
54867
70357
72006
70115
31761
93480
48082
61783
99299
78666
7406
79453
59021
82874
40376
75418
50738
47503
34764
59118
14466
60691
6706
5446
21829
92821
35565
29354
83007
39548
6313
31364
30551
88493
26682
8118
8356
6549
88543
15695
85156
12443
68829
66625
78338
78772
70393
31762
64079
91176
87321
6292
96015
31251
41403
52218
37609
63562
87945
73679
14564
48846
86727
83149
78087
8177
1226
11428
87913
79701
90942
7030
42554
42036
80823
18283
76178
24686
82000
61790
64196
26961
62143
83414
86453
93006
62162
70327
89316
82883
10079
40746
19517
59525
24355
32379
84469
59028
31784
8502
64769
8057
16576
34468
59142
80560
35066
51369
98608
61580
83624
68269
2496
93631
47831
98044
65102
24642
97365
47563
56258
34027
7519
75342
10639
4361
68665
54940
47526
51172
89200
96389
85020
39729
71641
52042
95684
71574
91873
90131
92200
3317
81074
92536
98771
17740
34843
29019
65000
6586
94819
72709
35093
65128
22437
625
76730
10666
51658
31808
13167
76229
44874
42511
52617
11763
19535
91995
14325
91250
11325
25340
36557
97374
1146
4110
32613
82562
23566
47986
71828
11513
18699
36722
65266
93996
44115
83246
82165
92604
52847
81948
77045
36818
25954
85109
48477
37376
89947
4673
60577
59202
64546
99223
71111
20930
67536
39653
73913
47356
86202
33126
8178
9355
48775
96678
60130
49310
14300
81355
20214
51040
47522
54908
48801
50385
70068
1768
48015
59489
61008
86715
89173
94981
29559
68047
5954
29536
68829
15459
12245
32316
91543
69752
77873
86670
54440
95479
76334
7419
1829
12653
9960
47872
68300
35517
74199
60791
73289
42076
39820
23301
21290
95107
32701
71546
93054
98187
78291
94932
70217
81271
73820
21743
40383
70971
16378
49074
36361
42721
57421
34402
22284
94688
12621
17327
29100
10606
61171
71471
43896
86974
21309
12277
73621
14164
32244
69765
95463
65260
44020
76112
33701
54161
54367
3002
64414
85228
19788
71672
28747
44512
58495
26185
64796
82680
15723
4235
3473
25656
72995
37917
22882
34427
94536
70624
5036
71422
35785
42190
10331
61958
91234
15823
68409
95621
97135
24204
22857
8933
36395
93494
98094
5771
54896
54434
39924
90156
1118
96231
25350
93084
60007
69735
76863
72175
13316
38773
70557
95356
89527
46851
66948
28370
44434
16662
58838
5376
13193
43743
45558
90063
38412
89687
20002
69904
25803
10748
29748
88394
97569
30597
55613
60684
47357
92378
15128
38280
90687
26940
89242
37579
28836
9652
9710
36905
1696
77361
66293
86002
89051
66358
83731
12756
84612
55032
78656
58653
77957
63603
25793
82
50714
73101
41715
17661
5274
92197
94953
41352
86079
60950
57956
26753
74109
65321
31738
86686
46420
84331
6360
79642
5503
83240
58172
74392
3015
68519
78823
46223
8579
35262
70086
9631
41976
62900
94322
8523
67342
53803
43260
70594
3178
78510
83165
6223
17465
27990
57047
28798
45260
97889
91418
13086
27237
65405
38158
97282
50561
87712
96283
91394
73861
50150
50459
95776
31074
84939
27098
94658
75269
71655
42078
61219
62409
95615
53338
72641
22817
68535
96929
83320
4979
7874
43281
29756
40040
44260
86906
53727
30143
54529
8128
24490
75864
23907
16597
54479
19641
94351
68468
40294
93561
49347
65298
61144
18039
15992
67489
44600
72155
63468
92968
31696
22767
76747
98317
49274
81415
48952
86328
47055
64220
67499
73742
20197
55211
39213
86908
62245
65086
20779
6742
13135
46311
44797
44142
18596
28806
10651
48794
90496
58504
97299
31676
45773
85496
74463
28012
99160
59914
82972
81042
4878
33748
23979
36443
29211
68005
91765
296
33967
59074
14078
40714
53069
23666
86655
6590
97025
17867
75064
95392
63586
57519
4596
31894
18262
52548
16535
44415
78619
87019
15094
95042
44022
29731
16107
27046
32890
37280
53207
49555
82224
39906
57456
71822
93251
9676
75970
60667
23300
38926
59191
76826
41928
48405
82276
77858
78560
1722
14583
51309
66963
24497
76313
93085
50220
37874
22982
53169
38906
70051
56948
93751
73330
17833
83890
22523
81978
35627
32416
39306
99111
33168
74612
20502
5998
83081
16864
87475
29976
51509
81496
17892
45066
85299
62283
65943
54483
69373
3253
87764
60308
1607
15358
80902
15663
51910
33397
39744
34345
57140
69484
61557
35109
24766
27570
55960
29489
39630
41962
23464
6180
4146
49751
46767
75025
41206
6370
64614
47175
21561
12040
61912
56259
52658
50446
2885
55785
60907
88403
92731
86525
9769
34621
43809
25907
47602
81448
53287
63074
60331
57103
72041
34492
87609
92937
87343
27478
51621
31922
66305
66144
40344
58753
62644
8565
71294
77003
73374
93965
63477
72642
84521
16363
98179
9102
36726
64922
14479
83065
29220
28435
381
60597
87609
50718
85370
46306
81356
50820
43590
45339
37663
26660
52265
96916
63010
9184
71452
6285
34396
80559
83133
99745
52657
71727
87180
40236
47786
55610
63228
78494
25075
618
61695
62879
13424
99281
29768
33069
79474
81394
50015
91232
7468
11587
67292
7117
97377
78219
42313
40252
64197
953
7095
6476
96452
57127
91930
52683
35292
72812
61379
23631
45836
58056
34518
65903
70973
79324
94114
12554
53479
81989
13662
15785
64472
50478
88828
39701
50215
10396
55001
64014
9341
86051
50650
66510
9872
64473
84465
33096
70235
94371
59910
23459
20487
51733
24750
46793
43
60582
59339
92993
53317
81187
13587
88507
10989
20571
88347
54517
59373
47025
30592
4077
17962
52156
87364
24181
92814
34865
53589
30720
19212
90434
58985
39004
19788
29317
11736
87045
17409
53884
69249
84624
58098
28185
51898
92922
26547
7149
85320
94072
7589
17414
74124
22599
68219
347
1406
15731
90073
4817
57528
98040
61708
90766
53512
39688
21300
47917
79675
11504
21768
22974
60778
38477
18726
22847
95570
62283
80072
7715
47493
72358
12840
37393
96975
88567
80144
52688
21799
61291
18664
39608
10697
96862
39567
7853
15717
39
42306
78900
55215
64429
16222
29576
62055
25116
27492
82114
20891
60917
94302
54902
45960
86752
85416
21914
954
91419
585
86104
57121
5983
64412
12803
90159
61000
26748
74344
45188
71554
63918
69569
34034
5252
98798
52497
88785
74191
62472
63983
11363
92348
18408
42783
30148
99479
81206
32277
13521
31590
67626
70541
93642
30371
73202
79232
38839
38747
15551
64347
86906
32743
79529
46690
26344
64389
97583
29067
90578
26334
11554
64572
86438
70478
96910
43273
9890
3679
19368
22239
93538
91886
12294
64920
11930
32501
37240
81762
91730
42637
20675
74020
52131
60783
83144
22094
71031
34217
9888
68894
31527
72253
14842
91473
85014
63688
10481
85307
6011
21477
94260
84961
81500
78664
84595
32098
24546
79542
81245
72791
53722
46489
55188
91442
64065
96005
43541
66638
69277
26796
33476
97914
3374
69554
62286
65356
34876
60273
69512
700
50015
69208
56290
7684
7205
55133
89320
72737
89175
44879
80635
83360
44496
80949
27240
33017
67195
6671
72949
47460
55147
83173
91171
42346
86644
92733
49252
66603
66650
8989
69482
36259
58578
84827
97259
43654
15220
90291
31897
21369
87492
39098
71607
94711
45506
73801
99754
43301
83340
80461
28855
20155
24746
44447
925
91227
79246
29300
9271
13104
96674
44079
48348
26689
11365
98857
16234
37527
63414
33726
66295
5190
67253
66270
96908
93554
34501
66051
42411
62720
7386
20399
12498
66784
9686
48759
65580
27283
38195
91064
28369
19374
2644
62138
54628
42264
79136
71407
65202
26057
1004
3873
33252
43746
50094
15318
8051
70007
82240
20784
93866
58814
84459
17568
17355
41996
45179
36023
13005
53521
19821
19915
5236
99704
34505
63212
32997
41710
74775
19205
18297
30797
78501
26254
46019
75454
98209
31228
60244
17124
24169
55428
21757
99227
10767
22295
88332
1990
64865
41075
88133
67319
66881
79557
65636
38028
84995
13759
81174
42984
59325
54992
94693
81575
63790
44154
2921
10588
35920
68376
27637
36621
54518
42964
38520
48031
64161
88377
80220
81783
20984
81111
35199
57374
23740
50332
12033
67372
31886
37587
34102
4178
93548
17298
69169
50317
91267
10944
39539
32867
93576
59773
19381
63907
32527
83920
51031
46826
12074
15569
98665
64140
3299
40715
53447
93585
93677
58509
41787
31168
4944
74905
89999
71120
20396
66574
62665
98136
99899
97175
88794
3058
41960
33789
21291
64001
70856
5786
95214
70039
10421
14985
86090
66079
50303
40852
83167
24049
89612
51776
66192
62469
27145
912
5916
22328
27435
60586
21709
13265
88762
15565
99760
11960
97219
26897
98732
442
53228
26643
73375
9185
54986
50532
78627
14398
67426
59150
23332
20609
2764
15114
42148
79427
71119
58821
66479
66361
4636
4419
50835
86958
43628
74857
18200
73298
65990
13956
10676
71360
42798
88314
31092
69149
24495
90263
61893
83279
60321
10238
70312
65802
74884
16511
43821
84391
70359
14027
68552
72264
71303
65768
50863
8543
65629
2815
43679
14061
76491
2853
43606
40496
15881
89873
42067
64111
54486
48765
19569
31886
16883
85679
75820
34074
52657
98476
53286
79858
32824
51524
96314
54924
55151
4050
84283
97192
90601
88077
64016
13019
44045
61257
70196
63675
89584
69655
51645
72169
14550
79385
88484
27313
14265
30575
52243
78581
91740
77029
50751
52642
48589
59305
58078
52046
38647
20408
92298
97306
65683
27852
41282
87117
43871
52718
30604
57830
55579
6816
22213
63311
18881
97010
64019
22476
43581
40794
20147
14645
46866
17635
398
70354
8251
64491
33570
25320
8797
18331
38595
59286
99051
4863
8925
22817
24372
37651
77509
89118
67443
50187
11514
72868
15183
80640
69184
39948
3969
25988
34062
85206
6554
69940
74762
70790
1576
65691
48094
89449
45495
56673
20675
30075
48150
56368
15667
24690
99843
9395
40698
83343
99706
81918
41797
44247
99641
31211
50019
68572
2288
63533
94357
91679
83594
88712
68056
76238
79069
55330
54061
48175
70062
555
99812
69468
77075
16598
40426
32796
8791
82844
22753
69572
55887
63967
64070
66098
53775
18142
23923
37828
15618
39767
92509
66436
24837
52216
2791
86862
79266
76664
76100
70046
79975
82466
65452
50230
9330
62687
50813
97910
98375
8777
7905
44070
91141
93383
29599
16950
37649
20952
4317
41060
68254
94471
12045
24621
75620
92752
93857
2685
94029
16676
11724
42481
77172
32215
57475
40596
20756
74726
47989
64259
76465
93307
67152
80287
72678
97001
7480
2300
30104
85485
41690
4376
59316
34660
87497
75617
87530
78630
64830
44513
73899
74661
97938
51411
2252
11047
42152
3481
12467
65379
19532
58733
43153
16090
9336
82432
43744
95507
18524
26478
68960
99847
69819
28728
2771
90957
49702
16759
47338
25392
19404
55384
79284
1487
7320
73500
63095
47449
45323
35749
57697
90430
66258
87061
58117
55664
67564
88606
28671
70513
77495
13384
76623
32360
15697
6033
4232
94555
32548
67731
41217
47332
15668
90966
70028
7275
2586
83684
38189
88378
92608
48978
38453
6803
29909
28
15970
39869
75745
66117
95182
25570
4301
16971
66228
52099
26839
64691
30643
35947
9735
70301
77205
9071
52267
1620
45329
81320
39131
56349
7169
94404
24258
74107
54473
11299
48168
71476
20549
66014
19986
9999
20764
47889
94356
81871
58356
9352
53208
67722
95438
88908
94600
27210
50218
76963
58171
70982
32123
83857
57566
22528
92233
32292
19820
54692
99404
44897
55470
59041
65094
83322
717
10626
3060
61473
33477
27109
18609
79912
68054
2649
2656
70316
43201
3635
42997
35940
9948
97979
43989
81488
42458
59848
79604
75680
17015
29022
16451
71125
55307
78037
27261
54673
97570
55017
7350
61886
14883
86511
68641
67514
15977
23277
88136
72180
75903
23596
30053
13345
36499
12063
55722
90555
72255
23470
58441
44930
8527
87485
11432
40970
25533
89943
55013
40403
82753
97255
62474
12025
72635
6213
77301
92262
41256
15725
13302
53506
40572
47001
19164
82437
55232
60844
94871
11560
62419
59425
35272
76833
11544
34611
38841
85680
68277
67722
15925
73347
78494
16788
29360
96447
71835
6484
39363
33
17294
97962
42933
44505
90727
43473
80302
49388
62091
35101
83000
69182
4683
14394
92231
33774
37428
43695
74268
5796
81219
55768
41287
69926
40745
19622
31427
39380
77919
43485
77646
73761
29512
1001
7996
58413
34713
12777
13702
62479
37250
89610
79782
8033
8245
60274
53363
6563
46361
72992
92266
5668
78607
81178
92120
34877
73468
1621
47573
75738
87436
13577
61352
41381
45902
63452
23375
57681
84911
33760
94329
30158
28229
45133
52195
16087
96821
69802
18398
61961
34618
77396
44348
31923
40622
50690
9196
54948
61053
55487
192
69692
63077
54069
3767
24245
61963
5435
69173
82808
46096
29961
46088
44767
66405
1377
93415
45955
638
17341
86582
91633
8159
73931
84557
41115
61722
45235
18421
64698
6354
87138
88438
2026
14973
76711
26157
91513
81212
43276
54342
3736
21398
69310
57647
36223
19783
6675
68555
8834
7444
96405
59243
2016
75319
31173
31839
60709
96663
67187
96467
77255
41301
8738
42225
28460
74708
92580
77863
21517
40507
59145
65982
36274
33926
72681
65883
83917
3597
87740
58306
84683
57980
54501
40624
90799
47858
3345
43822
21702
58504
36113
99926
21602
13456
4800
34627
97093
4892
59646
36018
86140
70446
74058
28440
82274
85111
88205
46765
72727
3802
51569
66326
38563
67610
53542
11804
62729
14485
67353
36979
29953
13203
45715
84551
69198
23968
9612
18187
45654
26064
82486
25713
85712
81539
97154
12645
29971
23370
57411
73455
61758
92422
84767
90162
31922
96741
5865
54512
3997
35031
4515
23334
23636
17807
45490
76420
76872
80569
1288
91354
68693
27824
92389
17116
34376
56692
80852
67829
21178
4973
63443
59346
62096
4162
57213
18298
75437
27711
25094
36815
61719
88424
21325
96929
68252
66506
10578
25197
37933
33988
89119
38332
34795
21979
86858
92977
57958
27106
23905
92807
15763
90512
70856
33109
40188
15783
23427
91033
60312
71607
62900
85456
31982
19686
79252
29168
65712
88247
87890
32108
6970
12683
16744
35960
54027
74908
61614
4960
32311
74387
21471
14950
14244
28095
35614
25834
36689
47288
17222
450
20032
55029
91463