5537
54136
80374
7650
85066
19951
20668
49217
97988
12674
16151
19580
60711
40062
76860
74134
40425
97699
90258
46874
66757
83402
32456
98285
50776
9538
21143
43529
37921
26036
63088
46189
37906
1811
29310
72847
91044
23321
86315
24146
91482
43511
62214
49693
18696
80428
31213
76372
30337
62871
31272
97879
18122
97256
34184
30665
41830
53784
67438
94834
32293
59099
65687
91889
25398
6853
52682
89933
80921
82378
75457
89184
25807
95161
57586
93290
44277
8901
51054
21845
32375
29443
88280
49122
74634
80339
93057
3339
69674
54413
92312
89427
44470
40451
5915
70493
66012
60774
22899
87647
77920
43377
65690
71773
96261
71016
6748
37517
69097
78344
56347
33902
49285
63995
26956
21940
74687
128
89027
99734
75255
67712
43735
19922
12226
87443
56481
98087
43840
74554
93671
67467
9594
89515
39944
38145
86293
55904
63935
40074
29147
33390
43734
68292
46508
49723
45359
20231
52540
97032
35
89445
3217
73596
58991
729
20495
86802
41082
22258
30742
29581
47101
78844
97874
6827
31174
27370
65532
94566
62521
10559
29921
1483
11532
3098
13595
41666
41073
42615
75407
50403
15195
73645
98269
76212
56560
31881
93535
11231
50638
38844
45816
2975
48499
19325
60478
16854
42033
61636
53548
31169
42869
33873
67196
28998
63621
49294
34919
17033
81719
82489
69903
27283
77597
80408
28616
7515
85801
24459
45073
15418
92867
85932
17163
70507
97903
18348
47226
55634
17689
2166
45232
59490
32488
30051
72481
86089
10710
46675
61607
81073
45417
82296
65821
73404
78620
27920
36097
39508
85577
34035
50714
51607
3996
19473
51711
8483
11982
83461
56417
83865
99787
24313
95371
45048
52975
76754
27933
38124
26146
65028
48139
56480
42837
85393
21297
68774
37660
13335
79392
84328
23149
59325
9650
59199
40285
50275
47777
83629
8239
3606
66690
73118
48819
89610
50215
5358
43191
33583
63206
6680
87102
81677
18616
42317
80523
5293
7013
75949
63550
59341
95079
58610
91472
35442
9979
89113
78987
44463
90712
51727
27752
378
1718
99155
77643
75462
34107
88689
66434
98555
19276
85366
51459
82252
55366
78441
77880
94286
39095
51457
13508
9888
12304
75213
32200
6678
34787
10946
61292
46380
96544
51603
17867
17043
55224
58030
58211
79597
98644
12340
77285
24397
44485
51244
10939
63685
93467
77855
8844
92193
8890
62975
45533
60448
29846
72978
14500
51411
74564
10047
75161
96800
64606
93131
77116
26593
72807
46841
45201
67711
30115
61279
81774
38592
12186
11166
935
62261
31674
76840
66215
29619
62747
76317
14777
25979
34944
62378
89891
55871
53639
30602
81157
55048
59575
67969
56942
30213
86280
90929
84146
91836
14064
49693
93514
8381
56778
33576
73829
4930
55296
3278
9801
46417
78451
3228
55940
88289
89417
94703
60151
89560
92362
14841
73370
44179
67470
62339
29742
47304
89525
42935
37823
76278
66233
34605
59290
20017
42256
46651
47208
61990
49528
50897
67532
97238
55572
36327
13638
83608
24376
64478
50112
91347
59887
81195
13840
31357
81572
91602
85108
29198
10881
99951
66719
39988
49069
12093
7261
51506
92461
55646
2062
92455
63155
90062
76943
49496
97949
2454
95949
51550
45794
6202
47175
52719
26201
28427
8810
89895
85510
95805
72961
72523
67749
20311
76619
93113
59277
42377
22213
69602
88935
73003
57477
65474
20853
21470
31909
35359
45745
8496
82953
25446
21968
44863
71548
72029
9184
39213
32625
23819
63360
92516
98186
84106
93628
38919
80444
78326
71835
83607
19805
50896
59391
32600
69924
32137
5417
30419
66287
47140
31379
86481
40741
40706
52930
50538
49802
29430
78985
40480
46995
47726
59205
63067
20634
89182
99873
25256
85650
92909
27860
95749
16687
79555
51631
39849
39646
5546
51841
48587
26194
88689
20789
43596
314
23102
29177
59981
26013
78892
15697
83383
11416
14830
94911
16906
91719
66848
12138
66731
56002
98415
72195
3108
92809
44848
20910
27593
23391
200
41208
1355
25501
2908
85244
82889
77259
2841
22477
24701
61789
99079
37897
87144
81613
58502
20531
62988
84748
72254
51429
9646
447
55601
62142
84584
53344
94313
41900
23181
31843
21932
8501
43024
50331
56195
78413
55295
61598
44319
54714
27433
55848
88281
17176
67852
81944
72400
24215
68271
46929
1193
33507
56007
84851
72259
96808
8355
50469
61701
22161
17107
62294
87980
85626
14955
94240
84274
4937
71890
23600
50331
4358
16092
98909
67330
83018
24029
65314
77874
5026
13370
92426
43267
64497
56965
74831
84014
87857
54990
33837
36361
82917
45434
25823
20691
63635
12769
17386
59232
67318
97208
79595
30995
43710
10474
33606
39540
95490
52913
86941
27872
80654
52804
51765
56983
68450
81155
10921
68655
15470
1978
46406
9500
42845
99682
76198
3686
20820
50816
6848
99858
87543
78252
90666
75861
17372
92091
56110
35725
17938
11762
49632
94192
18003
43496
39011
32336
90323
77945
78791
9075
73781
40769
9753
89643
90380
36457
23387
37188
24881
15703
50025
54433
72361
23145
86909
96466
16628
2412
46773
26225
70360
45492
32797
43260
5538
77904
24474
35911
37258
73876
26573
25474
31044
344
54249
11997
54632
37266
21349
18339
43114
59245
716
32892
85138
51507
72851
38718
8035
5725
56172
4175
30138
59374
30187
55386
12318
7839
18126
65345
65131
94349
59668
56310
21197
24336
20628
96157
16547
17389
61049
94270
80369
71061
65373
97590
37192
58500
26346
153
44911
72891
14390
23743
12642
46555
8131
63290
20939
65262
79923
251
3812
35962
50457
8608
39561
87419
73992
55587
96124
78907
1359
30466
59079
45852
89183
92569
87575
5239
36645
13324
40883
11270
89960
3746
43982
28291
17094
95763
48078
94338
70750
2566
76178
1627
41322
89158
70452
50411
90753
75675
5930
34798
10856
84001
60942
45126
67939
4439
60342
69550
92746
78509
15035
78193
98613
20805
79599
36441
34354
71659
49983
51891
41414
42524
4542
63610
2913
44206
83966
91312
15488
43216
79043
30639
16872
5953
92473
43501
12339
63402
93694
1148
87722
6478
32968
32956
84147
95733
12259
63364
86983
32540
85723
61421
36164
72125
16855
77092
77728
6376
70454
4608
96167
76425
94347
21916
52849
66245
14771
44204
70868
15465
52569
3775
72173
54627
87909
75781
1279
91115
47211
93326
25738
86049
85570
93678
29074
20825
60429
66151
6539
63209
68874
18953
24902
6427
64685
82281
91884
79164
10387
47825
99831
76772
73001
66204
88430
351
82375
77342
36866
5977
87305
68319
4190
74964
36860
66657
73180
40424
51095
91330
34095
82209
5380
57030
97111
70105
183
50544
84143
26682
51475
9123
14149
23300
39912
87177
301
71146
89958
7740
82743
12913
37162
86538
53033
8565
37582
70219
12219
5313
97232
16097
67268
94241
386
23864
26163
86494
54782
42783
22492
73387
7117
65512
16045
63109
80205
70863
42089
37126
55665
27148
37420
45958
79045
87316
92064
91204
46643
55351
19924
78989
76491
92786
41889
24482
6128
15008
55211
78589
13974
81115
44811
33718
82028
27017
66868
36631
88762
30953
48406
80217
23610
6469
98826
68121
39796
83462
23780
64828
52949
57716
93375
9081
81845
55354
1434
43751
96348
73327
56706
5110
44242
3931
87923
33186
80574
44785
15449
39347
32122
74162
91354
59670
36940
17589
48443
94940
24538
26658
9971
86237
47440
97802
19140
70324
29381
8325
16118
92771
23331
79439
66805
40929
71081
76649
12112
90927
46933
18832
57503
52921
86602
11749
53077
62630
67717
25836
26808
88663
72867
57082
62384
8230
53457
90878
25609
16531
630
45106
24281
99200
28880
11965
38905
28972
20448
56809
74057
3481
98435
56670
78404
5236
71443
40763
17231
91858
82278
45654
24812
13925
23672
80781
23958
10961
46997
63950
4371
91542
47376
51979
16252
30551
28052
79310
65623
79656
29961
67389
21391
43503
74973
97722
89639
41382
25976
8246
8120
70379
49095
59939
54498
45453
43712
93255
40201
59644
51601
50095
96175
85361
55012
14959
77970
56808
16950
44632
88162
7932
21255
80938
97315
71663
5033
74201
9298
78790
23708
46644
52676
57923
73363
3944
22313
69626
98086
981
74335
16233
97944
32918
10936
79279
35970
24394
42604
59268
97096
47784
57851
35806
90395
87409
90473
23012
39493
28679
74242
74697
53229
98714
27290
30809
52840
8317
9480
62312
63068
1933
80985
76597
37894
35150
77162
5066
73840
98494
4590
91978
5430
29250
72496
21356
42357
52985
32296
75324
44110
10978
8999
10811
40444
60934
88516
69496
46456
32218
10556
11488
76214
71582
89142
37364
59645
96595
24037
94667
58904
64585
3075
99025
1987
18368
1827
58294
63858
9641
90019
52372
46276
31531
99160
3092
16074
71874
2342
75563
54041
54048
84533
43315
59638
78145
91198
96310
65284
35842
66240
37637
90346
16933
77728
19211
20771
12042
93844
61756
18281
20395
90175
3992
43812
26455
2151
4844
17298
77445
24404
12898
85013
63347
21313
12420
26625
10848
33022
31007
65688
40723
36718
22509
51112
29535
88851
44983
54653
40174
6063
97653
86009
75626
33127
50751
78419
46494
53780
53026
91247
67454
88278
10419
69696
42941
1094
29157
14555
90997
38438
88673
78744
9100
10744
51249
7513
77302
87071
5194
71652
88577
22209
99075
29476
95762
29489
70331
85463
95235
56562
36288
87971
38686
39684
39728
46953
4735
42203
21390
62193
54794
11451
38774
72895
74010
86046
43127
9681
56102
19895
58322
43679
8091
77801
13805
59798
92848
23624
3719
33458
61079
22367
9587
19234
92606
46334
15808
46582
10032
96736
9290
94857
21975
28781
14959
43243
126
96159
87554
26606
66902
93083
17251
15451
69340
11888
58313
92664
50609
95
98098
4818
97152
36282
87764
79581
12231
82887
53900
85102
63993
337
59781
7840
27122
20163
14040
63930
12803
2585
1426
59177
98974
20614
76673
51886
39123
72837
94609
17337
65250
54697
37892
3699
13280
49686
85728
33225
22611
14149
50150
27231
82688
62336
80101
4006
75643
35828
573
5262
18692
39870
59848
83393
14378
85365
97140
9525
47590
42308
18880
36437
40848
52564
41458
34183
34064
59347
38148
9920
24466
88643
29870
63293
752
17072
80044
82500
84131
4552
12471
9728
6662
91163
35561
34198
15783
18721
45697
64605
97176
83580
32834
51663
9609
97160
41580
26096
89765
56296
98549
93222
34740
96787
32237
89350
87789
92532
12653
92368
6030
86804
91196
83212
8017
58501
70732
55884
68557
69591
20398
7142
76183
83207
17411
63149
23990
79787
4599
47373
44634
71439
11266
59388
99855
8373
6632
85569
27747
32131
92342
94843
62612
8487
42532
85185
70574
53299
90915
60833
52612
92124
48225
69967
73225
31176
30977
46624
15194
85145
90351
573
23423
52207
55163
41009
38353
77363
52770
403
49344
56203
34394
1696
33777
62034
58230
76615
20828
96903
80349
87399
80594
90493
40906
66733
34391
74429
9175
61207
92732
62913
30092
37390
24868
93651
39797
91564
18884
25152
97196
2005
58340
64717
20116
35255
7259
28573
48739
65041
64735
32613
79781
11711
73048
54263
42657
74287
10158
95987
72087
60693
21736
90262
51821
95707
39456
78735
44499
36804
4096
13416
68381
4621
84411
89660
83766
86411
76163
78929
8964
11266
47783
57540
23013
76421
7032
94091
99731
31942
7120
6099
44219
83080
42194
7843
20171
17358
89515
48464
54960
16642
79825
8916
33315
95477
70148
65718
49354
27875
69778
65591
87904
53314
25561
79015
74813
466
70400
55686
83478
64187
73058
95083
88015
31151
31227
30512
4177
50327
83647
29468
7795
27568
44840
62741
64712
12129
93998
76805
47471
19701
75095
91357
10493
76202
75615
75890
59314
34108
73338
29166
35061
79206
66845
40972
71362
13960
40531
67378
6499
57883
18353
96672
83511
466
5941
53309
88367
37090
258
25897
56200
42035
34846
32401
90848
42487
46547
2698
42150
32774
94255
21315
84059
89168
48461
82387
98574
8039
47230
49915
96741
45763
26023
41404
77034
70017
6231
69251
69231
78893
35893
95367
64777
80238
86762
85045
7671
45775
75341
33359
20712
83941
91035
17183
63164
67809
75133
82831
50754
5071
94639
39554
71165
86080
14974
83812
29312
57463
18988
81069
74710
64634
30458
59873
93116
39150
30842
67069
2333
20809
46931
5114
61899
47173
68476
88364
79067
99649
81806
94996
76257
70635
46762
84180
77318
50293
22322
44939
16603
77796
89955
63399
58147
55852
62137
11096
12669
97168
8390
22638
34230
14396
43519
19366
68843
98809
30102
13349
66458
29512
85276
2457
37234
53763
87923
76006
531
13835
68358
3434
61827
41330
42150
11848
88245
73579
69145
34269
60131
5759
61607
89008
4158
36685
32148
8244
46120
42724
59659
57102
20
37667
8523
15345
94311
93879
75117
30874
58214
43087
92020
39151
80783
18224
44855
71620
46850
79961
44534
53315
85636
38419
24901
71454
72826
5817
1613
20018
39940
63396
38117
10288
29487
11450
76918
95179
55839
6623
71894
90928
20814
97122
23687
37623
65331
57801
65375
10380
22673
80121
25239
61073
36408
24863
77205
6136
68720
69463
58507
7047
55076
58042
32040
75649
51340
9442
83355
72861
74724
70017
98003
77469
46638
38002
52928
55479
16549
4059
20186
83256
85380
10670
75968
29894
62849
26236
28745
95723
77091
8724
88241
39528
84735
83144
95979
64776
97000
95655
20392
13169
45182
10979
33647
16560
57485
93301
56951
44203
59196
53958
96000
51995
4495
92668
60550
28320
26223
26825
28827
21479
42529
10914
85050
20372
97806
59046
3789
11123
5987
81841
89170
31969
49137
9268
68380
48346
53962
45701
51796
56289
58535
29801
48339
17293
71285
24689
90907
43774
70673
50811
17342
85576
55006
16380
30410
62392
88823
37571
58648
4728
24947
54479
42374
390
96136
36300
27591
51512
55260
3841
39723
3266
26162
97311
77902
47496
32947
37748
95804
26895
38191
89570
889
13702
81835
29772
57695
22536
80072
85183
8001
83586
46405
33122
80031
5077
78848
97470
51848
26982
609
80635
83126
13758
50588
33072
94001
50941
54735
39582
58240
88520
25760
27179
97413
82387
75867
9927
97973
56363
42438
46321
91406
2020
86151
40917
12928
74130
63415
61373
34430
35802
35283
56036
25354
53218
30069
73556
8773
85810
45886
26411
34557
21157
50415
38628
96277
26990
4376
60546
86344
44774
18103
67368
65392
3457
96690
1172
34489
88960
68590
57007
65337
6715
95587
45455
39367
38014
64240
18307
2617
38962
14972
85746
19710
17043
86783
20820
87728
37026
65745
27464
54674
20592
10917
41996
22054
799
70555
13278
48111
73369
17078
89111
99859
11344
97916
59142
50588
69574
95004
71433
5067
36509
31984
45414
50531
67689
69518
69648
50951
31910
77756
71633
86999
4626
40382
66931
34956
2663
16563
56944
63625
22524
76178
81903
12904
92849
75088
82000
88135
45773
81139
7503
60066
43104
22225
13324
27066
63051
60797
29355
24305
67465
7079
49759
4770
81747
67540
85486
22778
67477
77677
5730
68034
4365
15383
37680
92219
72629
92059
44795
34136
64692
49608
95085
39168
69047
30615
8712
30319
73650
5952
883
75641
1313
70966
88164
56669
30079
20006
85712
95669
82195
5713
90395
53400
69827
38613
84410
19776
77301
89912
11611
13996
8222
23727
75679
87045
64172
79254
60221
43169
43510
52274
96579
93272
30661
4360
68738
14173
42836
80780
35665
18747
98236
41414
78341
85846
11128
28310
37589
33049
75864
5719
19983
86586
78101
73791
85771
94488
75510
60807
52216
16432
32201
92007
8690
75922
77488
27688
26663
84558
97652
93728
90494
66172
4812
29591
61844
91401
38419
62732
73424
74610
41149
43805
41971
49398
93360
22062
26337
83347
18230
35155
268
87733
10376
28287
16629
65556
27677
48469
79544
43029
63576
68565
73746
43741
4319
71551
20608
55767
75940
32010
52129
37281
42994
71020
82685
32189
3663
7904
59101
88956
24530
35693
7986
40357
66916
37956
11969
55053
57960
67213
79967
33840
39639
56113
61119
15188
8866
82396
99570
3478
77761
7480
71034
7770
67613
63198
14084
50256
91873
66998
24041
5357
28584
600
88494
93202
93268
51911
16607
65984
86494
73667
47578
72991
46951
48380
66319
12525
45699
91807
12673
15996
42340
95556
37731
36306
96337
76679
20332
76516
49974
79970
80342
43290
29020
36686
65632
36130
88844
13387
97282
53764
35766
96812
61650
58753
67270
40698
99802
2672
2690
53778
72077
16351
34440
17246
96831
45437
50823
48052
33273
54731
94763
13159
51640
4853
54540
57796
77173
6678
49786
77275
64719
65485
48942
40793
72277
56513
27148
85581
32460
74776
41586
35447
72968
39245
60382
89818
52998
47023
43449
14694
16769
25297
17658
83074
33690
10592
31475
31919
78252
42783
5688
99354
86234
53468
86449
1635
12395
21521
81845
36846
78714
51740
72364
80906
36316
20335
84840
67275
38804
63848
60546
20455
35144
89606
55009
66691
24819
40782
9509
75156
1806
37662
52927
70419
55654
1790
89740
9569
33805
57006
10079
43830
80327
93060
34700
14231
563
20771
93448
92936
37711
18565
52167
31047
6607
6387
41040
96493
30317
13507
26494
87654
25776
29435
9664
26540
65774
33159
13771
75504
42252
69190
39777
8086
84935
1168
34273
91227
60503
58440
19543
39325
90021
88535
33233
84745
73713
73806
17226
53006
58587
98628
39821
45796
34056
93216
61263
62205
95172
16766
21833
96316
8102
12774
14694
18286
99427
66647
33556
40167
80907
84981
34186
26904
43621
11028
61475
87110
96435
45932
74194
27368
5949
21453
5891
82132
65298
96565
7873
76385
99045
21564
12877
49189
25995
6084
91593
12016
41826
1696
21138
9623
73648
28061
62859
57006
25505
52811
98226
71831
99311
49130
63376
95590
36470
89754
97405
28115
36070
76553
35105
274
6455
78322
5110
79413
9469
43162
89603
47264
65540
67974
20335
144
51251
40900
34745
28401
70110
94030
93449
48282
37002
70514
71933
82856
68470
5163
30058
18052
83908
75904
35247
21406
51450
88642
75844
3839
37348
52462
97994
43723
70318
45861
43986
30539
58609
98358
20720
16396
15325
10267
56046
21109
98103
77603
38238
83073
6041
8787
27004
35139
49947
50945
98553
54064
62526
31864
69771
52924
62746
25391
65830
9527
8062
12619
46787
75560
55975
38742
32412
90357
96239
33433
13312
30805
33823
81170
93356
25556
91626
32101
68881
97473
57946
81039
82523
96483
14593
6888
36264
16213
5490
79727
58378
63910
11030
85433
1823
53731
85591
96049
34041
63369
76589
14933
28400
62849
40581
29813
43690
49256
31732
89945
74355
46262
13409
76987
16244
43193
80573
98348
17462
57649
16652
103
49258
68160
39660
94580
14863
51146
66613
97660
46635
55746
83688
53256
72134
42040
1659
72283
9642
41291
30204
58904
29314
13762
56485
41432
52880
83411
89164
25659
62036
53004
7857
32746
13057
69296
98235
39830
33727
55350
90242
55561
95076
71188
5883
31051
88924
37925
56656
33165
25491
35938
12480
26915
81512
62906
53154
91548
89527
18731
899
85020
2679
10513
18140
97754
19681
63528
71652
7355
94359
4417
5435
89316
88751
38451
4441
58786
35029
9288
76578
72429
42700
77539
31478
37125
28786
85116
95060
33356
74955
90083
92034
4315
36003
82467
38415
53876
37737
96827
11498
56821
41896
60322
51137
38750
32137
8826
67124
36061
49156
18987
95358
31397
97976
11535
32212
86837
81748
50415
76280
55513
41376
68166
48910
46008
44248
26757
42502
11208
96378
78154
61781
35274
15913
47419
15096
75449
90530
25257
510
54339
48937
85519
42330
75894
39312
39372
78498
47601
33487
56301
96705
81245
69883
34525
54534
66656
23028
17583
43403
67507
91783
57659
10807
97632
85851
83107
40155
35050
80583
6288
8740
45775
34133
35519
80837
68368
26933
7547
90013
2284
90718
1857
7419
66499
59290
39775
54692
22821
27353
12557
20001
42502
58347
14141
50181
38132
51891
17848
45272
47885
80078
77112
16062
44891
32064
91490
31477
23099
19882
65752
61128
58343
1384
97760
928
34381
356
1353
12257
37020
70119
59947
49837
51883
79752
20545
41558
93302
23779
32502
9816
13249
2168
98280
32145
49516
4247
87645
1459
10059
48621
30246
84267
38100
76243
77030
60655
85305
61565
25341
91988
62228
15212
50814
71465
12794
32333
79196
83877
63800
84984
25178
90104
13093
19641
62084
69332
16484
68282
39533
65139
41820
20200
56784
84733
82212
94714
87865
7135
33938
66178
76329
67584
86154
26260
23242
66593
37176
80473
47892
55535
26305
2213
87869
20914
95268
93693
75850
12426
38619
44031
61501
69008
3848
25895
2563
58431
56492
29215
88666
82764
33938
25634
33620
15399
78402
13258
87401
82783
47439
14889
54187
79833
14469
71360
87236
9018
77839
63652
56766
7422
96533
70432
68563
60620
35790
88936
24752
9648
3541
85049
51105
65608
31827
88423
99671
28458
88648
43216
45795
80925
86924
66533
34548
77903
84028
36256
91029
40081
48340
16033
2031
9842
90208
86596
24666
88667
68468
6186
2975
16987
77499
81556
11161
75937
60350
3596
66057
23113
59248
52774
37245
85719
98243
30461
69739
15149
10481
70510
55324
13507
1713
26728
38397
14652
23035
69407
12974
25094
52060
14054
36121
37769
29529
13753
69092
68582
98810
89591
48198
28909
78189
59778
78131
45424
6703
94412
30263
91331
92153
35293
35236
31680
45125
2050
57903
63820
69144
47251
70542
47678
91044
49376
79536
1913
63482
24110
60466
57612
93859
91082
22688
68223
76648
71872
53929
37050
15137
56781
2056
35869
7141
30639
3428
76821
32888
27857
76925
59968
20507
26399
1502
73226
3988
56117
74854
38569
75153
27529
51175
87390
70477
74300
40103
65790
21478
51263
65133
26842
22639
18445
13673
35087
48134
67952
53527
24850
93289
91795
30130
17750
16742
1622
44871
49731
70789
69540
53665
10721
68251
31300
75203
54893
60824
9473
10763
77347
68792
95647
1194
46745
36412
93268
31789
39896
79402
42190
8150
23710
14621
50832
37888
69756
4092
72513
82139
9354
58193
55358
63775
4743
19648
95661
32916
75986
41819
87043
52641
70351
18007
14018
3814
17322
45004
9384
30697
17009
47562
386
63522
5764
57549
33654
47786
52047
27890
54371
6055
21710
59351
84635
15346
52823
22329
86005
46851
9643
48008
29261
23309
11674
56196
23920
31240
5970
21349
10339
44754
39085
94355
87408
56546
45013
5164
98254
85580
90457
65925
59593
22042
56466
38384
4517
27404
95440
92346
33372
94285
54827
86586
36294
28719
7792
28339
46484
84526
90810
58962
81138
47076
59042
39972
34413
10710
44375
15301
3219
56206
35614
26866
89784
89504
22321
25659
88167
2934
79611
68961
39032
29304
93546
17178
22449
90596
92803
75568
2513
35699
50697
6941
2799
76408
27430
58635
22042
79397
78857
47348
86550
27519
28944
93223
16641
52655
64162
67021
98023
32451
79903
9982
3727
82040
48944
55646
64234
99166
5513
53865
20147
93105
19172
92213
72730
1111
93763
29166
72288
65843
56452
51637
69922
39550
63572
6093
39627
17937
86854
63043
52235
50243
70941
81581
99410
28547
20687
50905
72687
88853
69091
82434
21008
9337
44802
12764
81918
70911
22202
41932
43536
40393
8144
82049
5113
78931
56756
51688
79121
69969
29053
82121
59933
13815
80274
92946
48564
29049
44706
82136
56612
98653
80835
57348
14898
51872
11707
18883
99189
26356
69594
16841
49803
35648
75800
9956
94949
97389
91672
8398
91016
72025
91631
61441
51079
48543
80146
65802
67565
31158
51556
2791
39326
99493
73301
40671
46549
90475
58613
71675
32948
56809
16186
56735
12704
13677
36785
41752
3236
72277
86977
95455
75819
64812
64476
86835
1829
89812
82649
34908
77894
17665
78007
8041
79501
79132
73409
7072
29159
31957
16703
43267
78812
27414
71916
54399
56780
61743
60228
87696
4531
53386
84014
81951
41886
20069
89021
8269
84289
97378
6118
13285
50383
27188
54251
2932
34881
34382
90809
70992
92661
40883
88245
91922
39355
43547
38303
36633
45960
32137
88906
60731
18832
35320
20810
95196
62779
51402
64478
17694
5965
40060
28090
97055
80047
9028
56430
68009
31611
86700
40776
64559
56500
82008
23592
92689
76960
56961
64032
93633
29685
40268
73507
82558
80680
3782
25509
63621
53971
45985
48688
84787
90870
65881
13720
81253
37950
39127
10757
38182
7509
31878
80687
88388
66962
40698
25001
4554
27134
77202
22992
10142
11443
31033
15251
48941
71421
91580
79572
43010
1642
28318
96921
61761
52881
55212
38768
79150
52599
11390
57966
33567
9065
74319
97089
87170
95908
31963
88160
17490
55734
95466
32675
98768
80341
77715
23007
90378
9334
58539
91196
13797
54108
60474
71779
85704
47656
59911
1300
70578
15091
27382
77798
96680
18055
19522
9723
65627
77588
27120
30177
89868
77084
89896
75886
95239
76775
66761
83409
16609
91567
36099
25542
16724
62923
67449
37438
69271
687
44312
81680
407
26203
36074
56660
25421
5626
77077
84889
61772
8813
1692
31427
3602
40930
24598
49416
1086
18564
25084
56705
71713
2915
25723
72371
82415
99033
21802
68610
38971
56175
18839
91879
9259
70458
44335
29054
50615
60877
67469
57801
17496
19499
30303
96034
35815
98334
58078
44209
22231
50318
66994
81290
18840
98412
25111
21561
4709
91789
73030
5574
86465
78792
97434
60487
33136
19930
39058
69869
80026
43114
34063
86372
4487
72668
88474
79954
79389
21971
18068
60616
993
68299
22700
2999
86125
19001
94979
21514
75139
35251
94774
79148
57675
78622
82811
54396
73059
44258
97350
89891
90245
46199
34405
41180
32368
46037
90128
66560
89270
40309
26001
88425
10473
65847
21712
23713
97088
94199
7178
91131
30731
86467
45497
72753
80963
61359
60718
37643
77318
14325
26684
23916
54599
45803
89621
56096
25829
72414
98607
34354
51161
94343
50819
71118
46973
21589
12948
97193
56503
64357
19146
38945
86102
58358
56430
4723
38250
93769
18713
37164
46531
57350
79985
38131
19887
77043
44941
74538
10930
12071
84194
18259
80551
82907
34903
49099
80101
41496
81582
61728
17932
55241
99904
25720
84018
20906
56700
1453
20024
40216
15044
80026
44085
89499
70330
43610
84796
16930
3967
20561
39813
85212
55225
95489
28636
24770
21061
51585
80360
61115
41563
13953
49752
47866
87698
19035
93041
56795
57290
51325
31459
42110
81970
26866
17577
12030
39821
53914
75157
79303
16097
73312
22107
56549
22983
84539
49711
82171
202
69988
39854
17168
59928
18867
7894
75658
79927
33681
38181
59546
50380
59385
32989
27260
78698
82843
81015
55395
16949
54716
89816
54549
47246
25126
21098
12515
43221
73132
95344
21977
78570
32534
13237
37761
42355
64460
5413
5189
41738
45840
37060
3156
68698
91311
39284
37457
21229
84389
82465
33087
59502
17052
59567
4157
6388
44558
39341
38503
90804
91459
21073
25437
61907
53356
30101
89159
90447
15554
78265
10868
83810
20073
99834
35035
48892
49816
35112
95388
82817
61179
77885
99010
14606
16510
73726
95644
76479
93711
47734
51849
85084
37945
76153
39044
7323
48831
9188
25195
38479
46563
32058
98070
33457
15355
52255
40806
37570
3798
85875
5940
42653
53638
35330
9010
74713
12011
71926
81706
96632
1270
31114
74462
7274
28522
56009
1951
19099
92909
73352
85133
46193
44260
61294
28992
47646
967
82065
81108
63941
8996
67123
89163
37299
22237
70666
5843
48804
54294
65182
87386
8421
34340
27505
6763
89529
44696
15047
25174
23290
11243
41382
4726
48865
62679
49425
12676
28749
17274
98064
19084
86443
326
59417
65055
25363
40335
51297
38580
93542
91667
49904
80484
28731
53352
95847
76292
17973
80387
94922
31738
16958
5284
11475
41957
56405
74028
15001
21713
2065
4005
26052
98198
1570
25602
83304
6462
58175
87106
52340
56313
619
99318
72629
59134
8324
7135
47949
16396
71145
16835
42640
47448
16142
15238
29818
27011
67242
59241
38758
37916
78037
12401
95749
47049
71085
37853
18810
35574
55172
12147
37273
38264
90910
15853
60787
80012
98613
91457
98186
80689
33324
21807
15477
29271
2691
56821
73716
35655
34532
19192
88679
91186
94487
19862
43897
64436
20176
74431
50224
65059
69101
75215
92893
53532
49378
43933
23291
11044
70080
90332
56101
25722
21805
87233
73573
9494
10735
14475
61552
14327
72920
10583
81497
26606
61805
49915
17161
18154
9979
59096
54117
13225
52222
95881
41732
75444
57866
95658
38472
23907
44079
28069
38859
15780
68550
38127
43653
17654
91714
89787
17394
66076
84969
3975
80523
76633
58091
98162
52927
81008
94284
55138
81962
50983
40851
49325
9733
81225
42463
33984
42842
44760
67052
26693
56978
81426
10108
63845
337
2993
55684
60065
54230
18007
24033
3246
83317
27521
60834
91085
88193
55
2382
41441
55002
48393
1404
9136
99624
77520
39901
98676
92789
20687
36538
74610
84986
54300
71383
25377
9066
35272
661
2830
55087
47697
25112
87760
24374
15552
922
15954
62519
49829
65420
9594
5551
75853
27897
86385
90000
66186
87652
37901
70026
58360
56780
62114
22519
11886
5174
6663
89173
56237
28725
52479
63
8334
53096
88570
52286
27185
62897
92540
27416
13372
95621
18195
17121
99384
72335
16534
92985
61194
80345
74131
25051
29286
72762
42724
36752
6863
69427
78957
7
83641
77636
87042
35487
89580
41687
76211
85555
82687
84745
29422
42685
33255
98851
38162
83704
18451
77752
62092
91618
57487
23752
77405
19371
66135
67193
35182
25236
31826
47336
47533
3612
83944
74350
91355
91615
43643
26954
1603
4177
12698
1480
39272
83989
98883
57975
32731
99917
3768
38769
65965
2723
68139
59567
24140
43932
40275
78733
9572
97140
83710
69783
28746
44896
4925
85796
7291
20109
71210
46300
64517
38045
89212
94773
74061
45648
86408
82550
36444
94116
61733
76693
77398
62532
1616
88385
37191
25373
50183
41081
98201
80038
11264
22274
22357
80617
95862
44769
91578
36624
62942
89411
47605
15364
41414
18447
44962
14014
90510
37798
38865
75127
55583
52882
8005
3457
8344
94573
14137
66831
43649
64990
67940
32042
89836
85053
55553
88269
37820
91431
89891
57682
56950
5011
42630
46447
61479
27665
41981
34774
16293
59141
68240
13889
2593
30991
37512
44662
16517
17997
56854
14080
338
56484
34359
22430
20292
19651
63562
14939
36454
66911
73337
18711
91829
28152
42757
84536
39638
49277
16104
565
73752
41926
97284
27164
25056
66251
45538
69897
77707
54943
44545
69601
28199
21128
83479
5577
56296
17123
27948
66491
11341
6702
59923
41949
93029
5678
36377
98439
68515
23410
39963
5126
648
34249
99746
69475
84504
65764
46813
38175
10925
68558
28310
86186
30976
82490
12870
44356
3112
72709
85990
42400
30429
53587
65563
74093
94515
10790
39659
36543
80909
92729
90236
535
66438
39211
61750
58199
34536
68490
67330
71228
79569
58292
3374
26651
92359
97255
45314
94695
64964
82427
80632
23558
29190
36187
65586
45168
30396
72881
12871
90848
89942
63315
41111
63356
49895
58428
16740
9719
28685
45696
62770
18634
17792
13979
22081
39132
25172
56815
33512
89548
23241
4324
79756
5013
11411
20498
21100
30598
96038
96789
68969
28196
37457
33776
11083
27806
31692
13806
21752
18204
53875
97593
24486
38950
78030
73408
33844
75533
48534
44084
54921
9121
77675
50556
58827
76509
8385
98799
52745
96091
39104
14332
73514
16782
1544
32236
94969
24370
4491
68336
29525
19982
70799
92420
40531
95630
95188
23861
83968
13325
15657
73795
40643
3560
59249
17581
71539
10506
42377
49851
63598
36878
19671
9191
63663
68338
40287
8128
87053
24853
93785
12184
90814
91385
55747
75273
55754
66054
67113
78690
19092
53057
77619
4761
45328
96669
44693
76733
22848
35870
45026
88998
32759
64525
99813
54580
55775
47696
17214
75858
25060
93135
78963
49926
78406
78254
85056
61699
49207
5453
38082
46663
64578
94283
81064
26213
94009
63602
30682
1241
1781
26904
80383
61660
84744
8673
51315
94219
89528
33428
32840
29215
44059
8187
98571
6848
34362
43489
60536
51105
87217
7073
65418
94664
52075
7895
3824
43945
31196
88014
80753
2618
4828
30469
85343
14640
29359
31879
39446
34355
40956
9851
41664
22678
40751
12413
91460
62888
17286
34354
59354
43346
40807
67407
54914
27474
61224
40236
39812
50776
34997
47073
5302
46195
1062
42243
35641
36651
41063
8983
87985
35657
92823
79600
14906
33092
63522
5910
1504
69401
40462
61380
66134
12065
14829
43973
79709
44403
59673
20325
7941
57025
83161
14350
6224
26062
89265
60190
45028
86389
52914
84502
68907
72334
4543
25745
97763
70271
21427
74152
9823
54904
9642
80844
91007
71660
27001
57781
55368
92032
49803
3353
12555
25450
76418
90495
76504
83412
41976
11559
68911
3221
99836
47987
35615
11720
11816
75343
62791
73434
83673
18800
2298
20288
712
89429
3274
17083
80265
87770
98315
70660
72501
50072
86364
29548
98453
61571
67119
13709
80942
4456
71819
86532
36546
23639
96511
55124
20820
16306
23674
14134
70420
24010
41033
63257
90807
72574
71190
91226
63114
17187
34442
18231
86802
23025
84010
12002
4788
73113
6766
48712
69547
58506
9317
29304
97033
4823
63182
48379
60086
79473
62022
85153
41876
88104
50144
81081
71178
29904
83426
53381
32938
74148
22012
51460
23229
25034
86482
93575
63809
71853
17637
74445
96829
61321
59083
14254
9235
31991
81814
91543
54037
47960
87937
86516
77291
79090
77226
92811
37095
50096
38399
74180
80328
83073
18485
95172
97104
45173
63767
23673
17619
54208
25260
96076
87201
28445
90499
57599
55967
68343
65577
44604
7228
62274
14246
15390
67247
72638
61741
68574
40312
72079
98001
83695
76988
86773
92570
88240
69784
25742
83645
13464
40200
3848
32061
12475
51838
91014
7640
82671
75228
15045
22327
88408
10626
79780
75877
53603
73214
22006
28562
69798
52263
49988
46286
80709
97983
65467
75558
68635
55022
61460
9427
61926
68632
83783
85533
46853
12788
86826
826
86507
51243
1544
13793
66236
48013
46374
34012
93177
77971
23235
71744
64530
73531
1920
86896
45915
87715
692
95427
38236
46713
36823
41631
46387
63371
10211
78867
22914
41257
4298
93610
12254
1041
41970
35071
88945
48304
32269
57154
96567
29591
96219
96606
69583
87333
43892
88959
8718
44812
60732
51276
46607
96023
26437
37690
12978
2495
37866
51367
11318
9682
41449
34398
51936
38647
86229
51021
44500
6495
74380
36074
37556
40602
34628
76465
93076
23710
45195
71037
20043
76098
9075
33053
84088
91182
66837
66838
59543
14948
62801
38541
35961
53093
26432
15723
67861
617
87102
47828
5291
29452
81375
25729
40201
57495
45686
33680
66143
76805
57937
37670
71948
73931
51692
16030
76664
43594
3949
46280
65945
55815
79263
2974
30067
74494
27539
25664
92511
33550
73373
26478
4898
76204
99538
61320
94095
58095
54748
76574
61635
49185
21566
95961
14973
78313
29029
98331
61184
22498
70715
10771
94311
78436
87529
71313
36023
4006
14195
51427
91688
92433
72283
61184
37957
75823
87004
42342
21873
25291
2698
91345
52935
51585
96804
28783
60602
91694
75228
73768
26996
76395
14487
4094
1861
13883
10012
27550
61628
50617
3134
71652
83428
32246
73582
98270
91188
3757
53473
98356
15062
42840
88078
22709
90989
94303
56233
90679
32763
82215
9993
56616
33465
7533
48858
89286
87629
51120
13550
93644
53362
85167
35668