8392
20831
73746
78672
96115
26221
89488
86610
7135
84129
15136
75846
78667
35666
54273
67897
77233
79465
12582
11064
77734
1479
53495
14401
75755
50027
67247
65694
44469
47277
60769
13950
90890
96287
25722
9516
26721
33371
4318
82774
322
60665
84614
13872
87289
6023
54700
10834
12458
75222
19563
98079
94104
9958
72948
75106
62955
63791
37044
32819
8920
14320
42801
65193
84637
36264
98219
29645
59182
24186
15236
59657
63840
1747
64543
49267
35534
82765
51696
25328
70241
71739
51527
55529
74091
95463
33113
95616
6344
3484
44122
56215
85181
42035
80445
11736
54568
46634
9727
55623
33846
31695
39916
30350
41804
84756
91312
32715
87042
91654
73917
97587
48191
57313
87559
45011
99398
902
29740
1958
78498
93554
94483
14615
81309
65695
7095
51915
52492
35475
1523
69218
98469
23944
74652
41059
84663
24844
69440
49458
13063
35578
23963
40566
77321
14338
14256
17449
48785
74432
78053
22513
383
35377
3139
66124
70421
68873
11031
83163
48753
54485
3473
58086
40371
69690
84873
72452
93244
92274
8733
54096
37485
63671
90234
54896
84730
92933
92797
24020
21918
15523
8815
60770
79288
45862
28297
56168
1863
78666
70548
94194
66431
2212
25166
14831
25455
31576
42933
73585
86421
56626
70338
20908
96159
76196
43093
399
12649
16982
68363
5061
93273
92707
58434
49931
9211
35343
4675
37875
3003
31649
11842
26241
38452
27000
65375
43980
92573
51733
556
34367
40243
35613
92781
672
81317
6409
16468
42344
13451
92482
30602
71836
82428
6631
17809
26374
53189
65046
46912
77742
23465
80069
93256
32073
79770
48982
60854
43571
34218
51869
54402
40703
65182
71040
5170
1422
44012
81434
49809
70362
49575
82287
78581
27885
31961
85974
26500
99077
39441
8607
24330
18965
75545
24909
50904
42828
8713
85932
48141
72425
33406
23976
25008
60076
46172
90288
10367
64689
24200
83544
31137
17308
95104
96819
74009
83198
23469
46625
48565
85765
56844
71854
26904
41278
17745
93315
41433
87689
78460
75029
50620
3527
8156
97342
1811
81842
58332
95065
6984
19555
44746
71393
55538
68895
65981
15841
55105
43486
83463
13685
10362
62603
59091
33030
21250
36413
50134
61186
63739
48380
52612
92858
3828
4523
27268
60156
30531
50481
85054
80748
20952
40964
84378
90281
7650
14841
25070
73764
41328
18900
53914
21941
86097
9692
53870
44448
15633
19861
94735
60285
63939
73651
16569
89492
5444
68606
97814
85373
72348
50154
25229
99852
71903
55263
23947
73500
61514
66003
26502
5231
49228
87901
4257
10634
40424
18760
97256
24676
46725
81725
21953
95362
3049
73424
54976
10507
80546
73195
99672
59720
90836
10266
84589
55393
90118
75310
38702
65982
22348
41563
1372
6189
3623
77107
5819
9991
98480
62983
73998
69169
33544
27198
54359
8190
627
62951
23091
49525
55280
53022
92615
49806
47662
10021
37949
92273
5518
69711
78695
66559
36576
54028
34192
773
93050
88521
8777
93965
44688
80735
98226
33214
14020
72872
44182
81931
81353
36826
88776
60542
65511
64631
62538
65065
62681
93964
78344
45924
63621
4046
3347
4494
7569
48245
65647
90145
74496
75142
5765
9219
20374
85264
12701
9168
41999
14703
43180
75023
35195
36828
5330
26844
45412
55021
7596
61173
90846
449
88579
85617
84763
63502
7274
87808
62509
87919
83540
18775
36571
32606
89899
16732
35507
64203
37147
33298
97357
19756
52168
89683
54154
79951
59717
52368
5985
71013
16392
15299
39140
38978
25100
19670
88055
644
2183
59334
33050
62908
97469
75968
1234
53851
57271
21779
36489
56608
52111
1491
52384
42332
18289
550
24457
66450
63237
36542
36299
71288
97291
64418
49632
53996
37036
28950
48513
32906
75578
42694
61243
67005
72987
10966
5892
10883
97280
32118
69533
71971
98142
60355
71432
44740
81930
58141
95045
79982
83617
94092
75757
41639
84982
60947
68537
22182
30168
52293
16277
29023
15599
70148
58387
56352
18003
91884
72366
25141
76677
38560
77730
24655
95403
76975
25702
75487
44471
24249
19824
72228
30117
1609
69240
51614
89214
46446
28415
15351
27879
95351
3291
72302
39115
32082
97277
61344
4798
79116
88795
9637
22006
84092
75541
14005
3847
11359
71880
76116
21008
79143
75512
28525
10690
68804
82212
85757
87543
39377
33487
59200
91762
41259
88385
32496
26961
67557
67153
18927
79748
89015
2169
40985
222
40803
5322
94469
90350
91028
45183
38186
92486
76317
61546
55379
80006
14432
37226
75516
87832
40488
73011
33589
12401
95109
98966
24928
40031
94881
90880
44976
61223
27792
57960
80536
12777
70183
12622
71981
86577
61599
75302
14985
67715
54627
68226
85363
9864
82858
92286
20481
91290
18479
84360
5985
13856
21855
98380
36204
98249
57635
80169
8112
40177
44262
85952
79353
40883
90732
21609
76995
3328
97808
18306
81292
13907
4197
71749
41641
33709
60332
62353
13951
14337
34409
96259
81423
10520
86509
95398
35715
58044
30986
11722
33701
15160
65545
3186
96171
73734
13908
28612
88262
27449
78208
9673
8816
56933
41203
30051
33534
82144
30784
74036
84728
47069
360
86496
23835
1724
4762
24967
21361
36791
6781
82926
5286
39501
3246
47499
14175
846
22359
93409
26443
66873
61263
67286
15114
33008
7620
9230
62959
82175
35345
67661
27227
18665
99572
56500
54247
72822
30322
83032
65063
99261
61234
42218
4265
16724
18579
69690
27358
53529
19167
77818
19341
28442
70669
30929
44952
64611
84233
30669
16485
30653
7072
68478
13954
24424
15267
58169
50829
41180
98037
34595
99263
56525
83181
46358
90918
72372
222
67838
21968
86293
89470
92813
48675
99628
50398
99097
51504
63724
25471
28568
39821
53789
3057
14752
6820
23018
39651
5509
34210
45065
1227
94771
45474
20892
80163
56822
79141
70860
18261
70238
43666
1823
16209
1393
33362
89918
46166
95834
58607
20424
3932
6877
74149
79842
13512
67995
61158
93839
34315
47865
45507
69343
56776
8269
13381
93329
75893
28577
14122
75763
34292
62321
18749
52478
8588
64035
27053
73332
81214
96004
48276
59797
92471
59398
11219
20639
69387
53796
32317
63647
84998
9376
45058
10244
19032
11519
20273
97641
28701
35469
3826
34231
58358
71712
11277
23294
99367
52005
77325
43432
73816
75973
50216
61346
28827
63573
71987
98440
39202
42193
9283
30120
69253
52163
32787
42792
16204
39090
12973
83980
73932
3104
32866
13199
87865
25821
98217
4921
50850
7803
68726
91118
8079
44555
98378
82661
24230
28585
88462
47519
44114
87220
66501
30817
57579
22840
15534
5211
1248
97541
43206
61507
71036
82237
67614
93518
33133
4616
89519
4569
49135
56712
62905
95998
18807
89355
76796
53401
46397
59153
40676
85107
37820
82189
16750
19818
87711
9903
94377
71459
76442
45694
15839
82723
23013
35658
94483
20713
76077
96313
3452
38152
70255
76787
72180
76084
35704
68112
28212
40905
44037
94759
55327
34211
82747
18006
25778
96572
16451
78025
38059
5792
19679
13276
34391
91692
24108
130
51451
18190
27083
29698
25714
82205
48414
68560
2403
95395
29189
79077
82620
16097
22866
230
71591
48453
8188
34862
46823
86224
76680
38542
47377
9540
73617
99375
632
94435
79424
96152
80165
31494
46345
11842
75707
51339
58965
95799
58599
30540
61823
69039
91496
52445
8376
84006
15224
75848
76521
96549
31797
56969
49845
83500
55332
65781
78447
69950
78195
20995
18168
81852
77178
51911
37724
17734
18379
56913
14132
44365
27702
42848
90443
25976
8487
13823
17674
11840
53067
39938
77897
55743
64056
93791
14396
27621
66102
6159
1975
56361
97034
53173
87277
24106
48515
99934
35742
26143
73726
17393
55229
1468
73501
48992
61955
92325
75169
11365
38406
86596
62727
42339
94983
77180
54706
66324
37337
15812
46040
46357
49889
67280
41307
13637
15299
24352
67258
84268
82131
16041
51169
29257
900
24583
52079
97731
26486
80604
87183
4393
25102
13675
32880
3764
11837
63747
67262
7066
68034
22812
38278
16120
49252
47333
56027
40819
68898
14739
58809
30414
56993
84626
80209
64180
78239
62228
32781
71191
52632
90767
88195
98880
11473
44756
37890
79855
35895
38942
99299
52954
67368
63357
48195
61176
69347
9823
84697
73646
48271
26881
70293
28409
75202
26323
76648
54442
24538
2466
36799
78851
82082
87428
66861
13028
69169
10283
82561
69684
92853
61682
86370
87284
48808
53135
11811
82836
50459
40590
63136
3832
22699
75593
90279
7501
86481
76102
98942
37086
33654
77245
53959
33395
50745
33324
63689
56548
13142
24033
52862
60394
26613
57879
35326
94631
93418
45359
82640
25272
57529
72779
94972
74671
63172
3637
5809
37574
12580
2376
75476
35940
93283
73403
96968
49576
75285
88338
70890
68357
66730
61570
39987
10510
66925
7350
35137
41185
38201
36736
40753
96528
65589
32162
89
77926
42740
80631
43386
4608
84302
23573
20936
41235
73873
54558
79312
6241
99540
18121
23337
60819
67993
46075
63733
48667
57342
16799
8883
6204
90111
41512
8315
44114
38850
54786
5563
72215
12424
43011
65484
89937
9211
76535
42250
10297
47296
85257
54368
23788
48134
43136
92725
13389
52506
50591
1707
25750
28849
65028
35234
13707
20659
88379
71302
36720
44580
76990
66904
25307
98730
26262
10792
10923
15241
80072
69982
99958
231
2043
1445
82833
29118
67028
97338
46739
87500
1481
62221
4942
6595
71713
40685
79675
73890
80937
62387
5806
89947
48913
35349
59567
55263
59978
54361
75605
27786
82596
15890
19233
44878
76036
83532
20005
88298
91831
18174
27148
42024
44241
88099
99894
99131
32083
14487
45783
29707
20925
25798
90565
62006
87355
33884
3197
30638
78650
44850
82382
26092
85560
35622
81058
94368
85807
35527
90510
54820
62691
64037
70677
62688
75746
18381
2775
19471
42968
92673
73730
99413
46513
43795
60124
42875
50789
65547
25194
64579
44954
45646
84707
18431
48290
57336
79259
52327
52302
39699
10070
11711
294
24695
67860
47
94950
18859
91141
36950
68685
32545
1494
82097
19326
79805
40464
57865
90762
56019
92298
62226
67698
88372
21586
13632
29502
93965
67180
280
25837
34475
64298
60433
37954
14081
84848
79770
28972
85733
80934
59378
13405
13422
98969
15312
98947
48593
39431
62347
44701
86974
49212
54076
68418
66602
58672
1543
29111
33659
70417
25568
26471
31986
41318
49056
41044
89440
44684
30726
79093
55172
28674
15246
26488
32551
79813
49622
81871
33380
58206
5352
5806
14928
66930
60010
31093
70001
8665
57201
60500
82822
21776
20410
31752
39593
38274
97053
94617
89851
75552
6339
24590
61446
70423
10521
2074
42785
44183
32339
1159
38854
38872
56885
66398
42562
25573
48789
82395
25749
88508
24865
44458
41904
55458
76521
98866
41015
60266
20656
19634
42687
8359
70950
68053
70160
30749
78277
55031
64487
48246
52068
26553
97422
446
51541
16119
9753
71247
76376
79226
67848
46761
14856
49533
45771
97351
40974
36685
33179
12074
35140
56236
16186
84612
41020
67069
43500
6557
55553
25601
88902
47531
68245
5931
46673
862
97922
82943
59092
59502
47341
21814
34026
15377
99651
75128
441
62645
36896
5469
61271
82325
65990
74970
28536
83583
15207
96752
56227
49504
3138
14914
60750
66853
47023
64739
57843
83400
34899
17896
89378
4655
29102
20138
67618
89186
27915
95843
15913
88832
99359
96247
7108
30249
70538
95474
74147
50728
92423
43686
68256
49538
86833
26299
57628
35158
90207
12542
8449
56012
50038
25614
96987
89154
25455
54448
43461
59648
53821
96068
11923
85184
41289
80696
49596
76003
9116
4661
42282
3646
16751
77407
88286
78391
24166
56405
38486
19692
52520
82179
29763
88730
92808
35640
16059
5956
43271
92869
17419
86140
88162
1120
53657
61012
8318
85895
20508
24340
65892
44652
45477
53302
83206
13755
91023
69236
7920
39295
50365
19570
89640
62410
99756
27536
83705
58842
58612
11292
98386
23942
95088
22282
53986
24740
94536
90107
95134
78298
1677
57208
67771
46675
2240
41897
94574
92469
35604
89002
89883
1218
91585
66107
84410
52356
88244
56131
31092
12226
72075
1726
74740
80076
60915
92042
65605
5767
41635
44494
46284
27528
37550
49978
73865
79635
89788
13178
64494
50329
20991
85239
84961
5351
88766
30235
43862
15221
45338
65408
59799
55715
57054
68939
80919
77832
34706
98710
48498
87646
63939
83990
43693
32493
80709
5867
22486
99520
54622
88255
14739
96944
36055
37810
742
3905
1629
30965
64906
71385
63964
6909
22053
46774
44618
50518
82179
81014
65784
84330
57482
34643
78061
4235
79387
97127
48307
17695
69784
72340
18791
77566
16130
39942
97694
77223
87892
74689
94470
41795
80671
5992
97470
26010
23486
85129
35473
63092
26228
85248
31831
18881
25777
40068
13861
77924
71862
34896
50821
38273
59878
92417
43660
8722
39199
15336
28135
56656
28671
16202
61426
44423
17412
55901
40979
98524
17319
4190
60504
42769
51084
51230
1582
54802
45458
67558
4350
98305
69829
72731
46107
25771
60922
69776
46298
99871
72609
87322
11992
40989
55080
55114
67850
86544
62275
10026
59461
74699
46438
48761
54890
92661
31619
14439
54361
33579
47826
2745
11652
41185
1818
37873
88785
68919
7261
80329
4878
49791
73595
83370
303
99831
21152
74558
76447
66748
25112
21572
61930
9836
47138
58197
50658
75836
8801
82233
31006
10343
2434
21775
32776
99476
87122
21481
59400
50655
32616
92919
49460
17378
8280
90267
21411
310
5707
76566
84770
35656
47338
87166
61705
47279
23173
78553
35588
54670
94032
45897
16615
83776
1526
83664
44204
64809
60222
72315
66992
62244
82117
47911
96153
28321
27501
6083
78813
43044
52758
90397
76681
10564
78131
41947
1931
84587
99389
39206
62560
78325
39364
65464
32928
19473
4589
4595
88354
29894
71899
90271
92922
20260
20876
81731
36573
27593
54644
29596
72304
79290
44884
36711
77029
53018
66173
88262
5550
93140
98802
48630
55515
81687
66433
67855
35251
76559
43308
69519
17315
453
63688
83834
30582
83275
36333
7344
25400
75884
79672
26073
83397
84375
59433
80216
51767
40564
12384
20849
55703
28744
73777
17308
17663
20740
14559
10544
16453
11882
70820
28098
18117
18095
71830
74244
83553
13194
40330
93439
433
49726
43309
29040
28093
20628
30978
71980
45345
95882
8010
28594
3103
5766
93867
84829
59410
55286
3147
76478
83606
44966
21951
28841
42087
3866
29436
85380
3751
88460
84267
29522
25807
42058
78588
93313
75142
3732
66376
87399
82032
33390
68253
68659
73771
52676
2436
71742
10606
90303
80362
28784
53667
14194
81368
83725
58943
38911
72720
84396
81584
28876
30673
17684
98618
88546
60831
94181
44535
48171
41401
52752
3188
98218
49667
17697
48801
39806
58567
49362
87512
6817
44404
6541
55670
6831
76557
36323
33197
58158
29005
11880
94766
55089
78295
36421
42708
61880
62459
26178
73246
89950
9752
67117
25918
88074
15826
90084
97844
15198
64965
55004
227
39519
23095
89149
76623
12049
89731
30228
20521
33932
97610
27333
3823
90881
587
48603
30388
47155
89512
47752
95804
46004
35303
8764
70072
24700
18921
36706
86182
36638
35808
92752
64337
73449
14357
73495
49898
21933
69151
62324
67352
1457
55611
7362
42221
3751
72626
29493
21067
94657
45623
50007
15623
17637
38086
69929
65688
8481
60360
68869
15694
6302
9925
55896
82107
88461
65543
15075
4270
80273
61115
68181
60164
24921
61292
70825
10191
75581
4333
25802
87594
51173
69125
41982
2892
9901
16185
65343
40813
56904
5089
30870
92898
14176
6697
16340
3053
20351
10082
86552
29059
4681
24391
169
39079
71798
86693
67155
23170
99782
82665
93448
27641
45740
59024
26383
40072
52043
70908
21025
66481
792
96505
38275
46621
67926
40390
56896
22123
97617
71876
67589
34728
84462
32688
87442
57643
4767
9383
46629
22389
50362
23963
57598
35365
13774
13563
30126
85546
50273
77959
38279
11557
32399
56298
48487
31216
80535
55619
2241
50744
70053
41044
51104
85209
16597
49129
38322
44557
66479
37866
49566
74526
24710
88706
1164
23760
3970
55508
85942
49254
37716
30257
12833
70635
87716
74807
87769
67208
26769
13483
34101
20108
40489
31030
82230
22099
60606
88149
85876
67334
19191
11799
12472
52538
96369
16095
3160
35031
20801
96962
84028
78872
81629
33344
12320
6375
82309
71835
30358
63927
58440
8569
60302
78740
96617
88535
31169
21273
27196
31721
730
31268
85082
4255
2577
52409
29389
85924
41257
24616
97966
24911
32056
28441
32513
38316
18954
20026
6411
11174
10074
3655
65347
66030
44124
92285
23164
82679
43288
70359
1315
2224
53479
36148
38128
78297
10303
31582
19272
13999
91
10092
29200
873
42684
83367
60148
2230
95238
13697
14743
29286
17987
82081
98838
17799
4394
30
34459
13323
45065
56812
65165
72273
39065
31918
83520
99453
22577
18824
54159
83122
75464
96196
81493
18262
87071
23087
33222
14972
12332
60388
22445
584
86793
78191
66086
36456
77748
51876
4899
84393
26791
54774
74955
84906
67848
5933
50450
43029
27086
94927
80587
44605
7875
42239
65089
57505
19008
88128
88205
37816
70706
18306
446
6099
91193
46216
4157
8250
72011
64063
31257
98454
62194
76102
48837
65486
88017
19529
65707
8549
5784
48377
17298
74082
93962
23929
71901
97073
37083
81276
82952
11066
21062
55594
49010
13046
19870
8482
64637
40639
3093
37414
18588
24562
31180
95981
82049
39968
51775
21424
80645
61059
87789
22180
88057
52150
69006
87517
54375
44857
39559
7124
50551
15100
63019
10018
2224
21012
37466
41115
6334
57256
22545
40738
31787
40737
32827
23860
83037
75658
87216
93645
10348
41579
29838
99129
31405
76528
69588
40863
6611
45466
7
62313
31294
93904
21824
83238
3183
19102
86227
78512
36379
91579
23128
60914
67474
74947
49847
68686
60626
72120
40288
7445
27052
42794
22123
53449
45830
89955
17965
87925
80638
87873
45183
10864
32610
82406
11723
52838
24429
85164
8426
99468
97900
78587
51470
30276
55526
39363
61336
55456
47510
21490
66670
92520
73689
73808
56093
72012
89933
97329
87290
57451
65673
11311
65066
88810
68690
1260
11270
76605
70431
5786
56434
46920
97050
4175
49226
84526
30258
61875
45861
86998
97705
70126
13822
18359
78546
98593
66843
67541
23956
9667
77118
55296
60759
86547
82956
59977
72902
34247
18736
46979
86396
6672
14976
74887
99050
80159
44099
56500
49613
83367
96051
957
97696
39589
74995
75952
43917
99918
73686
13038
10575
63231
87379
67850
66044
59721
26632
88236
88382
9221
91321
80857
81182
80088
34099
70042
74216
26331
58840
1415
49307
42627
24176
57
48709
29191
25786
68529
17925
70079
44648
35512
20682
475
37153
87399
30352
27238
75936
3428
69347
70570
53898
17897
47381
65466
10389
32341
38482
69539
34732
77897
28126
46236
55408
7121
85967
90990
61417
87662
7093
40911
91361
60237
20027
47605
2345
63140
32963
6211
90299
6561
72878
73182
54260
87952
6756
98715
64035
79168
69338
45981
72863
70680
53152
73749
75179
11471
14355
67306
51292
33908
23381
82890
40904
86198
57872
76990
36080
83053
44579
69492
40464
61221
45890
23778
73811
76516
8277
3927
8993
36335
99942
69248
88155
20547
78468
68256
63015
90620
68510
56073
33115
10947
52816
98898
11397
45669
1205
48206
54564
53175
72853
96437
40105
54789
3148
636
67982
64475
90254
34954
89482
40337
65539
83385
43388
63088
30249
33284
48967
69954
53217
77480
34228
47477
68354
16387
81992
13781
8654
38727
61790
13150
12562
25104
1395
63845
95976
33392
80206
44858
16737
2625
21466
56013
2146
43297
72881
30257
18503
90456
80344
81928
25011
23730
77575
38651
36963
97034
20303
20444
28729
60900
82822
5583
20303
93624
8688
69044
26027
47957
68329
46640
91714
14655
47804
35346
75007
75661
37290
72570
49290
48587
68746
45509
60905
94379
54213
86532
77323
77853
29704
71843
59658
1983
37581
68254
7678
3532
78595
39239
10627
66382
66696
71414
91669
59523
4902
57442
72338
44019
75401
96078
86634
64387
2786
97923
9457
3268
39615
99474
25905
96696
41763
49570
30216
28094
53536
50611
59514
53647
69113
15475
31271
85674
77349
236
87283
63206
95029
71705
22360
71008
49191
72595
3282
72597
39857
37730
54583
99712
80654
34697
41060
85202
11167
53576
47035
2277
42169
3128
19891
23520
332
92662
17964
32732
63776
20346
31011
90290
39444
43510
47978
36456
53196
12307
37712
47608
48898
15809
64461
58130
52400
18564
59703
64651
81573
73652
47664
74344
20414
4378
33776
67288
10164
32394
79176
52704
79033
76701
5817
44437
80977
67089
81818
51934
65790
94023
11245
88615
34052
73169
23103
89008
24796
88489
87545
66230
1266
3779
81349
7115
89008
2558
7704
72151
83003
46825
24852
32556
82054
52438
28909
12108
49183
89559
62485
73079
72196
90175
20927
24299
59151
66590
10667
61925
94441
59214
44283
76164
14343
7890
47239
96374
38739
43902
33285
33182
93702
15252
90387
51229
53757
36927
92956
99272
82120
83189
64281
41042
84341
6675
68392
55577
55742
1121
2799
24334
80075
35819
70892
84266
60297
15282
89607
3340
88558
24298
74099
48448
6150
69842
89305
75782
65184
69290
70474
24109
19414
22097
42035
54201
79607
46429
64787
78453
68451
64443
70878
36392
33082
94368
38185
31313
88085
68981
57732
57595
36813
42664
55502
16913
48866
87379
91575
9136
58654
37581
27317
21556
60722
9773
89563
64810
81732
15122
12706
21461
52494
65275
54531
34609
63424
80158
36575
82988
60139
88542
33013
45812
21274
822
86254
53832
76842
97975
79902
3942
45718
98063
56915
80584
16797
12928
63018
62584
12214
23975
32340
51261
87232
99523
11355
6055
53694
51
38331
44879
53970
4565
79716
72414
38052
96736
5912
22645
71972
48526
80904
27280
24906
67300
61907
50167
88693
17498
33245
21866
84791
78780
61299
45540
11354
32115
5264
86219
19894
43541
40306
99456
7735
23997
52661
996
30678
6028
73948
19795
4063
23845
35594
1622
81772
2305
49295
48748
73210
85744
95615
64322
10489
47411
43080
8654
54298
27068
80260
16401
18214
82210
87560
92230
67398
701
13700
56238
16311
30364
83231
54664
64409
35944
9123
31394
93857
39053
98408
15113
88260
38533
27352
11202
65998
56705
14302
22204
98804
81193
45849
5512
98665
31723
15084
8224
66552
5230
56544
30583
52751
34357
53773
70350
1316
58759
18213
94198
27470
11275
36401
64604
93902
12865
68861
79041
6448
32504
720
68565
20972
27963
24094
18802
95202
28142
19018
40730
99463
39365
68808
71008
72279
22971
17927
32212
94515
52641
70280
19244
17006
61645
36341
74914
48274
2174
48859
45189
87446
79458
25029
78844
89940
42428
68203
1829
4385
2671
84869
20235
62732
45071
46035
22497
44750
26976
61429
7558
17558
83334
75555
62751
37766
44112
29982
44803
425
71151
85507
93678
78839
51166
56293
22527
76464
87583
3123
9510
63268
50487
8871
58147
52465
41783
58811
92895
96569
78810
24702
79213
3912
43637
13706
32477
40830
51532
14530
10551
93531
92747
68841
94567
74086
14683
26375
871
75879
37974
84841
47819
54117
25763
82927
31498
96033
65408
27609
96302
92621
83081
90712
72570
16097
59475
18348
4335
73384
47865
999
491
45867
2178
72866
13330
81638
79787
3588
22440
56097
68009
6585
24711
82549
73546
3287
98730
73650
9331
98748
82504
35801
7615
51454
73846
73297
2579
40117
99687
49014
72738
64736
92761
50029
19900
14051
55338
73961
43663
13809
99320
23595
79670
88440
45518
99339
73680
86647
24527
9149
94819
78383
66094
12066
4805
16281
28570
40110
20610
18689
63977
95349
74708
32961
59337
99585
26519
80625
20082
43879
279
17827
79201
51214
76442
30821
54073
16073
53764
5495
68211
74834
82701
96351
51659
17807
30259
41529
19433
61525
51173
33831
22573
81171
15303
88056
25413
76461
83091
82423
63424
23392
96282
49174
73982
34633
62925
35279
72444
6653
14774
13894
52381
357
14923
34812
96854
59278
99326
42861
3608
98311
62867
89159
98675
17413
25862
85722
23149
90256
27961
13985
61504
87211
41385
63440
39216
30744
97739
81099
90134
30803
7390
7907
25200
98580
95282
21225
33348
30504
40429
78139
2808
50984
17209
8372
2030
31012
60721
67636
49499
66509
25805
84032
72196
60670
48869
83091
37012
26044
25704
41687
55939
74867
22619
47958
36728
50815
78852
42828
45791
26924
4215
72116
51458
18718
62239
87103
88894
9751
96923
34879
94261
57642
96154
97838
19880
91299
24251
20037
33476
98978
49623
35339
8477
44049
43044
7486
76843
38454
53789
35586
28254
49554
15018
45178
61222
27495
2246
59972
22000
89606
8059
16475
9
50988
62142
65089
71306
65900
94091
25762
47974
7230
18693
91535
30914
15207
92878
52817
56919
63916
90811
49763
84709
64480
76231
65476
91977
63626
85646
16700
6765
78468
17941
87958
21753
28040
34605
48631
3698
1330
40880
71627
19176
88230
25498
22924
40166
93757
35192
85848
22223
30136
79192
78607
15457
49442
25283
7687
44587
88439
67050
58838
36525
26797
61164
3575
98919
37461
14369
28228
79016
9933
27168
55953
3587
69331
72230
92734
61747
51476
8775
84236
45715
14352
3808
89875
43756
11105
64432
5596
34846
86624
81435
79057
39787
23562
91365
62533
22266
83228
89347
85723
60222
32343
5699
12561
19839
6477
64134
47404
55247
25305
67297
78386
77982
33215
27517
70122
70474
47222
71032
58723
47704
97304
6495
17373
4676
73882
65876
28719
71905
38645
75975
10670
10707
39801
4567
19979
29034
36418
28111
93607
48181
27177
89539
12540
25400
81471
44197
88751
10811
48816
43495
19371
56854
66056
5177
59159
31808
3906
8447
11232
28388
84057
41
96772
97439
87550
74589
261
5024
34351
52483
18212
74097
63034
82843
26994
88729
38803
27133
80484
12952
95648
9411
92488
69670
50749
2067
1585
67454
4904
52122
80035
14901
80984
72535
96768
52109
61849
51170
62002
72856
47477
70352
90707
99998
55447
4999
65777
42775
69374
45742
92444
11344
33256
38422
4311
48606
69573
39009
68398
22863
63246
91741
24189
10958
17575
58414
58044
19598
36271
14402
22061
23658
98221
32145
41127
25311
76626
86961
63977
11900
90429
63471
70291
75564
18789
65281
59053
89756
26144
88385
36620
56549
91012
53198
23509
28179
26743
46205
53890
58117
69878
50678
73525
9649
7426
31039
26537
36421
14652
48694
32675
76130
71725
881
81260
180
89418
52999
62030
20835
96761
92686
56625
3439
86444
6737
79503
7226
27131
30772
35214
36386
7467
29664
9334
67022
68913
10333
29022
3843
82218
28726
32625
93565
25569
85937
45622
57809
87277
85122
92521
14776
97762
75543
35720
84498
90839
23134
33114
6997
14552
41434
80753
88120
59377
39778
76203
24658
25605
48982
5820
60924
43554
24349
77670
59435
28772
98125
84986
31779
5571
81642
79145
68
74195
56860
92389
56431
34499
31881
59412
61866
80021
42821
57840
67081
80298
51612
61713
59137
44708
65998
5345
3433
53762
74146
31747
88791
99753
44992
31442
43270
89775
27600
61309
76909
52729
86729
6894
67401
65029
67701
43327
93307
60939
26791
83480
50965
27846
844
70779
78140
26175
78157
77363
22814
34987
10446
70951
89682
24033
32512
96073
39640
13249
98128
50987
10257
74801
77841
85730
67815
29698
72136
89142
98130
53866
9258
3742
27818
39812
83198
33760
10360
57426
4709
48989
82321
7548
89397
91298
97478
86152
91608
23026
44042
97956
58314
53986
9753
70305
11207
17771
5659
69419
92703
46392
38238
50123
72592
11854
66788
68650
63380
66890
1739
96678
50713
3446
6814
17888
13008
43311
78906
72734
39416
65751
19364
93569
25329
52908
65754
89532
20457
87650
46200
9451
17327
88825
53931
17397
19901
47272
10801
1929
86532
84198
15012
19299
33270
48428
65882
84604
10249
23807
8054
51943
41043
10841
6795
3075
15413
17182
87393
81301
21931
17460
7532
21271
21796
74271
2494
72997
95619
40788
93519
19736
49970
2670
23977
14885
24026
14305
21219
11131
30801
45812
88099
7373
40292
45111
70455
17964
13234
7560
50303
32237
12882
85897
69319
71661
48032
87227
8228
58708
54862
68182
65647
30655
40142
86710
29494
46409
55347
24808
43827
59653
30318
67548
20076
22422
46246
9581
43148
82415
40800
67228
73903
19180
35500
67743
41966
41593
85702
85689
86277
55483
92523
88379
71987
68187
37625
84539
54853
67645
24645
68645
41135
86363
34990
23105
9178
55248
24772
79980
87299
39886
19550
54990
39744
73031
33800
41107
83796
75288
94012
32434
22467
76300
8485
72393
438
30943
60217
46792
29480
45110
99074
3235
75215
42326
44878
89650
95012
83037
158
75739
6522
39751
246
97699
10522
86936
67690
76386
30079
85520
27746
46962
46529
63255
48145
92884
14788
68723
88020
29626
81494
21246
20473
20006
20675
39819
79802
1799
10671
82054
81037
46546
74388
29935
94560
52525
20584
68151
69171
8549
57069
16090
96244
49350
79954
16130
85153
91402
28639
1458
35965
93514
37068
89318
12492
3499
18960
57451
82110
12185
38007
62565
14660
36815
44095
39526
88112
69463
892
56549
60895
15469
71465
37349
13967
88485
88350
76366
92594
547
50429
29804
9698
3943
65982
47539
94776
18628
16226
68523
55473
60438
39552
30233
59590
22026
8688
87456
16000
27944
75616
98077
90620
35314
77962
58640
87816
69918
17225
8289
4889
20828
20132
39307
25476
27784
2979
7252
88710
14730
88055
49183
84994
19711
23426
44157
68541
12367
73381
8664
6394
98085
32998
27287
65647
3732
87540
65961
88620
91277
12432
72099
23541
1375
59701
47989
62732
3490
59209
71660
99189
71527
90469
45016
13031
66521
42839
14413
76685
76643
62944
23846
52594
84632
8472
11875
25632
74410
93665
68695
96409
20241
76803
5904
38089
49773
42153
37711
65351
82083
1091
83972
68441
64062
56739
93544
61492
80087
6487
86153
44976
99445
71600
58972
87580
8153
59654
50895
24479
40242
81314
43860
87562
55646
79242
31472
8439
22658
59271
79939
18941
39759
12844
7497
64617
19975
79465
37247
63982
15595
71448
62219
85259
91851
22096
24499
93545
78392
42557
60138
33466
59765
98615
91667
7704
36246
92720
26927
23631
21704
31226
3835
31358
74916
14299
75186
95013
61779
46612
56025
41340
77982
78495
39328
18725
48625
23539
60690
20341
94601
31864
68417
91260
52370
55783
9699
77006
6837
32186
96467
97909
62305
27516
46680
91635
2847
28666
92351
83996
74383
59947
45173
66991
22220
10264
89475
74766
8208
8164
98668
54564
43491
58603
891
46153
19390
23115
24045
28630
16637
55857
38924
84866
34553
37175
22359
49996
43222
85452
58497
75877
23028
43028
28967
65920
76553
20904
50094
91706
7284
98503
2147
42279
99970
32441
39811
29162
29490
48888
55186
82403
43114
37595
90676
31734
84577
32193
57957
6812
50919
94967
69130
61232
95405
50316
55328
29385
89117
53782
89708
97836
35754
14008
75673
55502
90514
9045
39137
32777
6986
46503
37988
19455
90053
75004
90198
44931
36642
68172
54174
74061
25249
76026
78726
65017
25104
29417
24059
57406
48465
11824
26357
98206
163
7602
61367
54027
29695
66468
28826
55274
13532
61324
68698
2593
53920
36759
89067
26024
72221
66215
39445
26191
64484
79552
38424
56319
53530
97830
1254
35223
73995
5873
32888
11698
50533
71950
42348
12831
14483
53869
19586
47994
23577
76594
84234
1508
24633
92742
93299
40926
68826
28609
60660
80165
9037
26672
39200
11517
11983
97886
3554
49381
34371
15501
85564
87825
39422
47121
9194
41080
14434
78664
49750
13431
95865
24680
72048
61841
93241
50640
43024
400
5211
19459
1815
52943
71738
94020
69042
93848
2036
77769
85923
28641
67204
94610
49625
38067
50469
62708
20426
3094
5162
44480
65305
90131
47372
4341
41016
76182
20572
18761
84388
47950
14163
55352
42593
34574
39113
9379
42395
12848
65927
89625
55158
55749
83402
74501
13850
99545
18209
90661
69779
80146
10188
77797
70868
12534
74883
65769
2730
80815
90407
21436
50306
11935
61542
60630
10418
59678
10734
2087
66788
18350
96504
70258
97678
54638
23368
81886
892
85475
63618
9656
62359
6017
54091
64294
68037
20051
16758
46735
91726
81378
12903
86299
47982
64060
29542
78701
92418
11891
84000
97421
52749
44198
39241
21061
5273
66613
33600
2702
37363
86557
15207
52903
31072
19686
67579
76956
66056
53380
29992
68271
51488
94936
7226
11026
51378
13708
29010
25520
78105
56257
71221
9304
31773
9324
87696
40528
70796
15802
74042
46516
46591
41008
25414
68408
77749
4765
15958
8839
82700
53458
13116
65259
99009
81707
90472
52689
57067
20905
11823
88503
32134
42679
52644
48851
85551
34368
92090
52251
22947
4744
31170
94765
43463
62538
72740
12219
3315
73015
18618
21639
51983
75662
16169
89012
76871
10771
72994
1121
2850
32585
59880
82073
43590
42516
63248
50609
11104
50540
37265
89100
51369
60493
55254
59118
40931
82454
55514
94824
96606
62607
70540
94865
63629
4669
24389
86496
67157
71904
42236
39373
39979
36251
96827
20755
47413
65563
47097
25038
14667
42111
43134
87795
78226
68106
25295
69342
69744
43470
55159
49756
83554
31462
56698
63119
63661
4482
45738
69785
64436
47382
2690
8887
49212
34399
45982
4487
76589
67619
56887
31878
46943
82655
99346
57234
29763
13317
55188
14977
82682
5597
43188
19143
14583
37459
49101
48763
83993
94361
73810
86177
94077
85089
29952
40788
67083
42607
19785
4487
21069
77966
25501
70997
98527
7518
74060
38625
19806
74493
76090
11128
43107
34910
64023
60407
6981
40715
34367
67172
442
75565
3956
82663
37751
81002
79339
70112
184
48851
51560
9149
22978
77801
13744
43769
87108
38062
77210
82856
40644
41345
15615
91049
48186
38510
65010
94949
87372
96508
19294
95926
64234
24524
63377
57731
91661
23387
58592
67729
50202
55045
92554
15227
52795
92403
67155
37000
99190
41268
55681
61868
86817
3404
35744
63485
33000
89787
93902
10887
10589
6651
59534
25981
92353
52495
25832
94433
24712
49316
85203
98687
69308
76940
72639
68749
79872
12558
11821
95627
2835
87777
53430
65735
79834
53315
91925
25015
69632
36567
30747
98449
80573
50898
99406
31155
69294
37018
40489
99135
17000
31159
13254
30109
30179
84415
68142
65806
31717
17300
88951
56020
51509
53010
23287
19382
46916
70609
25856
65024
28098
23473
17572
33709
11940
30152
10010
55019
51651
84672
92348
58292
85209
58785
8867
8927
2948
30511
81418
82042
23446
44911
1813
39504
56129
14797
21472
46004
69480
3014
22782
85187
60612
60054
48865
10575
97932
69191
52494
18355
15967
44907
58762
30899
52172
11035
33518
86734
5904
32269
25092
5268
64858
94345
34569
79572
56138
77118
16625
97995
74305
55730
68503
55649
89300
66589
74881
80602
58282
78637
94158
38832
36469
26428
80013
11168
56536
96567
25660
93346
41229
412
89127
66451
16187
39882
10605
61963
58868
24236
77338
38279
42586
64264
9976
76765
93216
23790
46872
87938
95253
43265
56436
5113
20253
90994
41430
22978
79051
90364
83232
6133
91010
3000
34425
29862
52869
75476
90094
90413
31034
58164
48688
99695
27049
85824
18733
36758
17733
11692
61602
9443
38198
89530
63289
9094
64184
30419
34526
36683
60664
41828
75121
35571
49806
19296
27678
5231
53208
566
8037
20376
74854
31868
64498
9872
2745
79404
15772
32090
83387
23307
3818
59207
93046
12479
10682
69704
50114
40833
90931
43063
84962
80516
16557
16
74923
15695
61147
11755
3847
59493
21363
9264
56448
81633
72584
8204
50213
77791
1913
86814
34426
77169
73789
83528
72711
66866
38300
29104
59253
76621
23492
85755
84699
66941
36091
76762
98099
50433
57971
42556
56674
79963
40995
77069
8809
91897
46842
7937
89885
80270
75098
92915
12516
39599
41432
42739
75488
27842
8832
25252
23488
44617
9944
81728
10500
67157
5163
51328
29457
28854
33134
77192
45501
63447
47930
53490
93315
13571
44733
55363
42730
7173
99388
25152
31959
82473
35941
66968
69908
67124
42645
76032
75389
10279
71883
6950
11999
92177
54039
69998
79415
19972
85796
5443
52407
2400
65072
76533
88599
89457
76830
69495
99421
99522
83475
93494
47940
42345
44226
3003
47717
90575
83080
21379
27930
50135
69245
58816
25709
66568
999
37281
17858
36898
11856
80323
96638
39119
17025
78464
33648
96639
45090
87616
68908
95727
13269
25755
89827
28796
44742
14819
89300
21056
30054
71078
67592
86292
83356
74407
32918
53648
43703
24988
60857
82834
4753
49858
52605
91569
35529
76790
7891
33796
65949
36306
93595
57679
25945
22980
58456
38048
82888
28907
15762
16361
85575
5080
20836
1432
23301
43078
38505
938
77825
54083
56554
54090
51864
58052
68236
74718
10923
77439
99740
78695
98702
44827
44444
22869
28790
92865
13103
50573
77658
80284
50645
13038
86333
24310
73183
36816
15402
57186
461
29790
21652
3259
7368
58619
62782
243
64138
99744
3117
89092
64897
85087
33201
20962
23520
42075
97846
96121
59279
26132
31195
90531
26020
83706
20333
74172
64243
26588
74115
25625
12020
96347
2660
49770
33962
65474
49164
94079
63678
36999
27218
77027
99377
47761
50305
58524
59287
97732
63500
41774
846
5400
39965
59550
73427
25286
75345
59685
423
2905
30105
78292
62106
47066
71801
30896
53330
17323
43949
12560
6382
29983
91369
73215
40252
13527
89629
90630
34307
67633
1152
88772
84473
33469
78872
2660
81248
21641
22937
82045
59745
91279
54322
45176
45850
26060
22673
81901
33355
42106
62701
97549
59670
76487
27899
27277
23379
24664
57248
98504
55561
98704
61059
60133
94581
44134
98775
18370
50080
7067
44155
51371
49683
91482
50265
74252
13335
57875
15051
49625
29654
21330
84892
5089
61299
24944
60016
49799
57910
64530
73483
284
13817
19063
69611
38484
64077
23268
53113
352
45616
99986
54142
40070
96361
56690
40459
83394
17358
96478
77150
6527
54541
79037
97781
78571
47885
14912
57691
21028
87102
75866
98250
45680
46802
28904
55789
91027
37256
7580
77675
87270
32162
61972
79994
69469
43494
6162
79448
14510
25427
73226
71131
26547
36103
4594
10180
55961
66598
78827
74383
39223
606
28488
83011
12108
78312
19221
60792
40311
98982
35854
55596
46488
20552
10467
24192
50489
55838
87852
71914
5838
955
65749
3048
67101
90320
53802
42177
79972
91131
7772
32514
10250
95739
77644
96457
14746
69721
84056
64752
46369
38406
70817
31165
59625
7266
32662
91062
28316
24216
35237
54161
99617
76926
44923
66167
86915
1722
55330
61276
43660
6907
48637
87294
57549
12587
98029
27861
14136
40481
59776
33571
13302
85098
92956
46736
51474
10590
48027
13885
41156
97902
36041
90862
13445
21661
20657
36757
17573
16406
29444
94456
99642
27
68571
57575
36974
46250
2691
39140
95591
32376
15536
90479
52585
70736
36547
70832
58555
60806
83059
43754
36340
28513
36415
20197
7295
16916
17008
58052
41713
43735
22566
70601
81149
71532
33984
22533
41841
39676
61522
23886
63166
36881
81265
29999
95059
43678
36560
68406
13525
23675
12758
79298
28755
27935
16403
16665
27511
18595
4256
91889
62018
80459
80163
68817
25920
20630
55261
5922
44023
32738
99142
54154
76089
86149
27941
78683
65064
53954
19634
34582
51033
38224
66037
66874
85364
94509
9392
3102
37635
44207
94465
54788
96525
19353
57957
4379
3418
59647
29812
63696
25438
66482
59914
98702
30462
41749
10239
78921
5761
91478
69188
21585
64157
80600
17295
77566
38805
9184
80018
55581
80741
93501
61035
18959
63056
6271
71938
78578
7214
16218
34833
27163
72451
93047
73299
43081
44175
49950
35561
43414
42786
83152
26859
60932
94842
4783
11594
18910
64037
7167
92071
17681
35852
54907
92345
87156
42637
45683
37638
99936
49925
42293
84422
12747
1563
41346
71868
44551
52659
18503
20562
33777
75447
25454
77419
41048
36614
20883
10361
90995
53920
6120
76046
28930
76942
52162
45470
89520
25219
16112
55062
17801
45402
39198
49301
14235
93742
39781
46872
6314
61793
2584
83691
14159
18549
93574
65804
41916
25766
90910
57072
84209
46714
93663
35453
60589
58080
82052
87145
96426
63997
46414
21385
63512
82208
89058
25702
78047
91081
78197
69825
64378
21645
26358
97097
57777
92089
503
12089
73454
19544
44406
59616
63032
26913
97830
56297
10359
10435
55343
57743
90223
49071
72709
83871
70959
18047
15421
49131
92343
69702
29102
13641
54489
72797
54221
25648
4239
58887
90648
36994
5218
92120
10401
79157
86579
11549
51434
93231
52051
94068
13804
51410
23854
46800
80431
80520
22409
68525
81185
47719
37884
38790
82465
35682
29290
16993
70470
97171
38510
39650
40971
15054
32523
69121
32061
12254
58737
26408
97380
54582
15809
28929
86288
58178
4764
47443
95932
72364
30250
30369
81296
97267
5157
31951
65170
30723
86649
3261
29647
45736
97829
6716
17790
75331
88315
98661
3710
80748
63516
57204
99828
78979
11876
62717
83576
88879
49006
54373
54120
75849
7208
55277
14092
38362
27584
21339
91659
84628
79843
79189
89746
95703
72593
38651
81491
86018
21553
61837
64839
57210
81365
76826
19289
43577
28816
3811
4864
71586
25828
76455
70695
35619
81906
64514
85611
66390
11012
37889
35778
26291
24312
12217
16942
74554
38754
37222
11647
54833
5561
43540
66722
56462
22854
55574
31375
16025
44433
88406
91608
9830
60580
94675
74983
22310
57083
94324
8846
46467
86578
65688
16622
16530
1782
64330
56019
3966
53719
78633
93128
86950
16911
73075
41750
81186
95342
79178
36631
90741
97385
55764
30107
28488
28612
18643
34870
34019
72075
97585
47488
84369
25269
75816
71052
68331
58256
98983
5875
46526
53914
75154
18888
47136
55373
5422
79002
70382
25946
65551
10330
43863
33622
76610
58033
50252
29322
19044
80351
13327
87689
48202
44371
44712
77810
96737
46051
54625
33824
85621
69162
84985
69147
42782
28865
46944
79562
98033
57851
19604
99272
92345
395
71321
15401
10758
99799
18068
21260
69442
64951
57746
79863
85978
25040
67688
29873
29709
33569
29246
21280
77232
37200
86525
37307
21730
75299
83000
80909
25019
82086
93197
15941
86379
45255
25180
36086
62045
80541
25762
26702
99119
36314
95427
58153
56437
88295
8767
67145
43829
99919
38396
53663
61280
4868
38469
80052
84576
56270
99485
53933
42551
87039
83559
79362
6042
86260
8437
73099
10905
7130
62434
48291
9144
58007
77910
89105
14553
70438
54397
67069
46919
91833
54328
9920
87826
44443
99178
31446
99815
79919
12136
6364
92930
89301
88237
6770
18949
25744
80870
44174
82216
94899
3267
63575
32581
50378
12141
97289
94582
57766
16492
24095
52104
17919
70565
48314
63211
98157
46106
5428
90531
86393
27443
57371
98618
55037
80760
51475
35987
33693
69604
78422
63224
95107
21219
58358
57284
6644
59445
90475
31823
92645
63473
75954
54421
29377
53392
31797
18090
64733
54288
29319
32370
70835
60214
46026
4482
29072
93734
37108
81590
85248
92391
91924
43192
33562
18063
98782
55967
30778
47269
27759
33256
52850
20107
61244
51894
94486
96610
33907
59621
78957
75564
3637
82563
91798
66996
72086
89216
11699
90189
46992
49986
99733
72286
74157
19651
57202
16765
62883
51365
82313
81652
10825
4459
82305
13076
10426
76839
88578
36528
12087
41838
69083
95446
48882
12661
8807
50106
11741
39420
76827
78352
86222
84004
95807
21233
69623
71128
40975
22467
72235
96422
14197
10326
36981
44681
70923
90653
95319
16465
59961
9605
13234
70789
3680
70675
71899
11256
91122
4526
40639
48990
85278
73325
3780
35397
10473
24014
70566
86626
6929
80415
71483
7486
55663
30700
79912
69897
71255
36917
38028
79908
27395
58201
62658
48285
9533
51768
37818
6296
90732
45721
29680
55703
87752
71039
73559
47055
99993
39185
11129
93259
19719
56071
46036
61396
83226
16981
96572
82349
61137
75477
21262
41670
60503
38362
19864
48541
17168
35785
59894
35987
85653
60962
38972
93707
28567
39141
38101
77123
27779
3857
74734
17978
68183
17155
36310
35441
39888
36262
90904
76756
30681
10580
22650
10264
44472
48684
31268
35721
5752
12459
24085
46100
34932
74250
89070
89883
36972
41416
15029
7156
99194
33355
73508
74230
13951
30391
82562
17419
10894
58141
97683
63209
1852
16400
91936
56230
94717
93300
6760
64585
4317
72744
68448
18766
2718
40978
34527
23633
91470
5222
18897
49130
92914
54212
74902
49285
14020
42720
41585
30048
39148
57215
89931
30464
89348
5778
49943
15556
87986
13467
12730
85393
2228
27653
95656
81664
60613
71161
85907
83504
48683
66040
34032
41667
10095
49754
61910
12421
6100
13923
84149
46444
2675
66599
21999
62877
80744
54739
33556
88082
43089
5467
73537
5671
26302
94771
43837
85987
19228
56252
84585
93577
90998
49804
74656
86642
21615
98479
46649
14121
28890
66495
21466
77385
78658
13959
13281
87084
43556
83577
862
55502
64770
32097
32212
80585
47138
24371
32192
25713
49050
34875
34798
42417
52753
10342
18719
47078
89294
48189
40067
391
41244
57150
45592
44155
39292
79720
79637
69239
95433
29963
82370
38454
52344
27955
98220
49873
22653
84860
92680
30784
28057
18769
48708
5775
19581
93727
37797
94098
21985
8105
61343
33827
66398
92272
46483
76685
54497
93789
61726
2055
99365
93766
19870
89287
16902
30154
46190
98978
77447
85672
60647
40757
78250
34048
46687
34588
92447
1255
81860
62072
74032
13700
91616
8986
37275
56293
18238
5588
6594
52078
89364
36160
31334
10367
22619
96200
56938
73085
45838
3550
16769
28090
58920
23503
11172
7333
69300
65846
37164
74576
30954
29884
68874
46054
67816
68088
84594
88025
35280
37757
2552
95592
98887
13253
60108
8098
33903
74227
64083
2521
6564
84261
382
33076
98686
99518
30884
1326
62308
33060
81702
78441
42185
90102
81689
78318
16941
96647
66802
99244
77455
13962
33235
42673
39666
95415
72909
80271
75724
54651
960
65312
79709
9127
66011
99106
13144
77539
15067
77746
77501
99265
52805
41027
30835
23357
52923
63720
4076
87998
97097
77997
55581
38587
3153
91948
53047
44029
80350
19097
7342
86044
447
25688
32313
29413
16909
23655
18828
97484
57295
42933
29278
99813
88985
55680
5067
98507
23179
65948
23112
7948
45609
437
82399
51370
55416
57813
96132
92114
50601
10663
11474
24243
1634
24704
74748
76795
45415
18169
36012
36012
26734
1829
68987
53262
17291
86849
57227
3945
51460
1122
8680
3313
12987
36911
46889
87575
11339
86349
94654
55559
86422
45275
37451
25912
3348
84898
27848
77385
88479
45930
16960
69618
8052
918
9519
38980
91482
22556
71627
85016
38949
84138
91754
10648
73094
21845
19771
17839
3896
13917
44111
23614
44010
44818
45597
208
262
96344
48295
86077
73215
15218
80099
38197
73877
22691
81314
74805
95266
16742
4979
13095
18293
43165
40560
50256
31967
36650
99987
34969
97778
41450
33100
20199
29137
14379
34345
86302
95454
11133
29981
13429
16779
56492
14736
13094
41231
51481
89766
16142
29275
90579
41558
60918
72401
81358
83457
92590
51513
29074
23484
53788
2837
69528
72180
70114
5142
29890
48242
1201
74774
56642
44882
7420
52692
68067
58719
42946
36199
20040
38238
86953
85690
19120
53395
96966
99858
6922
32479
97355
26430
22618
99306
42860
32430
51042
99423
85086
5864
53168
93987
24574
49022
74634
48434
11236
25564
65069
78599
95156
4387
69536
813
97394
46174
38427
4896
52016
42977
15448
13925
15736
77026
22438
81037
39532
83138
53109
69064
85603
16252
67944
55017
74211
71567
31370
99756
94188
11423
58751
52169
99740
39693
2662
67389
99466
89209
57355
54753
57321
67390
35780
68659
74869
18060
75753
36047
62579
82505
13295
11114
34447
91595
93504
5617
60420
85912
6034
52157
33462
92988
29056
83106
34681
11256
71592
50389
62903
748
19166
35457
41717
78521
83208
89334
164
59237
75148
55126
4346
71154
61843
60108
4679
82760
70307
18901
83359
93861
32609
74114
80963
82323
15453
61908
62117
11676
983
9890
20067
86729
98188
52779
61035
35339
5653
17997
86019
96434
10995
71840
27338
60305
24851
68219
58686
19949
91903
73670
84136
35986
87227
95486
45071
93677
83469
40392
57549
10986
44941
60457
28893
21851
99705
24312
85560
79454
22956
44556
63842
53751
76379
68819
2916
81606
96121
54044
54118
56931
13945
58663
3085
90850
48786
51372
38594
25570
65490
88789
98941
15683
2256
2631
41814
59198
79312
24013
50689
85084
94347
49565
27901
58385
30024
30178
74002
14979
10077
43675
70299
87839
86621
65782
57392
4585
1551
27296
53461
94316
14548
82343
35610
40259
31441
86982
52205
97964
77741
11458
4464
49610
16831
26368
59566
26897
50845
41468
39933
64149
29269
76581
69156
84728
88119
59943
23321
85018
57409
5582
44123
98972
34161
6573
6416
25772
53216
56479
68395
36861
39533
77464
22055
12512
87691
14367
14588
86245
23833
5504
55059
72402
12709
80839
12933
84468
65836
76113
77037
49953
23079
91597
60727
56721
7499
18981
98927
77968
34571
30120
13329
32243
88334
16430
12024
69147
64080
42861
83192
33739
68777
93097
71862
32527
17918
13276
21358
30058
3361
47342
54372
11763
33309
25052
27425
55193
87492
66745
70974
28005
45777
88468
32200
10397
36444
43250
56285
34287
71556
20437
26670
86261
21387
4881
44670
44731
43741
93217
83121
10820
68695
79271
74985
15007
66210
22289
20361
42977
10828
54577
8091
54090
33982
45423
65520
7945
50429
46203
96813
26280
3303
8757
6087
45921
49955
6027
1953
54651
84261
32047
39648
71056
95165
50446
5930
26962
29129
68985
37957
79586
5973
27836
91516
43343
75499
49728
81268
68277
98151
15806
62151
37659
64930
98379
91726
57176
69663
37078
24638
95867
46114
5258
69169
88245
54557
9549
20364
74858
1282
46358
57433
70317
64083
10284
9257
54973
98266
63734
38870
14049
66097
81308
37631
24623
79344
99475
66200
14982
67040
11354
46611
47992
54933
35120
3670
17632
62379
16881
35515
5353
50586
59441
85936
87752
3148
31965
35659
92186
24646
71328
15675
87478
42928
98697
22982
60051
76622
3600
35059
13202
48525
72186
62400
76643
52436
64291
57249
60233
94351
84883
91001
25541
53669
38718
28767
53129
53987
1284
35504
37747
16882
78220
61610
55041
72201
67215
48908
86303
62559
35376
36980
96450
66149
19852
96476
69139
44623
41268
18798
33574
34137
12493
3180
33457
75655
12776
58651
8789
78305
53465
18477
81667
25110
39206
49635
36601
20705
61460
85298
78088
93584
65911
70417
28059
72479
94033
98514
97301
54543
91652
15625
7565
30866
24886
21334
43414
21708
13881
62346
75719
67078
1210
10476
58658
81899
16386
48229
24979
70072
76675
12263
18782
38667
203
8326
97809
77885
10471
95333
99817
41489
13198
89444
67586
35091
89198
7838
91804
74303
95883
72184
79443
89884
12899
24612
38668
74443
59914
15581
20369
2779
15970
20679
79554
35339
5124
22409
46554
35879
36075
88428
39776
70556
89003
46487
88430
57099
66111
23310
70473
68992
54740
34513
9262
62863
27992
25098
60887
42708
40203
17756
81239
40574
47428
63190
66440
30440
14164
91846
96957
34599
43012
68393
1175
28947
21215
12777
92581
91561
65661
24638
78092
78032
74596
67931
3144
60618
14847
42587
1393
77192
27308
82610
80876
23912
21297
15245
94675
92464
12876
97084
17900
21842
15777
95506
94425
13564
82686
66585
64367
60088
8115
89006
82823
53436
82738
24405
76155
33184
53115
98539
60687
87954
82023
97111
61222
18741
40110
53271
24820
66350
49363
75321
61917
31197
76971
32199
91504
74080
40193
34121
57573
79487
12053
2841
41411
61134
33312
58508
24613
5874
22314
88459
58377
69543
84977
84948
44911
28473
68957
2262
38023
53594
89282
79137
56737
17937
50160
71837
34422
14997
81239
83272
52142
40395
91185
48962
3513
21725
7698
49853
12923
20621
64901
94403
84928
46984
81948
54938
8136
92899
87771
31988
27655
91229
46342
91989
67776
82376
77805
53990
19344
91424
10343
98492
67069
76032
44151
11991
22473
24492
35433
43225
59618
39707
50690
95444
30054
51597
96952
1797
17669
67739
13693
76296
34789
46536
84330
80310
77940
54434
41105
62862
83171
4360
13779
13042
25378
8515
30921
43027
92449
95402
72142
44803
11955
95055
43810
92109
26198
65632
72411
2837
64836
2495
61124
92531
50430
45800
18695
42719
84742
82680
97783
31428
83751
83067
83626
72538
35930
43551
10503
15673
1596
9727
53228
27959
34666
379
45726
23133
22566
88808
65691
63521
63160
6084
252
64562
81793
86131
95717
67944
18936
81008
88703
93714
25802
45107
88193
91769
81417
1241
68222
64741
37614
13089
30867
41251
45326
64270
77699
95643
31328
25698
65091
611
28006
1299
1520
96118
18400
89365
42369
6268
39545
56827
14751
73726
89839
98708
59701
55328
6011
32463
30044
95110
67597
63690
6964
47824
84571
89612
79675
95014
86663
28239
48208
90473
42878
46333
44689
64299
34493
62404
14975
68857
94635
80237
36401
47472
15635
97666
10949
7563
6162
48392
61045
10101
57688
74599
34254
77631
29716
27120
49468
94254
42939
21898
7754
80571
64440
64336
45599
1386
54697
76227
56434
48754
58575
37712
30176
94812
44673
82883
72171
97601
12635
60507
87804
17809
63920
75764
30239
67151
45988
35970
54979
38841
82839
86467
92884
8145
84177
6345
80000
42919
67622
47152
73853
72355
13521
2140
90562
58848
21882
3286
33374