9532
15306
19633
41701
92548
72287
97658
70814
7193
97888
23281
53626
82365
1247
34292
55434
63104
86487
50450
70301
75147
31775
4484
58587
70610
32319
98949
87321
31736
41990
64225
80313
63206
62328
16951
56425
68503
49282
56403
92583
30026
58543
5810
81779
58208
77400
36512
41717
1066
70358
96531
36501
36298
53008
863
66840
19604
58990
54955
5706
14853
96687
49912
82222
80925
28447
35628
71817
63245
22750
61987
13782
58724
31485
76086
17645
66729
7755
76318
29888
28435
55272
22889
13171
23271
4410
75647
38558
87817
24782
52183
45135
61907
88937
38971
82397
89500
21716
87437
17067
33574
64727
6263
34003
78432
15069
27516
1997
8055
56813
25032
33626
39911
56659
81302
8195
55167
95111
90439
80432
19607
97579
80873
51411
77119
26404
27457
32265
90962
3002
62650
36064
41251
38336
19641
32299
69210
19262
12332
47284
42421
27283
62484
93389
39590
17959
54838
27359
13155
17149
83925
60807
73166
58797
89537
92576
44146
35125
14369
85145
79832
65353
4029
56664
90875
63026
27924
64314
41593
24196
72287
79227
24184
7309
92739
51785
21638
23992
17106
33761
94861
64789
8704
86772
40229
29151
67047
53198
24425
27543
4212
21491
10438
68134
24332
41185
24445
23433
69947
13827
32626
24802
77753
35386
8743
78376
11861
93225
2646
62387
88596
60874
46902
80286
68036
12869
70169
39219
81850
96709
18884
93351
17980
83495
63903
39289
85739
36336
29199
28923
78165
38336
7345
82266
28487
35201
19200
27856
3767
8417
21513
42586
41246
12271
6587
74439
68391
82307
97337
88135
77841
61312
4272
11404
20751
23693
16098
19592
12326
38212
93134
22960
45408
41836
89286
40650
96229
26639
37134
69462
66243
34089
14519
64820
74915
90489
43969
74977
93817
92967
59731
28403
61577
81670
23435
19775
83705
6306
80185
85969
77467
13698
86720
70018
82587
38824
56365
94355
47105
3177
37490
39882
18721
19068
81083
28087
25882
91355
27544
58938
87815
60164
25350
96032
58471
16913
44451
21844
88989
2802
45739
25418
9522
92547
343
8711
70655
19266
53020
80822
66310
87670
48667
13592
67522
57210
90719
57832
96465
23991
89708
31395
34472
47046
78245
27107
34288
29517
80937
93189
93060
39431
94723
87548
38341
47068
31608
69309
66528
47628
35142
6503
48232
11815
33745
63380
8006
58029
52681
82496
35621
13832
76611
6656
16472
89890
33639
24441
7346
68573
61578
41992
5437
59466
47670
59762
78937
83501
29075
18660
87143
70992
13839
82758
720
64883
67868
91042
44499
24283
2406
27002
63241
49141
56034
18049
33667
7470
89119
21679
42066
23403
38692
47452
31390
68475
32214
53927
2334
2706
33607
18254
80027
96541
9201
16298
41245
53998
26706
27581
80491
68318
38561
61926
35435
50423
8594
69007
70576
81966
56224
68956
57563
80443
95424
66706
94624
14610
3635
62542
49315
35319
80965
45306
14601
41898
58119
82267
5260
25773
76673
19019
46963
26644
99270
41326
50243
92354
84870
73913
32294
18320
30300
62028
74794
66635
93617
70830
58641
12152
87651
51381
65311
34775
10292
93424
67323
12982
32098
56113
26766
75696
20489
57127
35245
25246
81930
21901
74993
7038
19024
26658
54476
85147
63354
60888
52986
88081
41727
45642
44518
89538
85083
6313
55437
58380
98655
50698
17850
61992
65345
21919
95588
14091
29088
58343
86336
7851
36249
60738
76878
65823
93010
87528
98695
10433
50933
65808
7000
28576
18858
55132
34212
14094
18164
76220
82612
38476
46334
84927
50433
58584
65964
51975
4173
17130
74467
4505
82220
41093
81705
34395
89694
68217
53034
16049
75562
98737
67209
26668
32798
27704
7815
56628
18832
81168
41515
88576
39700
64595
10096
11693
32529
20365
76106
77395
45784
29191
69270
94501
85213
97618
11167
67689
59249
20511
92192
78708
83144
63048
40944
29737
53250
13211
69359
30054
62288
35179
31981
26824
32119
4812
55867
88047
78804
79827
68930
69036
70038
31987
34532
79708
33353
38205
73629
95715
56304
69992
2209
89879
54781
68878
20915
4062
88680
76750
3576
89152
39860
43459
28865
56412
1223
39165
51031
27806
628
99535
97098
44362
17098
7239
58662
94244
18475
40259
44408
95182
72949
65281
2667
76761
8630
77206
22771
7562
24205
75397
54905
17587
7503
92530
4807
66060
18921
80712
8642
38326
89388
3275
34886
80611
50969
44443
80406
19531
33393
59058
22056
41075
15948
33041
11075
99253
23443
87976
21642
36133
7351
84057
66714
23431
5515
63469
63134
73953
57287
58172
77919
78202
52492
30361
65221
76161
44405
40396
48438
57643
29750
63750
36468
93615
15169
36500
94369
64434
86138
7925
26251
22625
21592
98935
15958
36292
34542
69475
83383
84344
72359
57314
12957
93723
27070
19694
5781
25080
64570
50391
62065
80278
27659
99767
19390
55134
8331
98199
36700
98472
99001
15803
19976
79551
86579
29178
73930
15245
73517
75762
87036
10915
9816
67260
43262
3899
9789
64588
46430
92060
84779
29030
38172
93325
17344
35235
47996
53334
93827
89790
6019
76396
58978
54917
13417
66259
60819
21967
16031
33067
78375
68377
14081
4805
24113
51147
59019
8212
72316
92136
90296
72205
80328
15616
53273
50064
25025
65213
91122
81556
12926
73395
3572
6320
96652
65143
54076
91713
76865
88902
68598
88503
15446
4155
42171
31914
19681
93353
88184
47608
21491
40233
12067
49600
73745
35451
95156
92400
69922
52822
11092
10345
51130
94602
52718
50410
9946
99934
29714
12436
26611
49682
68157
8696
92248
76305
3808
74783
29008
59772
94784
75337
32943
27989
5758
12826
38169
35298
58033
38809
74304
2857
71731
21437
68393
32026
77964
64681
43593
3093
52171
34766
68196
63998
48660
46107
24993
82234
89072
7973
295
9377
95115
9883
81513
84042
92670
79329
1602
34379
82454
98693
51229
17413
70025
88108
14459
30141
5202
71136
9411
32839
77272
66070
16941
10686
22268
49268
25315
94961
57250
2914
44015
8885
82388
29588
80237
35547
13354
24937
69854
19500
87898
33338
86667
27238
29382
87908
83693
70453
64691
79885
49195
33034
15756
47033
28130
77907
39835
11477
25365
92835
14528
180
24931
42152
11580
74067
55939
10318
83823
69510
40025
5464
82547
2005
8511
42123
88551
11486
72906
45727
13429
58457
58050
93538
3583
97786
14971
29328
39784
39526
88444
54885
74105
21623
55568
48979
48591
2807
20427
1468
10224
15139
35574
78494
44769
80900
20731
38433
22741
40333
30730
15231
91664
61138
37606
51246
22851
90715
49307
50341
23683
29695
68068
53418
61479
16481
80761
79633
96865
77200
99067
81763
96305
25950
90986
17159
79910
51524
25605
42626
18098
86171
17727
99920
10242
71219
63921
57490
33005
88050
15987
65040
20697
9557
83189
32580
74595
85867
74201
28655
42110
96835
60023
77496
43040
2953
7230
46942
48321
95959
39854
46600
68960
5871
25677
61551
22674
35480
21409
98438
79795
4609
65191
26698
15260
73705
162
75590
1794
70697
54222
79469
79044
60326
76226
11559
17748
28871
70887
33191
94825
22055
29412
77358
52651
28319
30066
89421
68228
64201
51699
26165
54230
65696
54051
60678
7683
85676
9155
47834
15601
26547
10978
31352
6138
98969
3727
6589
21313
7455
73354
59485
94271
54916
29494
48779
44943
6040
14459
73965
57842
75390
27516
68253
1415
35697
1701
20431
15913
34583
83457
44092
97968
76575
94179
55517
32869
53965
63081
93239
67606
15051
85561
57719
54030
51127
9853
75335
65699
2855
96471
63848
99713
64053
56477
25136
16759
24821
1171
33299
66790
28732
40824
43260
45926
75339
87341
7601
16835
69153
9288
97146
98690
77824
78005
24551
42072
57365
85296
30349
53827
17623
38687
30215
63917
46877
48979
65774
57759
96919
24051
35158
95925
40882
90277
50894
97136
18624
19443
58689
76888
17254
93633
3288
16423
62228
96861
70531
78382
54620
90996
57799
95893
66657
47445
92656
92718
46730
2735
62621
38550
10574
47842
16201
64644
53919
42502
44548
44921
53172
87735
8171
47675
42994
3655
90566
40869
22523
40122
82538
17058
54068
12160
51262
52357
90095
53149
74415
75763
58938
8692
33512
57553
61164
1691
78878
26088
5450
20102
45651
55224
19262
70088
4222
85243
99284
77644
38857
94309
40231
41546
65477
64593
83483
79590
94952
95107
17016
512
14876
31411
90666
49476
34824
96265
44085
10609
14990
10846
38747
4830
22320
62351
56074
58966
42805
27239
89416
32470
57922
74675
91938
34984
4956
61582
48311
90135
79388
67943
43921
65812
20333
91591
78993
92906
12739
65989
48222
51087
62382
21165
92295
8517
68917
61783
14288
61407
58364
89954
88424
41539
99857
37898
21207
77068
18603
55255
79260
78945
88431
29528
56281
31757
75129
37090
82815
26199
37821
53336
63610
16905
52323
95490
34701
17916
30869
7472
91474
76743
41149
660
55703
45997
36424
49338
26800
21669
78459
8996
31962
79743
72155
54017
68858
59614
87171
17013
86466
11845
93702
5983
20682
99725
1900
5905
81049
33298
96996
39094
64011
74856
34044
72887
50623
892
7826
51636
57690
80390
54920
82723
97617
81525
28101
14931
6558
83910
11426
85368
4895
10942
3826
62713
28576
26480
2742
29193
89048
61230
96856
8558
25081
60106
86376
38945
9585
18047
34943
39906
92930
48825
13292
24668
2998
66249
1121
53383
24790
64228
77770
43322
78114
50706
85020
63474
35028
50529
45850
29779
1501
82433
15588
24445
1340
81116
94295
67718
38885
27459
13778
81022
17531
16712
84771
42017
40433
34548
98976
32846
92364
25513
92969
93528
79688
73466
37973
46227
58036
93582
79855
63392
46631
78035
2696
67679
75805
47478
81390
48427
52086
76058
80074
77207
20982
56420
88396
43974
30975
89021
31766
12836
55787
71640
36124
73929
74184
26313
99715
57702
26689
20892
20814
16796
69379
31644
39122
6465
89698
43245
79676
40094
294
93242
19586
15186
30299
88730
62558
62450
38089
55522
8277
73792
89481
37899
54314
4953
40350
419
97947
23010
84402
69000
94548
45038
39372
72363
56313
4618
58357
74401
18269
14635
83818
55642
55572
86588
60751
96986
2323
21269
30721
53519
88281
81061
12335
64349
97004
53099
91210
43159
11101
22206
54654
2205
78620
80093
35108
18681
22272
99344
73765
21468
4938
6931
83666
6142
25044
64394
7164
53963
96393
18460
31445
22450
54453
41915
32889
92487
37984
44985
66253
10273
65576
71891
8288
18178
28103
2238
8979
26461
32563
20199
54182
53430
2462
13625
41062
51473
74320
60786
60249
81773
21784
34720
5400
21937
4735
25146
47130
88062
874
27354
20356
81144
44773
86354
59805
2811
67259
8851
24552
56969
67979
28812
61794
27048
53236
73860
5392
42101
27341
34274
51511
35190
81912
36593
33600
35579
31827
48091
39140
46612
1924
97760
97924
21919
79774
10991
87186
53799
57629
71934
44384
47782
50498
95883
24998
11526
72000
24738
31653
20208
3610
14314
27007
42320
4223
33794
37979
85482
16913
10037
47088
33943
24714
54545
76188
2332
822
76823
23008
71937
96283
90718
83726
66467
1677
93304
12463
87412
10530
32387
68419
41097
50355
40656
86442
49445
12736
32364
50632
94533
82684
17736
92945
96612
44871
25567
91003
24333
98930
4647
53222
47991
78752
64514
84337
55454
89245
39719
93092
36935
28287
30695
731
95560
77730
50407
55483
93225
75759
27566
17225
2851
75496
47479
68803
6695
37114
12598
38717
80001
86638
95357
1540
17721
71873
99774
29884
31894
97058
85608
73562
1060
94485
99690
34090
55281
54549
11496
53307
14830
16471
89696
36166
20825
55245
64418
75948
16591
26354
55930
74162
1985
53981
77501
12750
56495
9042
86656
20196
72780
14582
12080
23060
62008
42762
27573
47467
75827
41118
76280
3973
26406
26570
17636
28653
69489
14792
34088
50523
83092
68123
44017
99520
35809
28929
81593
33002
60012
34215
34363
36483
58033
30556
13422
33180
62008
35537
28205
76296
85119
93438
86298
52529
61903
60141
76802
51750
41950
49093
10387
80289
99749
14928
22248
68518
26695
25260
93059
66051
67433
60272
58024
10341
19617
15358
54632
38197
5912
1752
87247
36793
71986
22307
29913
57477
99978
23205
62750
11887
41320
40074
46308
61543
8939
52860
63058
29122
87542
72614
5990
36716
30907
45948
98164
6360
33660
30291
4295
54899
51963
78036
46005
54680
50432
77693
54885
66741
38549
48372
91547
76550
18157
67066
33138
94467
43101
18170
61192
11490
84360
84357
95860
90426
2007
47902
75198
3303
3305
70811
24995
97639
70177
58922
49646
89816
35983
37636
90542
10090
13083
18581
26925
16386
46145
7874
36869
94496
93664
30006
95457
43043
25447
53420
33372
68056
78138
20208
51537
77057
34751
94805
25957
1224
9812
11793
8685
96322
30592
14396
63396
98191
96507
81404
95912
45554
40983
89348
54217
27218
85990
99896
83346
27326
31471
93126
41754
56546
21742
37825
73484
71275
85168
49495
12431
9332
20329
65018
46787
36153
13789
24911
3404
75909
22179
89301
67808
10922
12850
28456
70114
89713
42543
21336
77710
32222
56737
81341
20430
45817
28327
27199
73939
90130
97009
2229
88151
81977
32275
23221
33612
27104
71956
45231
85418
17920
47984
29250
20940
85305
2450
65242
93152
22919
1659
55770
40406
38349
72290
56853
12591
70246
43195
27580
48350
92261
7903
97692
99978
49583
92327
73314
4169
51695
89236
83051
29173
18832
78498
34945
46342
79997
51048
10536
42669
42575
8572
71998
53423
61368
67047
96092
30769
27257
93915
27813
65403
9629
43583
7269
25520
6195
39432
88513
48691
69549
55365
61234
253
37440
21138
66252
71285
50334
23568
22199
30271
67979
96088
67578
78268
344
68856
15383
76280
98604
86331
37968
51792
23715
24564
65746
82340
52220
98626
32302
92540
11333
67037
15712
24523
69335
94073
75705
80075
67320
28059
85912
63416
17829
17361
95488
18908
51342
68104
16601
11104
30172
53735
92670
53767
15439
22776
16137
58605
70129
70489
79833
38648
54639
53068
93332
59343
46632
11744
84907
70096
57161
37459
14492
25817
53544
99791
14285
11438
47994
65507
86484
55564
81554
79941
33376
67948
42989
70289
45499
13634
37075
76919
68105
44639
75882
11029
20578
49621
94205
27644
79347
49794
6474
90884
5176
70838
86328
84437
26658
70512
40301
79044
93766
99068
59699
21978
98943
23883
88138
83973
15800
5260
44632
28365
80438
98539
25549
29485
10328
5465
8130
17344
93132
52916
34719
58317
26355
6281
26945
1660
72579
88697
25021
10231
4511
42375
3378
62359
6515
217
31316
5292
16227
24151
27987
25595
36303
74018
14610
64739
29790
83198
96317
71581
97847
38352
35006
57631
32530
36138
39920
30957
59652
52381
86746
33812
67019
43265
95347
34453
95000
31947
58457
68420
18799
95148
55491
32922
83413
90145
65822
42764
81868
95961
87041
60038
56125
32100
60755
28117
96863
45512
73050
63532
826
83734
71765
63305
78554
52967
17661
67092
3963
66367
26876
32741
1929
17424
90274
69233
16596
55615
61602
14207
96785
9619
10868
14959
82529
45203
93676
29910
48922
79520
53883
39700
53369
4824
9181
2323
91592
67347
84471
84019
22127
77733
90435
66549
16272
61947
77994
24918
5265
68957
57876
82034
61554
53109
43445
38557
6934
93912
17500
92636
28478
31315
20421
84146
43712
91997
17260
60613
31188
58243
73904
58959
70921
90573
83535
12201
24121
41402
99895
64427
86920
16919
14564
98791
69319
19367
20770
36635
53603
81776
4871
90481
96114
99851
74517
90820
13832
747
64550
29716
23506
52304
42267
46182
60066
94253
59919
95587
93484
93379
59930
81675
549
24187
87385
36683
91141
41270
22056
55813
91489
68079
32100
65639
85646
45365
79046
99553
8399
37955
18101
72726
22349
12926
27726
44017
37609
82430
87787
64013
146
12972
89241
70505
65449
87659
37132
49013
82314
88498
15774
10329
58847
97793
26404
49309
63318
50492
11585
60884
40150
57363
34278
21223
22781
91332
9671
43881
36067
3226
97469
72939
10890
34592
19586
68339
16848
61587
69959
78281
37764
77717
28417
20267
99153
73483
53577
69968
93942
18905
97553
39028
63985
59539
57989
26203
11995
84723
32156
38069
67650
60278
4170
77037
73063
39295
85571
11793
99335
98951
60124
75777
87553
71381
21014
47878
28630
89926
19528
92593
46154
51479
37818
44914
516
87355
80801
49210
89699
66650
12658
30807
77026
2868
77926
30947
99680
68331
81422
420
82495
551
14612
39113
46589
34152
45852
12658
20775
34382
7438
73535
94704
80415
5900
75663
32242
42215
36815
31280
75285
98217
58218
13269
54992
52596
34247
94345
49647
26110
61161
83665
15745
85609
83651
58095
80617
24281
49614
41013
79629
78732
66057
39840
95019
56898
15567
52808
83050
348
21164
35570
5999
43797
75813
8921
77206
44724
97164
37126
55776
58017
85400
42340
39655
31210
86454
81815
69065
5659
90190
86474
23272
48032
78775
53961
78017
39131
91003
21870
55518
18393
55082
69940
10370
57974
5439
89091
61676
68573
40159
94751
93751
42756
56463
93141
46848
39784
7946
88175
20910
77024
89711
39811
94696
91814
46012
44942
77159
36859
39897
52033
86416
71086
85883
8537
82009
52523
5147
46539
28897
73844
87815
16105
63466
43742
1838
18844
9823
89058
41454
8719
66406
25009
91815
50187
21506
77896
40768
75196
42807
74648
68975
86591
29290
21293
82611
77022
20879
85436
6158
83237
59008
68223
82090
14419
37997
41224
39056
3555
34681
94792
96915
89867
53777
14062
89699
52934
36620
45543
63435
21481
29025
21109
47276
87582
7182
4679
91745
39590
26319
99327
86632
10437
6104
75243
17128
91537
84379
68471
74948
23261
80455
26488
67486
60128
51917
74935
46576
33379
44640
99720
56678
58167
48130
14442
8579
89684
92574
8150
30876
80321
9591
38310
69481
62678
26289
60366
45777
77157
76796
3848
29796
88809
4450
40204
36843
81082
31937
32946
23255
21233
13108
75604
31988
12236
41047
54739
77704
20981
67123
83830
94515
1698
41202
89790
46878
18917
60982
42671
59299
12084
96088
85275
82099
45858
53794
60202
33527
97155
37060
71763
6563
27632
66987
85560
84574
68509
58030
51617
16852
78725
46989
87969
64227
81141
21463
61626
11362
60168
68789
34014
57826
81941
16473
55811
33458
99677
25584
11860
85985
43593
64325
66310
75349
30868
85631
88951
90042
32795
50561
94741
57507
96878
87086
18337
57928
40281
58050
56485
75181
81064
78488
10296
73492
43260
76052
50605
77314
70533
43602
37888
2065
48189
74073
1656
27277
80738
19614
2744
98024
79738
53193
42183
54700
41315
26932
60383
57728
55947
58819
81720
95645
48071
76623
77497
89792
41319
56883
94578
38362
87111
7383
46164
89276
13416
29308
17810
7680
27474
59559
75306
94742
1268
65094
52030
38753
2971
32191
87631
92328
69187
72980
55135
19037
65898
79371
15045
14301
14800
45807
85215
45241
77032
83768
60294
81009
84934
34682
51559
67753
82753
28612
28230
25412
73024
17973
55402
41548
43586
36406
20994
63716
92283
1859
2493
8347
19831
92143
61739
65099
76470
46457
78758
82924
33271
74489
79307
20300
59279
84888
10733
366
87148
52625
17148
80583
60522
67732
63702
59950
99337
40842
92975
91937
79791
95405
63320
41061
98338
45058
56595
23824
51077
49950
26117
87749
8621
91953
23540
48662
10301
6616
2699
99416
69000
1004
823
22574
67060
31320
13478
42618
29605
37403
32416
95220
52522
78595
12098
79221
76128
73476
6922
21836
44483
88808
34922
86750
44474
67363
80335
10483
70706
32355
83059
46831
94329
53792
24188
84850
55865
72499
50837
2246
74945
22312
22525
38278
69107
91344
76274
1733
57788
29839
59339
58315
78956
58098
28640
48622
5840
83235
32488
60233
46547
89375
35979
11574
26218
84836
23627
75076
33302
76157
4995
80254
28037
51076
81092
63035
41415
32863
6922
99288
56564
55051
8020
45093
77788
76161
84752
47673
94336
22056
95805
46426
7830
26565
36081
74896
78340
25769
67650
95846
68288
18375
42576
398
45471
18577
57091
85742
40030
5320
89527
82667
11079
95623
52338
34206
5911
70384
76465
12820
76633
60179
7393
36674
17724
35856
13490
27062
71617
29288
63327
89155
51664
30786
87870
76880
34733
8677
19338
72062
16050
24887
49646
88479
49380
8971
4494
99577
73362
46772
12983
28479
57110
28915
83265
10811
77488
47072
57833
67970
48350
8671
6802
84732
78428
88802
31051
16469
77484
53630
79099
86566
38891
62899
85375
47362
93430
48074
43314
27065
55901
35155
63542
74429
78392
71186
47292
54631
55782
56989
19114
58734
68007
1152
22325
5124
47570
49717
25714
32942
82947
23105
25681
81096
79309
56492
58041
20885
48510
70773
98172
17781
24849
835
13700
8726
78229
30797
70564
72093
46380
94792
94222
67098
24481
1681
74556
82269
60523
65585
43367
22180
75958
24074
97540
10109
51096
20906
29267
34188
4767
35169
79700
95659
87277
96742
23316
11980
84253
346
74148
14625
76534
23005
38992
6127
59777
98302
16351
62259
31244
42716
38700
24337
84155
71471
15705
6096
67723
72886
41352
39616
56629
42264
85426
48515
39595
80198
78700
33558
40716
85713
86641
80014
60969
10420
38147
39934
62404
62094
4115
38173
95461
58796
58656
29493
62854
75322
12203
73109
81350
78673
72217
64195
59751
34395
67540
9361
47941
16272
17676
55722
37328
6956
73909
86183
45898
63299
90046
20285
336
37617
46334
25142
86439
3920
57611
17923
90805
40164
37670
77071
12903
37998
59395
82765
37666
4912
39782
88726
30206
51335
26293
2999
88154
81101
86252
89574
43325
76808
24731
56973
7544
75024
25276
54968
50853
674
80364
29384
91405
49908
48746
53771
68779
67563
50285
88277
57885
93719
94963
64139
69740
50691
74480
39430
74012
93875
72353
85534
14341
75326
50982
48272
29951
39891
21081
24307
34817
11585
90406
82750
42890
68002
26031
12216
37126
11130
8478
46929
10594
51453
49816
60272
99840
36414
63783
5937
5896
30996
74780
18459
39671
95829
4234
48631
27179
57140
94600
87031
76530
6855
78558
36353
44657
9718
22940
78065
10722
88377
24474
43502
43762
71087
23855
36610
77606
27682
64754
21455
82134
27784
11195
66224
63760
26596
37336
90145
59074
63819
66146
58134
45902
61290
46603
22573
99120
6917
56772
40566
71958
78464
35258
33851
87361
31188
88875
47141
16499
47402
90987
72136
14521
83288
48509
41167
85605
94148
32851
45423
85701
62481
94026
64072
8018
81273
63223
97160
12391
79135
23143
33998
30759
83104
67402
14192
11078
2219
25522
45721
62937
63219
55058
40025
30257
32696
35821
31457
39519
46614
69748
27656
47760
23351
72506
13416
18592
27805
86669
1001
12216
39511
56456
30025
37951
73527
59296
74304
46803
2514
11388
27916
25869
31682
50363
19728
47875
40694
5654
70100
74717
1900
96187
99231
55484
90146
56789
43602
37529
73381
61585
8070
39624
52934
66332
70017
12145
47506
48692
86997
6643
89143
12940
26677
5211
85092
28189
8043
65733
47518
98937
66697
6898
3985
62215
61944
34410
78614
95136
24442
22705
11214
73487
17602
98739
22669
57482
13924
30070
50695
99487
25931
32306
24710
45995
40196
94162
90675
59723
60659
97975
75211
25767
4314
12158
67967
4332
97626
52352
28986
1457
21041
2978
80659
70409
78149
93963
42160
5611
88979
86246
92232
29595
9173
43118
47899
82213
68025
31592
4964
18439
69133
1873
37703
40781
17453
13057
88115
90205
15270
43430
4883
39280
55230
57097
87979
8703
92294
8233
86743
99723
36732
87984
95137
41596
54047
89190
36926
11173
71072
75541
38577
43320
13386
84737
54674
89384
23491
32839
43116
63014
96149
97541
34053
93314
13921
38325
17143
94619
28799
77196
76013
56208
77459
88164
40561
64477
70646
40887
20088
4184
34381
69370
99747
99850
88528
93174
26079
67281
63699
67159
83947
96996
67208
80830
23488
5199
8364
88688
53488
11035
88231
66233
50736
46436
30966
94430
43197
78976
31878
99735
62979
58473
25323
18613
72869
44304
30127
67741
96431
39873
31789
50480
70827
35511
85963
5583
35820
57834
4076
25873
30418
33839
44167
93515
55533
11850
58999
26556
66855
11629
14938
58206
35779
27873
39322
724
23140
32437
10401
45080
54679
83868
22884
91706
79347
53242
48837
61571
695
31574
43339
97451
28834
82762
55001
92998
48835
4638
41388
66561
11018
44821
78146
5437
75701
48995
16625
6523
59150
44986
89759
86058
1579
38755
61248
36100
69848
74273
75840
47097
89649
74752
31858
12977
70340
80932
57973
14381
9535
916
7906
40843
57974
28299
94614
78947
24560
80601
30742
84713
64258
58993
2731
58681
91338
22556
78953
62655
6405
63558
80526
91592
9114
99835
5113
5277
32080
17900
61548
5053
33308
90386
43135
74599
66645
75212
60276
73492
38961
57782
90442
59766
16664
7814
29382
17823
52331
35561
28864
62961
54144
71386
38464
36503
15376
72596
3600
69255
57182
83984
6549
98412
21615
92965
62135
36256
88491
91578
15002
986
20718
79739
64487
11695
45304
62857
17673
61677
10703
72551
56453
37315
77954
6218
31427
83468
17813
15861
13096
63545
16904
76421
44601
59183
2126
42227
34693
22082
9592
80208
60331
39048
66098
49596
27199
25923
4293
30157
6728
59952
13664
25358
37357
57351
67648
75802
8931
50700
13792
34886
66487
60769
97341
68602
20500
55610
33780
1256
79720
94752
61073
29157
7308
36739
26308
73008
21831
52030
50067
75954
81200
6319
58507
53417
91763
68673
24653
63507
44284
96863
60556
75954
13150
52710
97421
77716
15305
54478
27581
7179
89056
48510
75116
57691
9989
47467
70117
74250
59683
40784
16145
35379
41430
48520
20796
4334
84049
59496
35013
45578
55474
45710
97480
28487
39541
34978
72382
10163
37872
59688
72292
43609
74764
31630
90542
20443
16210
69836
51791
11310
29026
46147
47921
53767
66616
19998
84861
38668
21159
51725
98340
87286
18532
43977
83131
32430
14584
31503
66487
7472
54230
74629
56943
61763
42098
55715
77984
19925
94321
52326
35216
78360
50327
31693
14483
61238
34587
45435
27482
26177
40969
83549
91309
19978
41175
57079
60110
66750
94025
10573
66152
907
43820
97378
83574
70562
19960
30170
5661
3408
88360
58234
27592
91751
70568
5884
46666
14785
65162
6017
83589
379
51896
9076
10036
84431
96771
2184
6148
86115
39910
39915
8100
16187
76917
64099
5131
75468
36061
60704
51126
73728
99620
64133
45799
46698
73978
19627
64182
54929
69545
57244
64093
37489
10848
91879
81336
44055
84774
11423
30827
5051
14809
4562
64997
13707
36474
77435
36257
86765
33046
37669
75209
18523
26515
81291
14669
64228
69797
36300
86270
11257
55533
78218
97912
20176
16488
90274
96881
51249
7046
23233
30131
97052
95415
51359
19149
93644
13211
18652
51263
34479
97892
64520
4076
94951
63267
96582
39213
55434
19764
93107
50053
91426
20863
38259
4735
53060
23078
24276
55918
80820
91302
35873
8125
37708
32269
79992
73184
49133
72644
47088
8049
20585
91645
85019
68682
53840
47651
35890
39246
54944
92689
87975
14859
80342
42979
86453
89627
48777
75592
42495
82881
29656
70673
89226
17602
85371
45262
21874
36711
26292
89599
4751
96275
62647
78008
6477
50835
8418
95959
46068
86197
45342
94263
58006
21348
27988
69732
99369
43595
53110
38756
31664
87167
75628
94705
64041
31321
69794
63504
26994
97200
14730
33205
88337
14770
61890
32377
20666
51952
57645
93560
82084
59970
3704
34409
38605
10716
84279
561
23400
23553
49770
79436
63603
43976
23935
13796
38332
88212
27601
44644
34082
29046
87292
19607
27246
24273
52794
3398
14044
10756
99898
70900
65913
41311
33979
79409
29038
57573
59134
99548
54755
49643
4988
97832
79668
14223
50493
25344
43636
61240
39168
71236
1634
2533
66514
14553
69045
47909
2989
77773
16805
97686
78837
93453
3810
49874
6996
50829
14734
34176
76370
87626
44526
80053
76094
34711
2089
71827
19480
25204
28272
71704
59227
57654
23197
54744
40345
3171
51338
79397
99496
42434
48954
95641
72871
43243
29642
60752
40625
78436
39243
13393
21655
86431
73614
11561
41581
33538
36243
90768
42488
98045
98548
14347
53733
6343
20991
23450
14673
94338
94011
3244
33890
16962
40592
24973
57814
52885
3653
54674
12308
94047
63352
51054
38377
12074
16511
39063
6804
51347
67322
72333
37516
5492
20952
19066
34258
35138
39513
94859
27678
61077
41127
61800
13655
32130
11025
40667
83837
16013
53662
49263
31175
5782
67445
50063
26302
29229
9665
86857
90609
69931
75180
57618
29314
25919
94915
42313
73665
93037
20415
97455
32812
38592
1341
79748
36406
27397
20470
38051
12950
58180
8033
90956
1455
21009
57221
7799
63349
53733
76460
89338
49910
33216
45584
38481
76800
18615
71769
63298
58033
14303
29380
91857
87639
24651
32841
44116
53237
23604
35555
55798
91674
38704
15576
12905
98724
468
5226
45097
58915
2591
60386
44113
86925
23119
82567
10838
21244
52564
42980
21088
55581
273
73204
3710
55165
13814
71712
26100
304
16132
66487
63888
97446
85484
73948
95994
80498
884
34822
70158
21265
40612
87302
67630
97899
48572
35873
13107
85885
60213
94026
76731
94227
66124
83993
42828
53898
2623
13620
60182
43654
68936
22178
27240
41441
64541
74606
47613
20889
78416
32558
8520
42659
57282
42273
23789
7878
62579
80489
62956
80799
69181
60761
93978
34082
93101
43210
61677
49902
69518
19124
47324
65198
3081
98636
70616
44267
5896
54010
13328
17693
61048
34496
17757
73132
99411
17649
66001
99833
91119
97904
40851
63719
26399
98604
85288
74782
9288
78649
88841
21588
46923
90760
82913
80626
88326
32690
78050
2786
66599
90672
22413
95184
3991
9830
80055
5438
91085
58274
57634
30445
70446
97790
89800
62113
53511
4675
79975
1982
62949
31814
26597
91474
93826
19709
12302
32967
82346
82414
94536
94719
57884
27880
18687
99773
6098
72629
82869
76754
42488
62886
30148
33916
26792
34178
56777
94682
62242
11225
52740
50591
8735
92468
99832
98758
71721
2099
51091
23309
58651
1495
71942
57894
35301
68242
127
52006
57151
54365
30696
37449
92588
64792
58155
55792
26721
95541
73583
88114
50540
62537
34477
41598
35421
26571
72714
67484
88430
51347
78461
68403
22699
85874
82554
34535
63375
23773
47554
86645
89075
75546
81567
45118
1472
84653
47630
53805
76051
90107
88497
61923
20233
843
52408
74949
86027
77414
14587
58403
10641
19566
59906
65
80349
66790
97553
60678
62602
37248
67547
3249
10863
77637
34091
75128
98205
30154
56959
88112
81716
44320
80907
41049
99826
44391
32520
57844
55059
92060
81706
44953
12746
42233
89298
89717
31518
55388
20143
56146
42701
43474
71171
35872
10280
19596
60182
344
73532
14939
39618
42854
91565
22220
69838
33413
43385
14870
39196
32040
30786
50779
92267
77508
87487
95018
24829
31093
55447
32577
76547
41163
8726
58675
52449
51718
68660
7459
66300
55492
24250
62919
8877
9436
37645
85664
65919
76110
61656
68641
49188
58031
53067
22125
97210
62447
68582
15521
59740
27349
98821
52178
50952
84865
70680
20068
20146
56198
76303
31095
65410
100
98643
79767
32630
30613
83218
24461
16698
925
37821
87646
24592
60914
24754
45211
85395
89613
53637
6507
32708
83505
65683
33140
14058
87684
68276
94692
99763
40476
53745
16185
94973
76351
56291
77283
60249
86117
97177
72918
50235
61087
61499
75067
64216
38317
7965
82665
74280
43524
988
47779
55406
56165
70779
18729
92779
87246
23102
98435
45270
41318
36032
14871
29575
91513
8972
89449
78610
72529
99075
31493
93000
67470
83702
27172
2208
24498
72301
63795
24159
29238
62763
16670
67371
90143
99837
18709
22371
84471
77501
32204
35300
23333
22003
42460
27086
37467
36239
34071
52092
40678
65299
80000
62785
62212
52097
43454
49624
84367
95261
61773
23483
90164
76850
82311
86219
1717
81406
20104
24073
92194
24745
56000
51387
13694
59346
4924
10271
89206
12178
54351
91645
90583
45934
31836
75825
7855
39541
30359
7244
49149
59749
22676
5490
20861
90965
11089
89334
16512
74447
13310
75893
43086
18414
42465
19118
43446
17669
45352
1546
2176
38013
50595
56328
98148
1940
26844
65720
80108
23971
10975
92896
18183
38657
23382
20460
61619
87301
91696
17759
70685
16156
41282
23276
91546
45497
7087
72887
32440
10388
18542
30371
31456
35334
951
2995
32604
34903
81727
19131
53824
54235
16170
42046
95319
73626
79553
422
35294
29533
34657
46209
18101
71590
82500
7192
8977
10192
18986
41963
20037
94878
98747
53401
23803
27465
48695
9780
86884
3498
51194
55972
2367
83031
82992
72525
12070
85048
13462
95323
41352
1968
62265
73595
1535
69418
64034
35420
4711
7080
80314
31364
89812
84765
29366
2828
96344
35914
34445
1989
97072
99950
15759
51301
84718
70568
24548
47872
57264
68570
12793
55171
63113
64065
53088
1754
69201
6401
43874
30062
30373
49121
17322
37705
10958
86611
63402
19366
61717
55045
59892
57759
97445
63365
45732
76720
80463
49292
24223
27855
16648
28892
56807
17908
44645
90569
16795
54678
66297
13420
63437
94508
26385
33509
93034
39667
25389
37182
95730
60280
78755
59290
38255
6041
34957
98760
1220
39428
34074
12950
59949
24906
52713
13436
22252
9611
45759
45412
98414
56253
52225
78327
88540
2055
16642
41083
71846
86435
16902
44542
69601
59955
27470
62627
63883
20258
3902
62749
80325
63923
26789
69351
6230
25628
87319
4376
8784
34830
27771
90330
22916
56507
28224
75729
70582
91793
19234
11842
66846
80088
34059
60523
72426
95527
51197
70358
38178
90232
96319
7726
67059
40003
92193
65111
70942
79486
2960
74464
11278
72621
974
27547
49936
5723
43322
80620
45029
90326
94889
44281
29644
21653
9320
27623
33994
71814
32593
6374
8272
60966
29273
84108
24516
83308
29938
92746
81409
45883
29103
67365
91410
15072
75423
87964
93937
6822
88992
69745
25695
31932
83682
23293
35443
62766
18023
25895
68417
11495
98987
52410
56726
30908
76044
88271
29308
14221
91772
10719
61427
35578
80487
74339
60388
5254
68867
71419
31751
77121
55850
84217
59698
27622
78053
29403
33321
44680
17402
71179
43441
55990
67031
20490
59753
73418
69272
9552
20930
94595
82026
73729
19491
86778
31929
93508
73415
31131
14799
16689
45056
62454
62375
77760
81637
31035
37182
63818
47225
41128
46808
58519
9572
64101
48858
40349
28775
75796
98040
65656
51319
82476
57343
59720
12131
32869
43052
32238
67394
83254
73771
14896
5751
34268
17260
68643
19240
56237
9713
56003
71722
78036
32101
30251
31579
82069
86388
25818
78960
34556
10272
52881
78213
28346
76752
37978
49807
61567
50700
93618
69404
26698
8453
77512
89229
37533
44833
59382
38610
32153
76692
24787
52213
43328
7084
58885
76854
97580
83690
55938
4399
37938
44876
93627
17540
24975
88031
43933
64117
50343
60748
33668
65089
63099
30248
64991
60116
92123
66625
32322
28338
39718
33666
49908
6520
94149
159
15884
1129
44745
58551
54291
34569
38583
24419
28594
56103
69465
81109
51178
28845
95875
3099
22799
21101
12885
18430
43157
54599
37457
19676
53687
85826
12441
95482
97284
52823
39714
72691
8417
88291
32572
66626
34219
66929
20848
57024
97137
68256
17859
78634
36292
42060
40602
7239
38128
6623
44873
67380
16259
95595
55121
86049
41319
17675
85057
53921
35078
10668
82615
26668
49817
38143
75524
98931
23916
97226
75959
11238
41184
74626
50382
71773
61956
9967
45724
15641
28524
48056
32683
85064
59217
98461
49270
66525
76503
83316
84881
91492
43558
77015
82527
78475
72822
29290
91881
52112
14365
18391
1021
60785
52901
8285
73907
69071
70329
65074
34792
22513
33511
34371
70701
9357
35735
90005
76876
25382
91330
49457
82466
34604
44409
58973
20853
8602
56783
46933
32050
13891
41587
53835
78604
55546
78470
76246
51824
4658
31442
43387
19602
84581
51237
75606
80257
70916
80582
50014
90281
92588
54057
90651
79687
79445
10001
81240
36446
4612
55006
89154
40679
45587
30228
33007
11842
52003
8009
41247
48612
33714
27917
65612
6677
61800
54000
59504
38167
86640
72125
96281
54675
17974
11463
16096
64144
93521
38739
81039
67062
52841
12117
52741
16399
39246
61432
5652
52884
5308
76973
68371
9765
38497
88495
7755
87699
87071
68490
43327
59932
90863
34929
37252
32201
69945
6470
93620
16074
45373
56477
76070
65024
25114
74683
11707
10077
82867
37211
64640
3225
84421
7490
20659
61316
55615
82626
83993
69310
67244
75062
52882
81525
56867
72302
61112
28170
30348
37624
24079
38001
89622
12027
50744
42548
74587
37850
40045
87068
66388
9361
72051
44953
43172
91732
25953
47206
45738
37845
93887
86179
20297
31653
15267
69709
59044
69621
31128
39481
90443
89410
68731
90003
9747
60875
34298
6623
7243
74413
34900
13434
9444
6966
48516
24296
70108
30970
17792
92877
79669
96684
39564
55127
91279
12224
56416
75702
15478
94767
29923
31248
15976
33437
10028
97945
80185
45344
83275
73842
39576
74388
95515
88218
34079
78274
73181
98995
82053
73013
65456
19548
37981
65529
94262
2883
7556
5617
85466
15614
937
11594
91291
6552
36256
45828
98458
27155
49317
5699
28835
49792
17352
76112
85840
50989
4685
62942
49552
55737
17170
4981
33584
22879
35716
10546
30592
14327
49159
55936
94712
9865
9290
8748
75423
32808
21673
62071
86699
94225
47745
11108
59724
35266
87979
23350
80838
53597
12630
65740
60875
52723
87816
48678
98411
7067
14229
49717
97742
43805
69554
96514
40659
85274
22105
17806
99683
21988
14433
15213
84835
14414
27165
25120
70848
77243
43557
33817
96093
83133
44871
65874
84831
49572
7878
73309
42447
86653
51905
6059
30701
32134
89304
81422
18588
40629
63678
3286
57347
65970
33933
14260
3460
81383
37741
67920
21668
99685
10858
53525
8792
88834
87143
42337
95677
93590
10026
30801
47391
45563
38871
19196
93636
47505
18900
11922
14384
88752
665
46241
26500
78159
2020
74952
97591
67247
11715
92697
9260
39346
19609
98811
84695
49320
71545
29171
40205
6696
86978
29012
64078
12797
80547
26805
56817
92005
9103
24772
32107
50767
87641
45840
11129
1577
39908
4821
21025
43498
17239
2158
69424
56437
25143
50015
42080
35444
99274
43312
91756
85658
9718
40435
38361
55954
22424
52107
27076
88151
64284
64246
51201
38438
78170
42473
25688
73579
7323
33769
11929
19058
90606
58927
7268
68939
41810
1184
4265
17469
1894
24695
41061
49733
1338
55539
13744
60582
36170
6585
16874
599
53114
39422
40677
50790
54614
98488
52885
59351
32534
18623
3522
25571
74419
17545
29344
43130
17348
73674
8793
57976
48867
27579
32223
32777
45054
67426
56154
72138
96499
98423
49969
30511
68252
68277
35136
2752
39774
15091
69022
53961
61023
30621
95062
81429
9819
98288
52474
44472
21675
61899
64163
49382
65759
53073
45530
65907
47230
41252
78667
33618
97468
52755
6731
57189
39780
69123
62625
29969
79775
53187
26966
12121
86592
62025
42637
93201
36950
52482
2742
84277
4571
40924
4132
36674
36716
33260
30968
75995
33883
13035
19571
97769
69020
57492
67391
80335
92256
94669
53057
44746
9960
14331
89302
69009
80071
60633
53557
55096
7814
97857
61434
56598
18018
74254
72535
7359
52587
31274
20792
20455
86592
61799
27106
42419
64554
91834
82369
94498
33344
62004
44186
4513
80431
55272
49083
6589
72449
53515
20606
93489
85884
54121
26202
14883
47234
41737
94432
41743
36359
14166
35551
13883
76858
74652
50781
51995
76317
63059
40223
98660
302
39427
37510
67077
31544
33576
87629
49327
19511
23983
3932
50977
80443
13036
49018
99210
86460
82702
38356
69364
622
74558
12564
67917
98671
33787
26814
39352
39472
25505
77810
274
76739
34968
96414
13611
56922
54301
65856
62705
71915
79757
78878
34271
72132
28933
26096
17034
89995
94789
86571
68383
87593
63490
13531
47311
48444
95691
38426
42179
10164
87658
46723
48057
2085
9887
41702
91295
55099
97221
99095
39687
1596
65757
27428
64536
33126
62424
82511
22214
61996
53339
89522
36940
70995
38515
1989
71757
54759
17550
33999
81119
19130
67664
53842
53690
32483
11207
41141
45744
61240
94992
95121
86102
18773
41589
11445
37140
31495
49822
2904
29000
45219
80870
48979
70610
86211
34819
89531
47187
64979
44955
27820
90356
42950
6518
30334
99803
99005
62221
58036
19887
87746
62618
32763
66767
40996
80950
67159
41260
28763
42741
36105
15747
47964
1202
56373
88324
20410
23349
58300
41834
556
10901
68656
15581
28522
87586
79940
4627
10861
28064
87131
58725
38753
31496
61447
67907
11011
65736
99175
69294
1040
1120
35553
15234
49211
50821
1940
18697
10338
34102
85904
9399
80148
98190
11687
25337
93473
89773
29720
63150
49228
1607
6140
87027
26710
70279
40598
70957
37635
95754
21642
68737
72242
9957
29112
21350
21484
4268
93009
11871
11359
5133
14987
43230
82974
28689
69338
61089
79287
18509
95099
81219
46305
88027
70144
19587
45256
34113
51226
54398
84825
84109
19519
53007
1045
6590
79846
13836
70206
62866
79152
48153
84915
6847
10538
77918
80665
72502
30867
31214
52930
37833
60770
71811
98571
99137
44200
35240
78668
81795
17096
29305
88435
59275
17297
22867
86222
84723
52855
85129
93845
61323
51627
38928
302
72315
76978
40174
58167
58445
79268
13812
65880
49948
41211
45659
81725
7488
98883
67129
5710
81490
17411
61721
37068
32399
7355
52213
62556
3018
92456
19241
25860
14098
43504
56764
56311
16357
4040
28836
26474
54377
43519
78943
99064
66842
9389
61595
89860
67711
4682
67249
15322
82575
49437
76696
11231
16810
83901
52047
93329
36692
28881
17027
81542
78791
13008
64411
65241
29039
18192
47124
61267
23456
45380
11560
44984
59670
74800
4329
62511
28987
33269
73135
57394
61528
39396
61153
41586
68990
99419
82347
71321
39536
89899
21985
80718
91941
79736
32630
79894
25440
59492
72721
47092
6594
47888
25292
43405
65924
11693
55736
54627
83349
6943
67991
33844
36098
3883
19683
92548
11813
44174
88299
62211
71200
68726
56299
62585
55094
4141
55134
23435
25387
77272
7244
15474
84860
8554
81603
505
76509
59224
1371
4856
8590
40622
5359
48426
14814
25783
21243
53319
80048
90470
27402
25294
34137
86347
42646
34687
30481
74718
95596
27926
82414
66746
62026
69747
24238
75576
45853
34230
9920
6492
73401
20392
31051
96289
81137
24450
45007
26054
45515
89677
80119
29535
19617
5798
94278
94537
10891
42908
91027
19707
93504
81221
36845
36495
76276
70231
88746
4774
39520
83363
32178
30734
86699
57267
47854
95144
7225
31610
50503
57700
19819
66511
8536
94121
40321
51308
84026
3778
9816
52685
86749
27052
89232
51480
30892
67715
98892
26831
83964
95263
52406
13833
33792
30670
70642
20642
77222
21254
19654
40413
91616
56874
55034
97137
29032
29893
3489
91466
70061
18973
80519
45787
60019
67555
79114
37089
2054
46785
41124
227
32971
42599
16784
58523
99184
57873
85678
56993
81115
91865
9846
71095
87201
58970
96247
53906
25695
11471
60780
11476
52183
4188
65403
32252
6536
29669
8336
4550
51235
96914
10974
73794
50741
29020
68225
35817
75336
8470
83402
50022
75221
24965
19979
76227
19854
33118
41077
28604
859
6190
87712
14117
392
23602
68210
69039
36830
41302
9757
39970
83415
7251
9989
85181
72712
88740
61738
79489
98048
98545
57819
82748
32461
31697
50555
73667
8160
59671
81412
9106
48428
94636
73885
67233
34515
48687
45170
4004
78123
83010
8346
91744
49772
66184
36563
52876
86814
40928
19989
26800
20455
3199
30260
64202
43103
26955
17177
70139
53685
85594
97773
85745
99321
57474
66832
39226
49476
89238
53100
63803
59917
66344
66583
15437
85040
94399
92396
32986
66221
59510
15659
8338
50342
97988
71263
80888
85630
15553
27308
90418
373
38196
1987
82611
24160
64481
94838
50317
80221
6385
79811
51379
88
69401
58934
21080
75621
65869
32868
1937
62706
2498
94970
17414
28619
63383
94075
96748
2207
2275
84837
81712
27589
27650
25052
7926
54234
40076
83593
89065
95448
67785
13529
54536
23532
74861
97698
51962
90134
87505
49243
60579
88013
93830
89369
9656
74577
95658
3596
81867
22402
4161
29303
53226
62092
90514
97906
83848
77756
70192
49711
40387
52664
17657
21177
60175
87862
366
67355
48641
75814
67819
17275
81666
88341
857
61919
60429
86348
48537
23258
22226
2387
55969
66729
20162
23095
63757
44427
95992
45935
48308
79609
84264
54853
18998
65415
30658
42192
62778
79715
28534
24936
9335
13694
74249
92412
25134
61821
84217
60771
26607
93270
77684
10548
4544
23181
91927
72920
74726
70345
32649
83719
55839
93141
63472
29677
98532
64574
639
91306
76623
99709
30631
57220
80969
58788
20906
32352
15845
82877
95881
58763
27167
14927
75346
19367
69456
30891
58387
70078
32784
63455
58071
8357
37423
83492
8616
17156
80763
68840
98566
98768
89135
57488
49441
77840
71133
85282
7906
92695
71531
1245
37537
29038
56754
35664
92853
86687
44512
77011
81654
42188
33478
73400
54856
76776
8446
39722
48707
6490
48138
75722
29710
73827
89624
16345
44567
85138
43903
95377
91144
83214
42873
69263
92055
15078
33488
93623
57497
48784
31890
2488
74043
51485
60687
96256
58354
57815
81290
93520
27426
67851
3258
18530
69367
67011
19463
28958
75773
98249
72119
29254
45457
97827
26620
49536
62576
48986
31505
78289
46172
78045
11248
68874
61581
49225
69527
1902
8
97766
26004
31970
17194
82980
731
94758
30368
24007
56688
4899
53833
18251
91310
85944
60418
65876
47874
74464
91674
39244
17788
44930
72270
3826
19632
83330
93154
85110
398
59496
88731
486
38638
55882
20112
49730
46019
36245
83224
35990
89650
28159
92277
89842
55144
8602
89055
69182
70759
95425
70236
65240
72873
75451
72416
76769
41477
95660
48627
2237
1018
77865
37154
33996
61412
43994
13565
11166
14827
13214
99484
55822
91098
74631
7988
40085
67578
19959
21364
19515
88192
7424
23636
3040
14296
43044
83357
27388
60149
80099
75286
75241
27737
76666
78087
83896
44132
61552
16647
45069
90696
29385
99182
77930
22326
82178
14743
83414
91809
3304
88699
20092
58300
43687
39052
57403
55500
96911
31337
55234
52520
4238
77599
48602
53039
47150
4524
67899
16305
22935
3539
91492
71980
54219
12314
3787
78579
23416
30970
82520
36272
98902
71950
33133
18089
30537
66880
95692
15029
83178
83514
541
36507
22794
41668
31435
39266
72958
74497
13994
95710
44728
67176
88495
86088
70747
94268
26015
50789
53245
47824
22328
97816
80091
10946
5721
49895
4409
13190
82928
59352
65972
52536
12991
7753
40506
35976
18887
8730
10765
22728
13086
18531
23968
47800
93339
66572
2185
72054
83651
69746
2473
16703
37247
98992
33995
7524
86272
10337
6547
3207
59249
69493
33708
52365
37458
21204
46992
63326
70604
68008
6778
99330
63206
51207
36602
41242
36500
65477
48278
74708
11207
11210
40588
39582
26270
48229
93790
69274
57668
63285
43865
6558
97946
56372
16667
6388
18003
30246
57839
60434
39624
87609
81982
98231
83458
43543
43616
59573
25298
25477
61091
95951
37859
71301
76477
94931
28807
8587
89988
6142
52096
23830
65170
34858
22202
50111
19486
34412
57216
18246
82747
21789
64961
79605
73725
2404
88455
61509
88273
77709
73853
29431
66724
735
59791
50182
18160
22994
12357
43201
9175
59143
49270
86929
54176
81634
672
15750
83245
86666
58202
79844
61255
20391
52654
31206
99151
51892
75027
5968
88853
11735
99924
2346
48896
48693
54292
72217
3000
84410
3028
69669
4421
2535
95685
69738
4139
75288
55823
19519
86215
56346
91701
41207
11330
1862
79601
23174
46551
41468
30316
15996
42100
82224
97949
90843
4992
87228
74356
96900
45345
40857
51911
71241
84460
13336
98084
76783
36297
86926
68060
26803
78930
95382
14309
30581
78407
66192
93487
31528
5754
1055
59182
14807
14329
88098
15735
49856
58166
26304
21081
43465
78725
89935
75843
75853
75173
80702
59249
2848
16160
54096
91204
83350
72111
31395
47587
55539
41988
22454
76944
58963
95931
813
1708
6990
86710
83018
22397
21456
16598
42262
4021
95650
74406
17137
13234
55563
58860
53469
12499
7487
48098
87058
84670
24953
95983
30585
53028
61074
41984
8385
58316
52999
55434
49808
43057
46200
41870
89764
1265
24046
38727
38920
80464
53690
80738
65140
77155
49903
78796
86384
5156
2910
79000
78852
46932
90633
69136
34839
83330
74630
8245
60404
69958
37819
16826
89812
60398
7422
27538
26551
13821
55041
71104
23640
35002
20178
59148
40783
63330
5876
82578
51569
4595
58472
34416
53912
20416
54689
71852
51156
61449
18383
31539
19181
7826
86395
65475
80090
85105
65083
42909
92746
41030
75421
5727
27434
87117
45382
74788
74580
80680
7129
75952
90413
40635
49875
5748
4219
99911
62555
85136
73618
32950
5679
13662
87329
70610
16537
92312
18672
52541
22812
47592
36218
23895
2316
31423
45829
4534
61342
10550
78165
46877
83004
64341
62085
87512
99988
53422
40194
43973
54557
81677
27945
81746
67084
5646
16141
50638
44052
92280
81333
16604
68286
8247
98125
20798
16376
79902
2192
96197
79931
89225
25923
27860
36643
25656
26246
64439
84124
79583
54457
23231
24030
98468
8889
42041
85128
47702
94398
14886
90340
57301
99680
31418
30989
79132
4572
28596
3269
2371
20673
33527
95742
9550
69093
72101
80959
1362
9345
83644
18115
28964
520
24181
12149
62643
81076
60282
24163
74082
95892
68815
73268
46462
82775
93742
89590
20484
59882
78062
80837
82707
56316
59963
56290
21319
81514
97963
42958
32093
20753
5566
66299
93830
21233
51177
74608
51364
85961
62887
94459
71502
85391
94169
27578
72543
30687
93509
33957
37403
84969
11090
65871
24454
32102
7764
54912
46584
65469
76582
81038
30463
61563
58440
9602
8173
35427
3393
16774
93131
80782
31622
70452
64408
80105
88996
80297
61823
67671
40725
26915
52387
91760
2455
78195
89170
36383
42848
90614
63417
57988
96051
89624
26964
92447
78365
48583
38658
61837
99742
21735
92751
25346
41997
67877
89176
65962
74943
65481
20345
62794
32868
24634
4655
86705
92101
34740
72048
22891
46063
7227
93481
31854
3228
54659
67724
49596
9217
75081
43626
54522
33241
6642
5519
61753
97824
21991
13708
14981
74170
84758
48684
22078
18648
29951
6274
57035
55474
28575
59447
99843
25483
21682
57595
28787
19495
45670
77918
54203
29435
82442
45109
44370
27940
59727
29961
48196
3982
56379
1655
86600
46843
63368
46696
72448
2159
23954
4407
98585
19224
96564
71490
83968
69535
2606
30614
15995
65733
2292
21487
90843
19427
53307
54737
89399
57234
2630
26065
59353
27142
11067
85266
27965
6444
64040
44140
43662
59005
25246
59016
2713
12204
73357
19422
91624
49143
81197
66562
46204
95007
52449
80006
29284
75765
97222
39339
109
6608
44014
96609
86363
83635
34209
31415
90573
74631
88599
69233
19705
61386
45586
47389
5164
38330
15342
71793
61774
29399
96501
99056
90906
24757
28728
16914
53463
6378
72529
76412
84540
4555
94406
66538
32232
31222
10466
54258
58148
95096
41616
86677
54836
8965
93512
56075
65207
9201
92514
50772
11791
66667
6909
50280
59854
36637
90814
76449
73065
16735
13240
29102
12322
95350
20961
84570
84127
57063
23182
73942
43474
55630
56759
30001
83085
82860
14785
59186
21588
34893
43637
56910
34332
85189
49879
57811
23924
12348
9444
27167
83028
54752
33107
38535
87418
9103
36965
3613
51355
35492
7719
84712
71038
21222
73984
52995
3
93057
14333
20768
98218
95282
88940
12199
45874
77259
72861
7099
26562
41648
92819
92193
31697
93708
56581
76947
65481
57480
72864
56712
3495
37735
82412
72379
10696
61024
56760
98623
27954
49691
75555
87216
72596
27731
59435
55588
63994
13695
82205
34896
29690
12416
73017
28497
26023
43941
20689
78318
18369
2149
32741
23634
88001
45911
73251
21912
5136
87744
19637
28898
80358
45306
7129
82636
497
68646
71031
76900
3773
40874
45329
34694
2404
17667
78691
29599
53241
87583
45640
84217
89
96455
85544
99111
65907
32916
40771
98493
55022
95170
88994
18088
4228
61557
8355
56847
11360
19220
79909
87791
32879
17146
27902
64011
96395
444
41577
7902
83319
17172
16313
78357
86084
89563
23546
4708
72155
68176
62242
596
81030
34402
18636
67263
38465
84119
12819
82346
63640
9268
41645
75613
70932
98707
33193
40680
61245
66999
48185
32275
12531
44900
31238
13291
69538
60021
50850
86631
84208
51938
3654
70396
36314
87340
81968
35720
57313
27236
94267
13188
42509
29433
54
40747
21783
21386
44492
32857
17696
35000
30595
10178
65265
70633
19216
48902
32013
12031
63179
7339
19592
42342
67068
72232
27643
32555
7832
77832
72012
24997
38398
63077
13981
46548
19219
41611
49067
68230
4267
22063
8411
98967
20540
17973
70503
3750
28957
81530
73465
87207
85283
83686
77821
56358
64658
98101
28588
43623
98829
66059
33227
3161
20195
74453
1872
83695
93618
24957
54462
87234
26277
8624
55040
4370
61093
57913
73058
26063
21908
33300
36747
15416
28903
83206
21864
29100
68835
54656
95134
70386
35996
7482
41870
31926
46243
43081
97737
2123
48137
14619
2223
68283
49389
46341
84844
38726
29682
33931
10268
92289
14356
45701
17338
10708
83413
13612
97744
91949
8987
59089
6020
14705
38895
84455
84406
53224
41283
73614
4723
78944
33581
28456
70838
425
57440
2174
43438
71809
28247
82586
36341
94718
23754
55959
34431
57450
61489
32022
76393
83157
99253
50693
1199
26913
39044
87431
62074
36256
61876
73630
42560
3537
99700
25628
30276
33132
84478
34999
19878
89943
9885
54545
41935
6154
28750
99078
50274
17447
75405
9100
72571
29899
42861
22266
32853
44254
68939
39276
98635
13650
64338
92252
61560
26178
40922
95057
61787
39980
57409
17480
34467
36712
23656
49593
34506
68943
34709
45042
51195
6077
74365
51795
12438
45899
79190
82129
77035
18599
75938
99476
31079
49891
67461
43227
15230
25401
49448
51777
98047
57917
22200
63586
38223
55316
68838
58869
73223
99190
20909
10446
32990
68590
57665
85328
98261
84369
49502
58863
57593
53493
85551
89861
17661
91797
36276
30008
49826
31775
35424
40697
91189
27793
58971
62296
69248
37433
87554
22118
59118
80150
38321
6698
65580
13786
43864
34247
92442
35993
7338
92157
28983
32142
86515
31617
45353
98773
26814
72655
53136
6836
4037
92658
36681
11979
92898
87803
37610
39622
17994
4676
52609
2826
99169
97321
70190
77867
82846
33679
32562
70087
41283
57060
742
56222
15589
6205
16348
52999
44404
29244
72529
48059
74022
18960
62758
32035
88927
66515
75255
41133
47754
90989
24043
6876
2435
10180
24515
12437
9002
1127
4465
54547
90660
22153
50303
39787
25000
24987
74495
56959
34610
80523
86848
19457
28947
98560
22816
76210
62433
59282
16739
535
48130
45185
27377
80340
5021
18855
8168
26886
6697
60682
18569
78017
36918
42048
72421
37559
20510
44046
38638
29329
40909
12567
60112
52288
24622
52750
1602
17598
9031
35030
15007
23489
96376
25805
58040
88686
48905
82145
34262
27255
84245
47604
5138
98575
26569
98914
61545
85166
94120
35688
50202
42049
54335
53967
63912
50935
15708
42526
76916
23412
369
96018
11569
22216
24891
67213
80837
25677
29557
81206
59093
48147
43115
34713
1473
94839
60254
66536
96069
98520
86943
93435
34659
17889
71167
636
6893
32718
14072
26787
97485
47088
29011
38733
1230
49581
15915
42129
16708
94906
18570
92798
46633
54069
86592
82406
49908
35645
37001
68098
13480
71404
21160
11794
69570
18263
52617
6139
41474
14844
66862
32658
1394
90332
30421
3846
18469
34143
8831
87063
71751
34481
8455
80773
19420
10505
48296
14817
52926
23151
21983
88746
77131
63902
65323
40770
67506
75847
56226
10413
97531
96715
61284
2326
89699
12589
46235
97571
2919
38776
17060
1566
23945
75070
54140
18271
85716
22561
19165
33648
34509
40360
13642
48682
34721
16225
54695
77386
93211
86148
67560
60665
76503
99149
48157
35384
21600
42470
62045
89797
13248
72556
72867
74452
60704
62740
98536
77412
86227
71046
62125
64393
14244
19853
19366
28216
44842
19172
31642
30150
84412
59728
4936
43095
54951
47439
40934
34708
95787
48170
96096
56685
44596
48078
44389
74579
26295
36088
15677
56036
25794
48218
1325
63509
37187
48464
84995
87857
15518
40330
84716
8917
36544
3150
87091
68417
34080
2528
98501
51512
19216
59071
58376
94396
8498
3914
60447
71775
12788
97519
65629
121
32478
45076
38473
84701
2478
45058
2539
22457
19629
65314
74685
92998
4735
46718
21863
5109
21946
154
88562
1332
86691
29691
96557
65854
78074
94769
47156
78043
81344
46973
39291
88039
39166
61044
91258
79635
44132
57827
86248
52211
16043
26931
2181
92373
17803
45864
22863
59478
1001
33037
55260
70493
17073
66495
93856
75818
33216
98834
4105
26562
69951
26667
48978
2625
46911
12631
41838
79649
24141
14741
43494
68785
97607
50690
32130
7234
79698
97697
16262
67276
44384
65607
69663
55152
72227
2270
59200
24955
21467
77451
3917
49956
50891
65503
6576
7637
5662
96271
97383
17657
62672
15925
59120
82522
24430
28884
88500
52141
92499
51879
46201
87738
359
56317
84354
43649
73311
95167
99715
29174
5625
28972
50324
49709
41063
87004
11857
47330
79810
34055
22018
46597
81439
69138
8832
80856
41781
69576
39261
81312
61657
44651
1679
77900
49675
36574
52394
33285
83415
67165
37876
91221
63556
7527
34755
56739
11869
37222
3577
85979
15176
50161
5114
39421
68157
84850
78437
57209
89876
88519
26711
45089
80584
94400
26362
86402
31850
91162
43432
30179
96710
69368
98328
97464
35722
9533
24010
74782
17478
97311
72848
8792
19108
53299
8683
26695
14941
70442
40596
34443
47370
70680
81176
88547
66586
63602
42345
68119
37500
75519
95365
60689
1827
4886
54545
1304
62727
76188
68140
92596
97522
74528
97201
66083
34488
45712
609
60402
16290
62563
36283
32833
7970
47286
99128
59599
22456
98232
33895
36439
85859
58267
79025
27349
76800
17268
9819
75960
83723
24238
69951
76635
79015
89958
33205
72691
11169
16777
7324
69463
59167
9406
18959
93320
37322
32297
99486
68950
89862
29393
50370
92876
4946
77156
10486
22224
37170
42338
38004
7060
75988
48615
64252
38133
24482
98271
41891
94834
90036
53876
51618
12769
93213
30022
78772
73369
96157
85475
85573
15791
55742
97427
79392
53748
75356
57961
77372
29000
81073
20918
88550
46906
90208
4128
27638
45619
64368
56987
49304
24350
70758
68755
80763
35951
43534
58142
31070
21938
27059
62272
91856
55335
31021
48296
4500
2190
63456
59433
4347
64475
26564
27953
99019
53142
87134
85036
46650
48979
4363
13822
2417
99776
48269
65177
45920
40093
9461
79493
73727
87049
3806
96826
51537
15364
90865
81640
49217
16882
19491
68420
81855
70327
14430
69898
57382
18296
45760
51309
95168
54700
13617
31028
56190
82570
27070
90739
45676
96724
51849
70602
30435
23886
40521
389
95570
74108
66655
62533
64033
36070
12721
13287
71576
17712
96243
36829
64943
9478
32622
51101
24936
55914
79865
71822
56516
20788
58367
30333
35110
94297
50909
55198
81975
76743
9436
96066
20191
63523
5673
1773
42769
54785
52324
52627
98096
54205
86940
81255
80057
72787
82695
38845
86610
1850
73907
36652
92010
11584
2470
29621
36824
2181
14319
72323
16324
26374
97416
54723
14436
63916
12447
20443
55578
65034
64384
28102
77711
87261
296
31833
46170
15767
24517
76515
41117
98753
59377
10280
26825
78889
89455
72993
52357
37183
19686
59793
60181
18566
92354
27219
28409
88358
69527
76722
6169
99125
42199
46103
56551
74573
99740
32123
93883
93130
41961
80796
35208
79205
97379
3075
2515
38906
28540
45699
45737
48480
80254
67665
46527
55254
50745
3274
59412
61567
59347
27712
45641
45272
26955
44356
88500
10845
75650
89483
36372
62626
75054
50625
53549
17703
36143
87393
53565
22146
19921
49557
70798
80945
71500
50455
17833
2622
43846
18764
8209
89162
67016
49686
85447
99028
56092
42620
52755
3111
49379
25629
44059
75071
15413
31130
49920
44358
94762
26917
21295
28118
83833
17318
55010
71629
34496
96041
96091
79234
2517
32241
36892
1379
72020
98152
24970
14181
55684
56453
23874
54811
16781
56385
53928
58345
37760
36510
62870
30513
34949
11106
59933
21106
34444
64333
16807
46950
60589
62772
53486
35173
85183
47905
17658
85222
91363
74714
65001
55800
9069
34878
68860
58527
23779
17033
44455
1579
54711
76514
94220
44802
27778
91547
27818
12808
37335
13902
38879
25435
25152
5429
66556
54831
48220
27450
61293
7070
66144
56409
20471
55125
6306
9887
88247
73194
39350