8300
10160
16875
84199
45985
82108
70639
91565
34269
62286
44477
81606
20383
28992
78067
80893
53592
98042
75617
21470
19450
80561
8347
7913
17906
74717
50450
68634
78734
55541
20315
35529
55374
87279
74425
34419
32538
12809
83611
24005
60047
9132
17493
63811
12328
853
79556
53033
60261
78569
967
92626
28082
28587
9350
8603
95997
600
741
9763
78435
36420
27974
71989
95408
31384
83455
9815
70458
88874
47696
59717
41183
85573
59740
1505
74784
8741
84019
16918
36712
5466
27774
92719
20742
73647
4003
55049
54985
74418
80664
67283
27573
85349
80325
28931
58044
12839
94726
60663
19732
80589
93488
42767
5416
69695
77506
32971
52342
83523
98390
32048
19013
41456
10246
38528
72523
97515
38586
33587
62308
46705
35370
46048
82079
95370
75009
52692
89885
26643
28042
9608
56842
38081
53461
60171
85155
82177
68006
31325
32903
90555
22378
92569
13062
22745
55092
78256
16831
32157
65234
61399
22491
24959
54727
67885
78804
91765
36484
72722
62319
84998
2526
96621
22300
373
81031
63417
35250
60207
94994
24539
91122
71620
70286
69722
5328
15678
95122
89151
11858
11518
63788
8139
6111
43686
35659
98445
30710
33510
5903
19040
51653
21574
83402
82080
84998
13579
27331
83007
18159
51685
49781
97834
6474
50574
42754
41490
17529
49481
86756
84047
33491
53623
37327
81055
98676
35115
83913
98305
37765
50987
56045
61173
80840
86517
64176
26406
18913
90533
47275
28791
44028
50178
3560
60545
53923
53235
39897
5789
41316
13585
39837
65234
1958
4770
82273
88194
64440
15554
92182
816
75477
83380
85710
96350
83569
76705
90539
16018
26551
54858
91118
27885
45863
97704
25905
11200
32176
30122
39074
97976
28832
68108
88283
16321
43446
3528
7492
60140
64638
32066
56138
45315
69425
24884
16903
39795
30822
19399
6265
39495
73489
91130
68674
19400
42403
77207
65012
96971
92745
16607
57839
21246
10832
12650
23758
60389
63532
56139
19590
14425
23387
82701
43803
67746
41258
56139
61839
24794
84589
19575
68343
81425
51810
20139
58191
43273
19989
48750
70763
54571
44444
98056
91627
10961
30457
30142
14608
93768
33446
52378
41979
23077
94000
56422
77357
71728
66062
61270
59251
68477
95609
26400
50107
97858
32177
40979
18333
252
8777
53260
21622
51335
92476
75237
85161
5603
16393
58250
10486
59254
89759
62187
52880
29570
51764
55237
88159
91273
46039
8784
45659
47179
48913
40521
55967
18192
57246
68410
8100
68115
67343
86477
82209
10089
22143
1802
61638
12205
2162
31539
94930
9670
13318
7950
86389
79063
71672
72761
29045
79231
50055
66297
72660
31017
46133
65480
27500
80682
48717
28887
1145
5953
95800
84926
35439
22077
84894
87615
43126
71520
98987
54964
19347
19219
12276
5763
26078
31789
79373
28685
2159
31352
28922
43187
91273
67474
79294
88160
76996
98587
33539
4251
56458
93768
24175
73010
40272
62853
49929
28004
92004
42834
2087
9401
53552
14840
90577
60159
26115
34793
48082
88433
10217
72673
59271
32157
29167
53702
87609
25158
60950
20668
28592
31561
53893
97538
18073
86387
84126
43970
86415
68829
6737
79329
33640
30487
55355
82615
3472
61249
51528
87033
7613
62038
47085
27473
80997
69843
43883
61558
77982
21351
37677
25154
5173
19551
19041
12313
20953
48239
19156
44948
10996
24852
37481
7430
54028
67997
77928
89105
76855
64845
94809
79160
83468
95414
80603
45324
66338
30636
41759
16662
98873
58601
72795
11276
8999
18700
22695
28704
17941
27755
67948
82604
71079
13582
5339
13037
71625
75651
53377
36755
84975
21793
8730
21111
53335
28584
81795
30569
94319
4444
38872
54128
62124
94597
52823
52146
54647
39654
27188
60207
1498
33822
56034
44589
20719
44481
52682
87325
47465
3324
62758
46526
76550
48220
52730
97130
72902
14768
80962
20665
69063
30199
92047
34309
43197
84619
43804
45557
88100
39249
73753
96220
97313
59680
64333
35608
39830
36555
21510
59964
28514
84408
11348
90696
10284
56686
193
75323
56184
83316
30351
21161
92733
63220
19363
95967
80792
81192
99831
21999
47159
38416
38657
85502
7422
74465
27696
25524
69907
27758
68592
77584
4411
30642
41148
31615
77940
97501
1334
66571
1132
67644
92856
2842
16771
81225
83134
5936
43860
73793
9390
24412
12331
85175
68518
95871
8548
85926
68115
91733
98610
52232
75676
17154
73114
61200
80816
90509
11582
8217
19210
75560
23827
99617
98189
56220
61460
88867
48238
30340
75981
37691
99495
92359
50115
32575
95796
85644
37864
78716
3245
96009
28959
61603
68977
82876
87282
19400
11273
11691
3973
13560
14316
72369
7069
14268
89631
5584
85986
71986
91193
83168
86908
90130
55088
91441
34184
46010
56943
4791
15426
7021
97466
30890
82097
79522
62430
85392
48680
757
68913
93518
63444
55978
27316
16259
46313
96172
32534
45817
69155
79234
70750
31340
93103
8067
44514
54215
86381
37425
95826
43400
3091
99049
64953
63910
54571
77696
75827
38080
14653
72368
88059
96534
21354
2349
92041
72373
55466
18338
22039
66453
58715
51790
61523
68358
13430
28950
44319
30572
51909
13607
32095
5954
63529
43920
15409
23316
2231
23159
64897
41110
69555
2035
54718
83231
77166
76780
62412
51831
36475
50631
92231
48008
56714
13784
91852
85098
71128
69716
37477
91762
31337
25248
43620
95386
61444
77181
58449
88501
45492
26634
14430
178
56930
35935
22491
32269
45777
28505
43050
85527
82373
80244
20072
42266
65277
80259
37819
78001
23912
73532
33589
68423
38840
6609
53684
76119
80618
35279
67556
20208
58980
72816
61428
3951
95786
68291
93991
76345
86642
43069
49589
2916
27697
45168
25219
26666
45010
58392
62281
29963
15341
84382
11201
67776
39915
71159
59488
18549
1914
98888
96799
88724
13365
44131
71321
83567
41661
2719
50672
5654
35416
53858
25606
82170
99696
67139
25662
79449
33880
27721
72867
65221
14966
91809
29462
6728
31836
3591
72488
41205
77812
28366
40759
95228
78703
46546
73842
14773
49667
96398
41426
68037
99015
43787
48732
32946
28156
63617
39928
44334
92480
17669
8838
37824
31024
43200
16848
16171
5820
52445
86288
56989
6286
73353
42879
5238
95841
80315
51255
7329
15629
14328
65506
62302
72840
40890
24765
81846
62065
25576
46051
42128
49045
12239
34863
87438
89551
53508
89656
78061
21041
24368
54268
48987
8349
85476
29407
72303
54633
39014
89281
76461
52797
77733
15308
64296
50541
23128
99862
99997
25950
43740
22180
87027
90634
12014
72476
60019
22339
41569
87837
36408
64065
16178
88816
45096
8109
17766
74715
41861
2470
94165
96300
71925
58752
82632
1977
13699
20695
35813
98051
55300
66096
40276
25686
46766
69776
39382
69351
35522
47035
91919
14251
25916
813
28548
80108
44911
1422
85968
93031
84082
86400
38236
67962
7002
83823
35597
94112
12488
50338
17598
26983
73410
8731
57905
98550
85721
75996
83453
61610
54507
25160
76140
56527
84816
18604
34005
87521
92279
83652
88827
4290
64649
9841
51641
2370
66372
52691
48217
52312
22795
66058
76389
91666
57066
52951
81984
49052
62817
37283
24073
29899
79975
2132
68972
58580
42877
66486
85795
635
11835
59755
37374
50130
28381
86351
45639
38657
38457
99528
69073
8164
15550
43238
1539
26760
56517
19113
1183
12443
3246
26126
70888
73194
43620
99792
67441
44428
98301
5836
5034
41397
85921
43791
84925
35552
15569
27031
8891
55296
73489
13864
80761
4395
64606
28963
13605
29238
54294
87256
49466
3173
99858
74594
80920
63262
60890
98511
82490
61473
5198
78637
532
306
99495
54486
1051
13662
3822
80048
32279
60247
81335
83994
43183
61570
27463
6120
90756
93093
64224
59475
5118
39249
84186
26718
85288
78594
40369
22014
44058
88325
28951
28768
29181
22886
24571
63278
82123
86113
3624
73348
35655
12025
71555
65425
5186
26253
77437
39954
86570
2985
83529
72879
57466
7213
28596
98909
21366
41376
39623
6178
34842
11753
58541
4565
26881
6588
4434
18490
65957
91447
78133
61620
9610
18373
76228
37168
23429
53487
55601
22152
55283
23887
37048
39021
24440
15148
56140
40028
46884
55471
73507
59785
55765
3348
3934
3335
82010
46911
16287
44288
34921
29958
84406
62816
88042
52397
4578
63658
73674
40361
45488
7149
991
21139
42562
77176
41220
81468
10406
6135
42020
85192
59494
97146
38615
77524
84704
296
64566
45659
47872
14962
29848
79221
29521
82405
37485
73369
26662
66052
45004
33787
20087
96125
67972
16569
55793
82678
47212
60169
27102
90592
73762
65303
6794
71472
26681
94192
79626
51943
91201
37742
89309
78158
70453
72159
17355
30350
67109
81513
70216
13219
77811
8162
26818
38903
59725
16240
93864
33588
73957
41739
69926
14374
13543
17109
57793
23868
27267
42472
20552
69356
73655
76051
36184
44757
47723
97251
27453
50153
80459
92067
18093
92776
66683
13929
22550
92891
22450
73631
87485
15734
39904
52974
55327
59466
96363
6747
39845
11285
48270
95011
7774
64890
45262
51429
11959
29683
57608
52421
82901
88006
22369
98163
69226
88419
49104
23612
95279
29624
95384
22952
28392
69800
31263
959
97358
68642
2348
8609
86564
69703
85823
53230
72594
94883
21422
55840
56586
87302
42757
59644
25541
76097
28976
32549
23561
59085
71016
17492
25558
4758
76154
43488
15357
21995
4049
46027
83044
27303
42486
88305
30288
64703
98116
67921
68867
6660
14181
43090
62400
55689
60862
41630
208
69315
29953
57607
17167
98563
70784
81106
55486
53012
86162
94152
98900
37605
96049
26774
2374
97569
64026
26083
28626
57252
3507
20789
11412
93675
12602
86336
30015
46334
79966
64957
48617
69561
42400
57328
67512
62585
44896
55192
37123
35090
91014
58910
32212
7243
69552
52061
84896
6185
66483
31768
45403
54141
15545
48110
18987
86302
55935
48517
86710
91825
96483
26675
19120
84121
2859
30493
58481
44221
62608
42187
77492
87185
60302
72620
87716
23875
16605
62111
16613
76986
6837
35593
12722
26736
31255
39237
36907
5287
71182
22380
11575
19604
69963
49533
35703
48931
59587
94542
74793
50692
50882
26385
15399
31920
62904
26843
2139
76040
16158
43295
75960
93300
55089
19671
86777
920
32179
30463
59441
44173
2917
91799
62008
63571
13670
21716
76184
33617
95137
14383
75588
55131
53978
3384
27272
5725
6849
94769
6779
55090
78131
12503
98212
27102
85726
56267
89017
71526
62069
78821
90383
46663
29707
45837
80019
99881
80522
55309
87574
88432
56356
88641
33855
37968
20997
81163
36184
6057
50803
64097
74888
87216
41134
19038
1193
83060
30362
38484
14089
23473
41864
12348
370
32902
81316
50428
87136
28727
44273
6823
3560
87102
26211
42990
77498
27210
7670
14058
69947
97542
33683
64994
86684
44947
27571
1389
20203
86733
16583
76957
22552
2950
63277
89245
53314
77799
69837
20480
69813
47666
264
53196
46086
10392
83541
97299
72437
86537
59811
16467
20069
88257
91330
31716
1918
50133
24317
69506
25528
41563
40426
15955
73913
84135
5072
7596
88576
45641
27069
38058
62758
83005
883
94300
48958
84946
10466
61870
77208
20377
10801
50856
95178
7945
80722
56545
40728
44752
97300
3439
92496
16006
34937
49099
31191
53360
64428
18477
34149
42927
19535
9797
45284
68493
15666
57017
54460
47036
12595
12569
70820
29230
36754
38415
92714
92262
16225
995
47366
22116
21435
7093
93222
17729
44758
51763
27862
46860
99324
76347
31021
53670
43494
98135
55404
48345
63505
72718
71116
19388
81422
74723
31877
6871
36701
27075
89098
9117
5710
27172
34957
90696
86542
98375
74577
72144
5196
8977
3220
76776
74100
26804
58260
84568
21422
3692
51306
64120
43264
26957
93240
91066
91925
90324
63015
3484
44669
41052
12372
92030
83878
66293
19723
75207
5353
80935
24920
82062
23183
45615
38777
40777
448
97316
98946
10315
44835
30716
34727
60600
40324
72580
29316
68169
39368
49370
18655
77177
99667
54771
60239
10659
39990
67368
86383
81585
56654
26699
7726
8520
59289
10406
37264
21807
85674
8579
45580
7306
29320
2572
82793
77262
28542
31161
14063
93049
22694
71144
45160
6765
88349
10340
85007
10597
90158
90183
83705
87706
27160
60220
9817
80862
83273
81175
92797
90222
19179
50989
7387
30818
89225
95752
51264
21717
92550
8405
28185
30320
17735
46340
20972
55458
85644
75636
70991
92714
66929
68964
56157
19073
66665
25976
98625
16684
66432
56134
60927
32701
84766
72332
30454
8860
64392
5787
68966
11071
42828
20621
31882
57861
45466
97353
90126
7381
12083
96309
44612
55723
22090
66875
87949
24462
63119
28557
86230
5489
72359
84035
67969
81099
40991
54728
93722
31120
41469
1827
55197
4251
26038
51489
15121
33637
76975
65260
4389
91916
19830
92540
77896
88778
80722
62592
48350
10375
15517
76854
65999
18145
53948
21508
18631
3322
64829
63515
79579
46776
25157
20971
93210
48723
45111
34822
56829
8622
59791
42682
6236
26866
79234
38849
31129
99576
44731
45422
99856
24695
38899
52112
60780
57086
54863
82247
11454
17050
94392
29773
29264
5928
34275
78774
49090
58866
16820
99226
6062
78250
61591
83149
41056
36292
74819
17237
5932
54189
4966
35183
25913
4879
47892
61785
91814
4729
33362
3888
74179
71551
96552
31744
68848
56637
94189
70665
99410
39640
78741
8629
7835
71843
81823
43846
2692
99638
82552
95030
93356
88774
7803
12949
27686
12716
10721
4564
85010
87469
82376
41159
40522
60975
57897
76730
44024
94789
18274
45829
58235
21727
52645
52616
37761
20141
22205
75678
17177
18050
59606
62643
4534
80287
40852
62337
41156
93955
90541
82101
51597
39759
56685
31170
78022
75337
66
86922
58285
38839
29170
68710
83796
84186
42540
51332
1907
35811
19860
92966
3170
55902
18461
78932
71557
60941
81625
75364
38366
95211
34663
34341
65327
55614
5819
57098
46522
40575
59538
19307
35077
40039
11806
84480
6246
43394
79909
10990
51417
49690
3879
99045
61646
2698
97502
47271
94963
45423
34560
27648
70164
87103
44535
94596
48473
24777
76291
92493
99549
64890
72664
24274
80685
82621
99998
60402
33487
81617
64525
19460
3794
75400
17489
43263
49707
33580
72562
45402
14132
44949
98645
74019
92552
81433
4246
66134
15111
30193
10642
60943
94986
49432
84009
78856
2185
88961
50366
9899
78590
63077
12168
17686
69634
31355
66664
22981
61356
45998
98920
62089
43496
18337
64617
34058
69416
45938
11634
67012
91270
64778
71826
90789
40091
70597
85959
39031
48003
17558
38830
8735
29428
83972
73619
73499
1856
36731
74853
83457
31095
15954
23059
73253
12915
94513
29813
14582
25431
18481
88468
93411
38
62900
34795
6184
90267
42828
68582
39520
40355
40663
32419
59853
95629
58721
63567
66735
87655
81995
51524
28069
90685
29204
70322
21098
30416
83209
66439
39394
89704
16114
56967
16736
5424
30886
68248
16347
62383
67765
25094
42992
56094
87262
13378
28644
17461
42418
13505
50740
14955
43978
47649
53968
41178
953
96845
98930
30864
37173
23050
9182
62867
54402
74364
14942
60766
70874
294
66042
28580
50789
64574
37412
77820
84569
23365
59570
17910
48838
98260
21227
53330
93043
29731
69633
30176
87404
16673
26946
68316
13448
11176
86476
16775
72156
1439
81430
25735
83997
54296
87924
19267
85231
50553
39009
93369
4581
73776
60015
45864
96624
25655
18748
16764
9910
90613
41374
31537
93592
90808
40750
85282
7024
32977
91601
99810
24784
67504
63581
67205
54629
70609
12829
83001
76817
38124
79121
97541
75721
72052
98371
39048
95988
81241
25765
87844
41673
80573
699
54818
69527
80763
46826
47671
44949
8790
7101
45639
42968
3759
57590
112
40365
83029
64443
93292
33138
16888
27844
29952
10498
64458
86264
47849
82351
20348
68965
93304
22806
64581
71126
79350
90182
54898
59039
18282
58139
6448
32077
39546
51567
12124
48533
93825
20839
56542
40188
93486
81245
14966
42073
63090
41885
82086
59883
32073
40051
56675
79827
11388
17080
969
72304
34962
85873
82191
11883
34789
32943
63029
4027
36105
24548
21140
54504
42977
81696
64228
6580
68751
19063
11030
33422
4635
37928
90035
16135
46511
88620
26559
17063
586
87388
79934
96306
15180
81402
86273
26179
12181
26585
3848
6456
41518
29348
81898
28660
25028
28698
32333
75246
18403
66093
44338
86535
46098
63555
20709
59233
86900
7384
76225
23743
29560
10563
19013
88849
41785
49034
78228
99681
34227
48065
58997
82712
72233
4602
89397
98300
74451
30579
27526
41652
51101
94066
56041
38508
76021
98312
43649
14874
75550
6589
86152
80126
30077
41491
55518
76162
11009
50207
93517
81826
65014
40646
17696
58519
67587
92845
99735
97853
89032
79687
49598
51403
98616
85577
98510
4533
53447
90249
33560
33474
66747
7454
5583
66435
12497
23505
66826
78711
83796
97158
71589
91746
51906
8716
36324
32571
6574
46682
53813
98363
14488
67920
21480
96503
40714
78103
25640
63150
43245
51884
21083
92880
852
48743
89664
55106
14184
36091
12202
78622
3190
83637
83725
75440
98466
63606
59747
59324
3948
56259
12929
84065
42561
35455
21145
60373
38194
79947
14826
82606
71776
7419
15126
51711
84470
61259
12918
28517
53799
13145
20104
78421
37021
22490
3647
61847
75399
8793
8771
48702
80417
82680
48356
92233
59444
12030
45308
67349
3155
89092
9146
96860
10289
86706
61050
39491
36290
43844
3497
55279
99630
43612
18567
7875
59501
89532
73936
76559
34500
13971
70104
43987
42337
52922
86947
27721
40550
77728
66442
27311
96831
65468
46066
2578
91972
59636
97211
91305
98521
88787
12794
66833
9127
50382
73765
67882
7444
46559
60973
31304
57151
19850
67072
66467
44888
948
94143
75818
3833
19068
79865
42961
25409
35815
51321
36223
27173
9847
8898
58590
23443
71166
70401
47229
1466
9027
40656
82382
18224
98331
65504
59719
2119
35206
68155
67298
74883
29770
28244
78454
11499
80047
12473
88864
45519
18348
63770
23062
69429
32164
29434
78227
84160
58551
94857
87086
68445
93707
76222
71437
89405
38837
83805
22767
15716
1432
71312
19502
55970
60194
90620
88087
86170
83604
47196
44087
46067
11770
3556
96338
32060
63428
92403
77581
48382
32615
80334
36129
33243
11293
44472
52019
52316
55005
68362
36528
63359
5227
76502
72301
9003
14368
96459
73844
35581
22008
53771
74894
23951
76935
87754
78129
14951
62298
55782
5247
78468
3444
44814
73976
68238
11053
72402
90092
81936
59409
59701
13870
38821
41195
24550
54521
22765
27758
33388
7164
41359
52493
61209
63631
79578
64322
39172
31141
24685
45932
82182
36415
21842
88067
53874
91027
64795
96579
61174
93333
62476
89180
67451
50665
1284
16531
45056
49001
87665
19553
63688
92426
25809
43153
31313
7925
85413
64145
41583
40824
46500
91453
8853
79675
58975
58586
27315
62691
15389
36706
21047
15594
23718
25662
48923
26391
43524
11890
96982
9479
26847
94516
65698
90708
37987
10379
95707
15544
12914
46623
9951
1017
15052
72903
30930
44220
22205
48524
74096
28221
83500
71036
35355
37916
11319
23630
86394
97156
22109
74937
95949
26239
53005
20412
35790
30096
4251
29252
345
29932
33578
76634
61644
37609
59589
29598
33255
30238
28305
3047
99616
80119
73860
328
65376
94662
54385
28258
12449
30076
30972
93240
28997
57497
74496
77517
98805
70191
18835
70233
8257
62597
41551
47761
92221
92111
10078
81095
3917
51444
48096
8013
12044
87364
411
61445
75802
79210
96577
35576
58666
31567
85132
62738
1690
46899
33782
45498
33704
65264
7161
58329
17430
45622
21638
85490
18189
52900
13860
92008
55859
82264
33290
5950
62375
27776
93250
26668
34115
52775
76348
45883
79580
99950
43461
82123
54852
58982
44765
29266
56518
15013
62392
56503
92495
71326
70977
6629
30731
39624
51399
78836
61192
57082
72439
68768
75853
35042
21638
24953
4157
12766
2031
40581
10853
74408
99001
3955
4102
37665
57748
12879
60413
2152
92386
71808
13021
1578
91790
70615
79600
78584
72958
90757
36111
24457
16980
85892
32661
26114
12736
61164
33839
64120
30174
7125
96434
16682
86526
30448
8481
78816
58322
24369
48312
7184
50060
8568
93665
74420
27666
98508
45371
69115
59339
4614
46422
78728
40197
91267
80215
78760
16054
91713
22857
87385
73615
26556
41104
97880
33508
22179
67609
39451
59948
67945
15353
80166
75213
15047
99218
54142
98655
42056
50154
50289
78765
97822
18401
63333
77324
57088
34793
21127
23980
65383
2375
17477
93156
69764
27783
45666
85779
74589
46526
4876
22161
83360
29534
49782
86898
13684
21922
78628
77521
8808
3929
32373
86138
87954
15441
60928
33441
64376
62179
72501
51162
91889
54189
40425
1552
74788
97607
69414
79328
75783
6769
4794
14578
72735
17153
20440
90821
52026
88153
8222
41458
12496
51526
73668
57478
16880
59301
97525
29963
79873
86241
82769
33053
50810
95890
219
20895
17123
90492
2807
23070
56526
36205
42418
57681
64799
3387
70086
84173
54524
55724
81377
8017
56752
12420
60556
52371
41772
86397
71225
56375
92464
53354
7392
29984
82097
37411
82139
75215
88587
78053
21463
36804
19906
934
59358
9585
24156
96663
43331
65269
80753
46600
46204
37168
64637
13420
72514
1472
83902
40665
12007
98903
10618
32165
27994
67405
75454
42412
82520
87466
61377
83383
70118
57202
56391
92743
93646
40050
61272
88027
23859
65261
53186
24877
62654
69191
29921
2948
45409
25893
14781
69439
31730
33505
87813
98388
30162
59972
66730
69884
49738
30215
428
79160
88999
85645
63549
60764
40713
8734
16595
96336
26916
99064
40412
99842
68861
21281
75766
84227
14807
38322
36578
24055
77877
90957
71692
11534
41584
8369
24979
56004
37307
91215
26240
58488
75577
1136
55224
11877
71075
25393
54705
51417
43603
41096
38055
71588
33278
70905
61068
12644
9225
98375
24204
58468
86514
12678
53065
95154
71767
41801
27801
22584
70783
55022
22285
53598
62359
55470
85931
45428
61370
3324
66674
61118
24710
18205
55992
40595
67801
87807
49368
51763
36484
93329
35386
21512
11481
81956
3074
3871
50717
79006
91379
18899
19248
91092
38185
64547
59915
76433
9084
40095
20802
57581
40016
12368
9910
19656
9974
65624
5716
67602
18103
2425
93584
57850
80104
10591
12358
3058
63280
26839
83677
1985
36875
65695
80388
84730
49856
85040
19035
20522
89022
31980
53084
38668
98232
71360
44657
97361
8342
39273
8299
96189
41567
30116
11409
21991
53567
64166
19321
73010
75959
6387
14601
74526
87512
49772
30408
61948
73682
60489
55796
92794
8300
80383
42342
12570
63308
27571
52371
13569
41067
14707
49670
30248
77817
30092
14574
12798
18065
16333
90524
87645
76221
72744
69264
99009
25366
27630
60772
10147
9003
618
57883
74796
43258
23391
97745
26463
88994
4156
40824
54431
62339
20330
29720
44116
553
25774
98691
37103
92749
51136
77886
24063
81734
37670
2962
5984
66482
41848
97429
56843
38269
73847
12812
89059
97126
95968
53501
9468
30312
22371
49589
61245
75110
32671
24759
31537
9616
10522
97449
88882
1044
80421
2964
65025
45159
57693
4502
32321
50209
37436
24370
99882
16176
82911
36364
61512
53031
24065
21849
91434
21461
2730
66179
20065
91654
64032
71407
88152
99841
11546
78851
77304
76015
48489
21409
47866
85358
70836
28341
59218
50989
53493
47117
15259
88867
20176
64799
59538
94622
56552
55762
9333
18969
46697
48131
44394
10277
27570
91254
84982
10189
25824
64714
12031
70114
74066
90747
83876
15415
85514
56194
20208
13875
1415
97035
74712
76285
12383
39990
44248
89010
10439
31046
81856
85868
27675
5250
69958
63873
56080
95007
48959
77807
52593
51172
17559
30091
82383
56951
42098
43858
25799
81836
12436
8618
32626
94789
88081
81594
6873
8839
488
38990
82690
31979
12077
73034
30933
24716
4541
85824
10818
49966
79515
18966
7540
2161
3652
46112
35675
4785
6500
65100
5347
63270
99534
65917
34864
33214
52590
15709
5452
16349
50772
89593
19376
63070
3400
85321
2132
65176
94704
84440
85313
96566
46123
20628
26422
22895
93924
68932
62193
60561
70902
17696
1942
42073
29972
41987
72278
58595
13117
63036
87938
52822
4594
68498
11405
59722
26577
21014
19339
33961
82224
54915
88054
94700
61142
23097
87859
64944
36390
2868
57342
50013
43510
63548
45401
30951
10634
91956
39865
57589
30
5527
2706
52636
85442
66441
96819
79257
4272
67575
58510
84118
37913
66172
66691
83555
96367
6558
4735
79012
85990
23449
34354
76837
27101
8540
50956
60781
4347
603
85741
59743
54022
34730
98451
39295
32843
96290
45390
9870
62465
62928
78142
5568
31583
87141
88502
82026
34581
47194
18096
74449
62550
48128
71243
40813
29376
82050
77103
77167
82080
1623
40001
88
23934
72344
3084
59749
4634
14217
48718
55538
95922
17006
63623
68625
55239
11740
99612
1076
28648
81931
34976
23153
53219
75719
87868
56363
67577
51523
49910
58877
75411
19896
47317
61433
44332
60731
13407
52638
18275
97661
7563
40878
77664
28433
37077
34515
28189
72132
81787
99972
54535
77453
39779
20007
76712
41287
40476
22150
13042
64497
82029
15616
36971
52714
99858
19330
1533
82048
63676
9335
99266
48137
30498
16449
28332
23010
32119
950
46388
37802
78340
19868
73737
50343
32477
38537
37017
16760
59243
93834
52259
27525
67405
41166
67929
76811
59282
67460
78725
37321
23809
61105
18022
30958
99924
16372
60662
75234
40434
25363
76310
57810
62147
33394
33357
70938
54976
44912
54805
32271
21834
69813
46150
76937
64295
75121
56622
48552
5268
7294
14081
26335
33076
6278
90744
25509
58723
23871
62285
87346
99599
86759
18792
14565
2187
56888
83933
81058
98767
90511
14176
43053
73115
88855
94290
85877
24191
1560
75279
50985
27408
27143
46494
94157
55674
88868
69839
158
3143
60869
83529
53387
46013
67841
24575
39543
70898
65483
82271
98602
58
5808
89662
6432
82173
60436
43620
31283
75791
26337
30248
1594
84557
18039
51368
8692
9079
91514
21390
23734
33985
4201
42580
87799
96556
9121
32909
5452
25460
22578
3361
18555
61880
8215
35518
18729
72817
25287
22584
26902
71770
98323
6266
39421
99146
13358
13927
30609
6440
37187
8169
21056
34787
23989
10787
27543
91348
87058
47749
49403
82559
52339
83712
74971
38092
21574
23752
94414
67782
43850
17958
72777
7496
46603
90775
17477
34104
29662
39131
11775
64373
25755
14723
65214
42884
52890
86354
93453
28137
25966
1599
51222
8082
80255
70921
7206
19823
35375
95236
8566
47855
25986
71054
34449
3569
27533
29894
93849
31583
12279
3317
36931
13554
75066
12477
68354
79832
19064
93470
71648
6571
84163
99495
46892
69085
34875
5083
23910
50816
12438
19825
57726
12214
3046
36481
23408
34685
35762
51132
75696
12776
76809
75584
46126
58841
3084
94066
28619
90163
76984
96540
43388
74827
67266
78170
99228
92723
35964
59021
44323
33318
11407
4670
57105
42449
44874
39939
12927
47878
98813
59522
37113
10989
84315
2968
58544
69603
11505
85480
62369
16752
18678
27889
57764
15257
68596
62740
441
39917
74549
91647
87831
67907
44420
50515
69309
87467
61493
46554
99631
50343
85579
52346
12821
16442
35787
60148
33238
85175
56741
1417
26692
919
97632
30999
70202
11275
88651
90674
27876
5399
27744
32304
39691
3425
62724
66638
93523
43627
29135
4060
86089
70794
36266
63963
96756
90254
25709
26826
32653
4680
10555
25346
35104
28766
77194
15102
46795
87559
1983
25037
58579
38585
59326
9541
228
79156
66634
76754
79508
30415
70263
24303
90249
21058
41744
31481
91327
70327
78101
2644
40765
6475
57043
29427
15485
74306
21802
55933
68366
44487
73359
44270
80770
77816
90003
9515
39203
81450
90285
91447
10211
84846
45905
24490
90708
29105
1894
49850
21193
20984
54868
56650
5134
67866
20851
86024
43967
56605
4561
72086
46305
61730
49610
20488
4474
71151
17405
22091
80746
12925
28857
99901
4210
23095
79509
67609
27652
72138
81884
2233
88413
49730
62299
36204
48633
78950
49068
59917
56904
63243
76317
23625
15499
59766
13753
1866
79113
22696
41229
51915
19519
125
16246
66294
61278
55157
98268
2620
97068
83163
30772
59427
98241
7391
45998
60187
9489
2834
96136
33033
40685
73326
6356
22418
56572
20050
33420
77068
69175
91574
88802
68565
29614
61629
55609
19541
94511
94589
55167
44236
7908
18930
30318
71422
61344
96416
85341
99515
5298
12392
55126
12479
61747
174
40938
28976
83141
23511
85393
98878
53871
43595
93352
82310
92604
41657
51417
1356
66753
22251
38825
95124
43834
85058
46775
62123
30115
64159
42151
97223
15114
92239
79420
6063
3612
15988
80887
61858
61080
20646
33055
74686
99166
17181
85994
32659
81996
92460
6246
78347
36686
97942
58082
84413
62510
32499
37683
38854
20404
61969
34808
97194
29071
64389
65121
86214
51123
54370
43194
39520
73355
49313
88370
30849
88768
9497
96338
79642
99395
33651
66353
42953
33186
4348
7007
63033
51303
41767
24771
84491
28604
70492
10031
97150
98312
69350
46220
55156
41972
72410
44060
97643
47692
32037
92418
45673
59515
86018
9627
50813
18570
89459
7827
22436
63127
37642
89222
15844
34771
86850
34402
76143
79357
92634
12509
32297
49876
53940
45733
66176
86819
31647
97120
26725
97572
47493
43972
14506
50833
14541
49729
89549
6135
63702
75917
48083
5077
5220
89706
33784
87553
77967
86726
35156
48920
60749
54172
16817
72935
76822
87522
36005
75584
98880
34069
77259
88526
92575
84303
45742
10743
43819
44635
51403
30723
25282
24273
50176
60935
2357
47333
47706
25038
2371
49838
104
56848
37359
57862
28649
13292
71542
79057
43512
86098
78883
67085
50642
29288
64930
9131
67611
88535
74523
27677
59931
58046
93067
14858
82031
36306
40521
35249
61360
77972
77326
53275
75780
18979
12243
43994
76041
83790
94926
70020
10435
85603
35785
21068
4772
16972
99722
8419
14947
16423
84426
92377
43764
8655
17900
21755
6864
69788
93643
55982
62037
58534
1850
75345
79950
59924
65270
22810
30612
91062
94433
76372
67259
96115
25941
257
24562
72742
14107
59283
47813
77118
16942
80906
23566
30824
44945
99566
12079
76170
93684
15430
79076
7522
18962
23317
40621
27906
68334
31269
77147
3412
29665
59502
92137
45396
74361
62481
91394
740
1964
74684
10350
55223
71849
15864
4141
88978
61293
85037
49231
6969
66634
99402
94785
36892
39123
15620
81666
56222
13874
58306
87048
10520
91563
35563
84619
17979
44024
4474
88849
69800
8234
4296
23190
17583
59052
69275
70858
55332
81922
26197
30236
32059
50972
51770
14026
48605
6306
6323
76675
64958
19501
97370
43493
61803
71098
15655
76849
75358
69263
38145
28593
41207
56282
27856
73039
79552
93364
10932
70971
71994
57912
53779
81246
71126
68524
27571
29762
87576
77316
82848
99044
4273
18979
42338
59188
39369
82851
15440
50403
27971
78045
46412
90092
46284
48701
72103
85333
40669
18397
41970
26377
39367
8138
22693
94938
55550
47713
55900
81303
40160
74031
37282
7827
94733
88762
24557
12241
32439
62573
14613
65520
88663
97916
47900
60087
80422
2907
50193
82268
15480
66045
40142
58459
81980
96255
61461
93634
24513
95461
23122
88251
20998
47990
44921
16436
37373
74523
93877
67021
50173
27090
82086
37566
40883
67235
47349
89273
11588
20214
37385
63012
27510
90745
82674
24853
31508
14335
83135
35346
79920
87062
36567
47636
34558
83773
31642
42995
16631
36702
81198
94202
3008
82609
52637
92371
3060
6905
39524
38814
31111
81561
17714
44670
61395
77100
41337
81271
86408
45449
81037
40344
92904
23999
1043
37330
77359
75388
97298
82598
99888
16021
37597
12566
37013
10536
11234
32829
83390
60566
95369
27810
83446
62581
4040
48746
13626
50615
53846
37462
9647
80168
5303
99531
38946
4808
82368
84088
22349
44957
20354
52836
77616
11583
5356
88722
25846
84198
54338
74458
14233
46981
88854
13909
65086
1050
24789
62857
98132
86003
3999
57186
36601
78787
24582
78226
23490
48235
40278
21733
61170
94669
83129
27073
75155
6556
80246
59370
10550
78148
2750
16335
2178
21433
15338
92417
12447
25183
60106
28132
97440
62997
39130
76078
34363
12300
14046
82433
24432
49550
11163
12734
24154
21541
64303
337
91908
39
5198
47272
8992
16165
10862
49686
43781
57618
72122
90159
32271
43530
26834
31041
51455
36269
27128
42752
25836
91966
52815
23515
17183
55614
19271
52408
40252
70207
30683
41483
31221
51447
61770
57755
44855
98935
27938
31257
75647
67824
40230
77533
35008
89079
23931
86855
67826
91123
79956
5388
67692
68764
80846
78481
95873
1956
62655
32798
52445
46341
84960
46328
70962
7200
16042
7056
85442
46547
7637
14170
80989
83110
46786
24906
68266
15431
54382
37813
74756
38686
81227
37934
50641
87319
4913
32505
10037
55835
34578
98122
22826
30988
30276
38213
19682
28131
53626
24971
4908
46807
77073
95125
18262
90652
22285
25580
25332
40584
32527
80201
29403
54678
3064
30670
89475
50454
18534
16551
85322
47230
63888
35253
90584
9658
95044
32847
80388
53920
12948
20277
24896
56511
35847
80795
92329
38766
60369
62043
96570
55780
44898
93569
90234
49747
60378
52266
68396
15299
21368
47733
95403
95525
75001
83904
73478
72027
36383
40674
33847
48743
98848
72979
52587
55443
89829
61786
66385
34525
26636
64199
58833
37889
74340
69974
87995
17989
13382
59785
88935
92121
37429
18617
50050
43570
38443
44778
5680
40580
56055
64877
91588
24085
68514
68197
51660
9258
44845
52805
6842
30135
43146
73767
97344
71996
61387
48105
91331
43862
97636
95888
91311
8494
62300
45911
54170
14276
22452
69191
40386
24820
8579
71716
24564
80203
11370
48920
13777
78922
9869
10667
15093
53317
18101
78409
14476
30782
75931
1159
33628
55481
24027
5762
54135
28352
63363
33064
51421
59772
33121
57055
87641
16297
67013
96179
40532
55184
54365
73749
64614
1650
97180
15085
7848
93465
15275
75682
73655
67377
53197
29428
43355
72863
23076
85937
2393
83480
67822
6442
20254
38748
96763
16242
34300
48280
23837
71600
22856
44594
30668
94996
17785
566
49138
27522
61020
38952
20714
36582
97735
58299
34401
60494
41366
11475
57804
33141
3734
66309
88106
52959
53662
56553
97234
3245
72892
39727
89589
51689
37903
9958
25730
64008
95659
10832
76493
82919
80374
62270
33945
37983
10847
20381
9179
86703
99889
98748
95218
95580
23082
6924
96674
18880
52024
42664
96331
41664
97686
51040
71426
86302
10378
75592
63950
49325
13100
35848
95144
53309
56370
90401
97086
30529
41979
77415
52498
90804
7723
13652
29597
26074
93967
93554
56366
67226
3086
17004
53563
48967
19230
43927
63873
5230
6425
59665
16571
37179
81080
20197
75322
85421
20562
85940
80859
77063
20108
56375
47194
55070
15035
87319
58965
47486
83635
50953
32363
93417
43811
63011
41871
48805
88053
8098
67873
8813
37654
30333
12279
91797
48313
74938
23091
3516
17926
29157
28503
24403
72692
86548
74820
49889
2701
10565
8932
93453
19019
77690
61001
73202
54259
53518
39020
9246
5553
91405
49688
34167
56294
7734
65727
64618
75593
15913
35622
9090
62633
31651
56689
33846
1725
2773
81219
87861
76296
95614
49044
82926
59449
71802
73449
77190
59279
29495
32417
92506
87332
60170
59452
56817
2717
53720
91447
8862
88110
98842
20294
25466
31780
40296
90094
376
19019
88782
23908
3780
31942
80875
79820
56266
38846
52646
36492
82562
25868
33464
15284
26068
57889
22823
8438
70839
39089
26699
63669
70692
37511
32323
69590
57677
76692
31168
60457
31551
18371
70439
61302
29065
34994
42384
97762
75758
20245
66084
22211
11410
25593
75002
86136
81766
46050
22472
3450
51734
42092
31809
58177
9189
2597
84675
162
96296
15327
11469
255
13427
82800
64381
95459
32666
38467
14571
84246
70693
93800
40950
39662
59259
64371
31190
35032
77868
50003
12977
33500
14606
45418
3178
61357
61981
16665
69501
55286
31376
80833
66233
99982
37815
29442
76741
44175
98076
28080
38487
49882
51286
22251
65753
50911
62630
39123
66440
90048
72422
87919
31086
67932
54434
60478
44096
16450
71853
83496
96428
18459
74579
47453
90198
53092
91034
7282
58297
48539
60050
41657
97496
10957
70494
96975
53026
64090
50683
27405
15353
86956
29894
43405
82210
88023
94252
55571
25580
82486
66037
60494
63388
75135
31397
42192
68663
57950
54160
92565
99765
25833
10004
97668
89578
79397
8891
31500
74861
48664
75129
2094
7744
77564
58124
50798
70699
39551
40329
79855
47780
25422
97425
62296
35819
12116
13578
22889
7081
77797
88964
13759
77386
14930
43105
37292
34289
17163
47766
697
76539
31150
91578
99990
25653
51828
66547
92980
96610
57616
62663
22000
87704
81148
92461
1634
45141
47528
14682
20111
1112
99833
70979
99264
83903
11633
23139
7923
81073
28615
36427
80777
71912
48270
26124
45705
82479
30695
32790
19754
53994
48028
29517
35560
89528
93569
12169
88940
13404
51385
31997
25952
28558
3917
69402
11938
63569
6441
12358
91104
2467
8051
38184
8730
94697
78870
22346
23805
91337
1261
6465
61747
6647
37793
98414
72599
30986
88905
18327
15090
84035
51640
60932
21694
76147
21052
4791
93272
64205
967
14826
95899
63920
11319
94238
40910
45370
96300
10292
78339
22005
40275
99490
17062
37013
90874
32991
85731
49318
87733
84772
78049
17581
51132
55917
58395
43433
93555
11281
58618
90140
54206
38566
3003
12813
49864
26246
62985
10955
85325
92345
52751
73593
50596
60649
24670
30108
88226
19618
36500
48047
39804
48224
26136
58996
95349
99044
13866
70765
84644
96216
36836
93688
72169
94769
33226
28071
65372
27146
25826
24375
36969
84710
18707
6351
80171
67486
39845
41543
3504
73239
79799
58703
83788
41514
58064
20264
34931
38677
8992
63720
36415
63366
78033
2693
90161
15853
96754
68856
11290
40635
19147
74686
17488
45043
37692
55426
17920
62199
12918
657
1196
77455
17008
25474
21639
80951
56294
49626
38707
69760
80780
54024
25262
91046
90399
80082
10937
66138
81747
11852
92302
8430
14347
25350
57247
29752
22191
49000
49455
76502
103
95471
81255
78773
59527
72372
21841
11448
54841
86775
50530
27786
20435
56314
21880
82910
62395
610
41940
26651
22318
51039
38783
24187
13626
20665
56144
4776
96288
29817
452
74937
98697
45040
16812
40049
22200
4025
55557
50336
4873
36701
83358
70007
65826
41867
14649
17206
34890
89924
68681
2826
63279
1555
93231
31848
89943
99487
52332
70403
87355
96179
94373
38163
81175
4169
672
8664
51142
57400
81361
90374
24794
53035
97190
58802
13090
24464
36070
10784
44178
75799
46027
27484
14295
458
53762
77074
69718
85205
99640
16120
36865
43394
61696
66043
21168
75096
99344
45787
17549
25410
73315
25364
21474
17283
36388
10998
75695
12253
71856
92776
12849
69018
47183
95630
53286
17424
2425
73662
53813
78382
18380
63971
55246
9092
71120
67122
9936
54881
50068
32999
29776
93119
28909
83474
71099
92872
8204
97297
30556
57434
60364
76040
18029
58759
5619
79669
73374
3672
47285
66747
4427
38690
56980
43312
30291
39053
74734
58729
29887
86208
46479
14801
15858
56915
96137
19908
59809
35753
12501
818
79974
46946
64400
79742
94703
96277
1617
4604
70290
61404
12445
42096
68980
66598
1674
86454
70162
183
38730
88127
68905
86485
81316
78033
91943
11536
36134
58171
68613
26407
74235
21851
62902
98573
14120
28674
59699
98286
67674
73180
80706
65648
58930
68157
74417
92035
82829
13438
15793
8011
89592
90934
80984
83115
23235
48569
5872
6868
33461
87908
58614
44015
57217
92146
81986
35118
46822
75106
93687
9109
64937
83374
58517
80600
88121
89342
56758
16714
18954
69254
75724
52818
20270
80810
34504
69315
70992
67719
57402
1661
77610
15824
29411
52738
45097
84410
86231
54997
80524
52527
40169
57054
16873
61525
98403
51848
53964
56468
54224
95286
88488
61407
50154
28879
88681
27406
99498
39804
582
27030
63775
57325
93899
25636
3419
61446
19940
66828
15931
56582
51323
87499
72837
96170
22528
80635
46291
89575
83478
56769
99288
37980
39338
99045
46435
78571
62396
83644
77368
96598
74047
52948
78932
31007
56482
80769
11041
25009
592
89563
26467
85755
53416
28354
68063
21325
68653
1327
57623
89661
31110
49714
14414
54285
75771
623
40495
76684
75389
3162
52774
54567
28781
26919
92130
74971
44118
52748
24254
94152
64299
23499
34109
50767
44132
18442
12387
5437
16430
47985
40844
91374
12169
86070
37778
1640
98645
34983
16168
26231
58740
42822
33355
43704
33489
66363
26820
15596
19466
36992
60640
96335
54313
52327
72250
72746
19601
88857
47934
57921
11811
43690
94806
93645
37562
68794
15263
3720
90717
42448
70942
37630
91830
37313
98330
48726
47243
85946
61185
30107
75888
25786
11912
31949
29944
61375
82798
11150
39313
43875
76419
20468
5905
13261
1501
49876
39996
3691
77276
5729
25499
26516
94727
97904
98332
79898
8499
58696
4758
39240
67823
50399
45823
45537
81342
8935
87733
85074
51973
19671
96215
82520
89965
28941
36204
79854
42094
32083
97307
34514
18908
37084
42493
42184
40811
96998
4199
65421
88685
84867
7830
82309
23919
84792
49224
69588
70577
61299
82813
398
7278
66177
99458
27229
52276
7375
34649
86077
702
23208
71114
74213
79802
68887
77661
93612
63742
66052
93460
97666
30702
53460
31558
6703
97574
51482
15124
95814
37916
29758
62738
72780
59981
78763
97270
64985
98007
80287
75342
46934
27236
66969
16858
27036
67459
56783
66776
95314
14222
55751
88757
50851
54087
70820
17601
26726
83115
37371
91471
53319
73324
77040
8006
54830
97465
21324
4538
82595
53630
65316
36619
93544
95202
39570
18896
37281
93502
46250
24185
37497
26486
49505
50910
73909
19342
74085
17906
14898
24084
15113
94387
57659
73870
37669
16210
54625
52211
69680
36230
65070
250
58133
17622
7597
75456
64183
92559
22732
23224
96562
15543
9039
42318
79967
96912
73752
87820
29477
52591
89696
63343
83405
99120
60043
53898
38875
50065
31132
16146
84956
10912
80217
20744
3999
24617
60120
92665
30649
41291
17141
79385
57562
1133
36207
19558
52193
76320
15674
53643
60757
72220
86899
20344
6353
65188
26223
94875
97164
77262
67254
94500
31448
57055
15152
15663
58861
28774
50657
23179
32457
41127
29895
10429
68635
36125
86634
26202
35417
2202
80069
25818
61770
11154
60885
67435
50637
35081
74692
39297
73169
81641
43982
21139
90454
88315
57368
72719
19763
34152
12465
18570
17672
636
1774
6170
71753
15656
9907
14468
31898
71936
61184
42103
69857
2984
6924
28393
83143
88978
11539
37536
37459
71149
74634
51370
59829
4176
88801
3830
40550
39207
32097
28068
5951
79455
77555
57095
99136
44606
7324
46260
36569
56079
25499
18543
52590
84363
77523
25027
9682
34577
10489
48186
21535
81094
31178
31824
10937
51223
20849
53623
39132
92485
9613
64821
70759
56642
45696
83269
78573
18949
62296
49423
56090
54589
8760
89327
59263
67381
73749
42935
48469
94634
274
803
18738
5056
31755
18947
44460
752
46732
72994
98000
85887
24203
17179
3841
63469
36950
64655
45636
98316
73114
4494
20014
69847
40715
88489
27560
20842
96948
56812
20663
23904
49281
85701
86709
55173
37653
52532
17606
53284
66812
2462
23235
29959
37880
89826
29262
85886
41106
40182
22875
29143
58688
49654
35586
47589
36850
53891
61472
95012
414
5958
70494
18265
87646
4159
78489
86308
88782
43136
95183
18404
76929
3049
80716
99240
23781
28419
9240
25721
15029
88453
76885
67542
23572
27823
97515
3354
10676
3826
1872
61625
66357
68074
22050
57106
72678
64428
65647
74804
33689
29565
21122
36985
45090
85379
8035
94886
14336
12369
6019
10628
1626
55324
40048
51851
74027
33257
22977
77387
99558
69026
51272
70861
66883
45138
21551
3726
71194
79956
17301
57334
98543
31410
21616
65514
55870
27584
85589
21097
9548
76928
62113
68529
80263
27496
62346
68365
27928
78449
85065
24764
13645
46491
84262
66022
55387
64712
22500
65101
13294
78881
90902
74442
93934
77577
70996
43854
21034
11147
21412
69077
66214
97401
7883
82119
26320
90886
74525
48811
92977
94920
1623
13103
78831
51270
31392
90598
81983
72635
71857
38078
77640
90466
48416
50244
31870
80545
22077
4761
70074
15329
94394
11479
72277
22188
66921
31034
33311
88711
15711
60180
92990
92241
91396
626
51774
58990
18395
87774
71072
35297
39810
74768
31368
93404
71188
40783
69741
35827
27338
17143
2450
31616
35047
3237
16974
60109
22194
85907
55392
38124
88129
86284
7838
92022
86912
83475
81157
86325
76059
5043
69652
17612
39874
29622
62186
32719
16740
44951
35810
6377
6842
40829
1431
43258
19831
63920
46741
91635
22405
34566
62901
7521
97824
44922
42548
69813
28251
24389
19008
45648
90129
64086
64689
44876
53673
9257
81896
33256
7999
28822
37215
22590
6783
75965
47880
83866
68250
34856
886
98911
721
66376
39548
17978
45649
82835
34723
89462
23285
53510
60270
24652
20811
42335
94669
12614
59052
46658
99086
45338
20222
12112
22057
76857
82984
91676
69884
57276
42815
78760
44272
39977
39900
6061
5383
31659
41211
34818
79249
81219
56838
8116
50672
82423
42440
228
44552
58675
15957
61576
72894
29209
89134
74630
20920
56709
51757
5108
27733
96458
6370
98505
13953
82934
28069
6371
84116
77865
41224
27881
95674
91021
55371
10779
35901
48049
63759
80605
57942
26666
80034
6600
95574
29798
93767
63557
43383
34879
10277
49792
17577
59739
24464
11710
74845
76310
97133
6354
72710
14801
15970
55743
21184
44936
7711
45511
24101
62628
47163
41266
89290
7973
21362
80881
9251
77367
89436
70045
45007
28373
20996
98595
84280
99232
3220
19981
21431
81455
62831
95058
92998
523
12176
54407
7107
25310
49367
10926
48132
78975
67191
14012
59726
14398
54472
56644
64913
41577
1213
3039
37508
29407
30891
70150
72032
93091
213
81450
60751
33638
6217
76993
49488
38048
3023
96775
24187
97009
96253
67132
81514
86816
41016
60420
49761
22245
54188
84328
15831
56167
88494
16087
1856
7051
2938
78254
31114
68891
34819
18474
47377
15080
38422
25414
49152
6294
96416
48877
60672
71524
55502
60610
5924
54376
36061
63691
52552
94096
62084
8258
28635
39498
702
78005
36417
68923
51330
39382
40683
3762
50937
95800
6
63456
77158
89703
97420
72301
50795
87820
60035
96847
22420
93600
99183
47651
81308
34082
39798
92933
41750
57760
9466
44100
1210
11673
95475
53498
41158
11728
56173
61666
32979
29530
59947
25704
42753
17464
8551
60941
34704
46901
30031
11970
94797
94554
28121
45727
25078
63246
69961
52974
77542
16952
8275
50820
94540
30886
91511
82975
68260
60081
30231
35754
6959
15935
7572
46515
51975
95134
86191
15880
38315
59594
71948
19788
46912
69064
40027
31400
27470
37752
12531
35574
79993
21712
7089
26288
80596
46825
63592
30216
14801
42353
99062
82866
21016
84014
49016
38742
63695
336
43624
55105
31046
85110
71436
15470
29567
53057
97218
48208
81146
755
81954
73631
26099
52996
73420
35950
39718
52180
84361
39149
27869
81566
79037
24718
6892
95507
41200
41775
36354
24168
96580
74563
70248
9434
77004
61766
48306
9438
80088
69792
28689
53780
73272
67256
50473
3830
70352
42520
97693
66362
35729
10807
21493
3422
67769
87413
30043
91679
79423
71855
54815
8033
43975
17296
47639
16013
80346
89129
71078
67214
54385
34358
99371
61701
54556
53786
31821
68836
82873
20502
25573
70138
73259
59600
36221
50375
22460
26412
9185
86900
62756
44403
96982
107
82982
83469
18452
7277
74135
76456
68940
10353
49680
98575
22781
17367
9921
28561
5012
23167
32662
85241
17126
87223
9177
28584
12272
18145
54543
61010
17221
99572
58122
87737
45059
99392
72239
58970
43020
24014
44097
91620
7696
16190
78554
49023
14569
4909
72396
13649
96284
71312
22912
88545
18608
722
17399
98564
38192
51070
27372
19822
84426
86905
22958
66342
19547
1626
27913
54250
50051
40012
98648
41070
19032
63918
65032
94581
33392
8341
6212
34839
37140
58346
78536
79121
31082
97297
18413
41806
23909
94563
96160
7355
26912
57755
68997
9132
53960
54068
5977
20257
2931
81925
85142
83638
6114
38664
57909
74357
6874
42070
94667
64441
74226
84144
78000
2178
35559
18392
42254
13055
84930
76933
4165
95721
30543
83355
88496
55705
29246
29960
91728
1030
33405
22555
92004
65589
29996
81086
45516
48752
54153
60285
40161
27966
15162
60981
8505
64956
78663
45586
88490
78410
2407
47896
23155
45819
40751
51656
81049
85878
38266
94551
86075
90981
30319
55417
51015
33613
76208
6545
64659
71765
86948
92372
47778
43853
34203
89387
62819
27192
23578
54890
90991
386
66489
4791
1762
92456
7337
19002
53816
93220
89819
42931
80450
28512
13376
3207
43615
60989
64707
30330
28525
54534
71826
3105
50745
77760
89994
73756
60756
59986
59709
97688
62568
27236
39857
97045
55576
69486
14528
29838
76119
48072
27457
46978
64220
81721
16298
87329
4836
89122
17768
66296
60597
88017
44002
72634
92008
37931
46774
26496
7564
77348
12662
57713
33752
85172
57231
28
43888
70787
63767
8893
59242
28636
24361
83810
66737
9137
9897
81801
92465
55298
64800
31458
77133
36861
41970
87397
33181
48015
5855
96817
89277
89912
88756
17336
12761
70109
59815
25238
43035
64652
59233
12096
50505
13061
68805
49842
18354
77982
36522
83233
1962
88896
91829
50085
22060
5946
48300
42417
47763
30532
92036
37975
10076
43199
83709
26084
57720
34476
34171
40352
57993
86830
13018
74685
13550
95003
31338
57835
75321
14286
6605
43775
11709
6025
49927
72554
67460
37972
76091
47689
32971
64687
32537
24537
41989
72870
408
602
66440
79620
32137
38406
91992
82180
33535
43605
55788
5761
20008
68370
10248
49397
83294
48064
48191
86305
20684
12910
89554
55723
95938
94219
49490
2908
12308
77007
97190
27256
14389
32570
44754
91301
39545
92214
96842
19339
79507
20578
68944
81151
46137
2628
34878
13252
94552
45894
43620
88420
16355
79342
62627
83466
23672
85376
58728
87610
43272
95327
27162
2305
72425
68200
46904
618
67500
1284
91482
31978
54181
76246
76315
60922
51537
96018
83980
95120
63972
56938
81528
79211
24964
53794
42077
56178
26134
48911
32378
43172
6590
13806
1956
18542
98593
45990
73189
61423
96441
32837
8185
16187
15210
56905
24360
67427
21767
5209
18539
96966
21560
13660
40544
15702
61520
84733
5721
1890
37692
39885
45176
9663
68503
55314
49387
906
38391
23390
50135
46197
95723
37361
93288
77921
11072
26857
32978
84851
35753
7700
99823
50175
55722
28494
91245
37366
90446
87434
38549
94065
70582
56448
13072
75250
14927
49699
2749
11406
27513
37466
22160
45452
48176
54493
51674
65543
27769
70113
73632
31822
53596
92282
87653
23740
25061
70317
2157
84946
33651
82799
57997
81927
32829
87901
60216
45166
94628
24205
47107
76511
21895
36567
38239
41178
94360
10073
62180
12227
61945
48013
8371
67394
47830
36899
5901
53886
15240
44718
14176
78038
31723
23743
11412
69841
98339
2925
76447
56106
50156
79484
55465
40153
7133
11583
51435
56246
91804
18058
11557
836
66890
2565
54462
64454
35729
48683
89736
45372
37349
28145
57134
1269
32163
15732
73316
30445
73165
17156
99822
61840
29806
51411
2195
43827
3573
4854
59532
64082
56020
26331
57411
68857
53411
14755
79424
48522
56718
22620
10798
6730
18647
53056
31170
26370
26553
96407
95369
15958
79417
15622
86557
11337
63888
97446
54893
5894
4118
81815
88573
4711
30162
15154
24597
89385
30061
52285
5380
66749
86000
46500
76431
77911
27503
65980
66894
7306
94317
55201
29197
7557
67566
87770
95399
92927
60102
89396
77212
9215
89101
20506
90451
55265
54792
23718
42800
72650
6769
64725
71844
92845
19544
72017
24119
65532
87442
76731
57316
27803
60917
78850
2319
20359
74814
81787
68329
69621
25566
22332
65630
41754
35895
51062
29907
71092
15642
6539
72469
88762
99186
30799
28443
33115
64056
1903
17059
12884
69615
89392
10590
526
3837
30279
30644
37338
85195
59266
34385
29335
68171
92448
87696
84329
56271
12222
63553
1335
26954
34935
20576
87380
77810
74398
49652
78316
29479
8568
64848
53355
68316
66277
91035
19284
47718
16649
15979
45352
72917
52671
59592
26105
82635
66058
53641
53588
25790
8515
42963
95374
63449
71015
56903
51661
76330
48748
48206
82370
33749
11335
71912
80444
26968
78602
8498
83122
14053
35025
22319
1120
52037
38222
31261
75499
44917
90941
6063
46238
92181
27933
36737
73852
53703
2946
98929
66179
64976
76817
90281
8926
70433
8818
99062
69979
54702
34297
11740
72294
70780
65691
2971
68458
42375
28467
22043
31127