581 241
10
70
87
14
38
51
39
67
7
52
44
13
41
40
65
80
42
65
24
32
43
13
5
67
11
15
53
9
74
21
71
52
57
19
80
49
57
82
94
35
13
51
92
22
36
6
57
90
2
6
48
71
68
42
37
12
95
72
12
96
16
46
22
47
42
75
28
74
48
91
24
74
48
59
90
76
90
76
94
83
51
94
23
99
78
48
37
63
68
31
62
25
60
86
44
99
55
36
29
97
59
93
66
61
60
72
51
34
1
86
34
93
96
73
40
93
39
8
17
1
1
80
87
98
41
8
52
40
19
90
62
87
43
50
25
3
29
15
40
26
18
30
89
57
13
31
38
46
79
98
3
17
53
65
33
66
6
34
71
17
60
54
61
49
71
19
19
82
11
98
16
44
2
16
23
61
31
55
13
49
33
78
86
46
17
81
22
79
78
41
19
36
90
69
16
79
46
17
46
58
44
57
2
73
99
78
59
75
38
61
89
64
100
35
28
23
36
89
72
25
35
68
15
20
81
91
31
82
7
75
32
42
19
10
14
51
73
45
74
35
47
95
28
97
68
44
71
9
50
58
89
87
54
88
59
7
99
41
64
51
9
90
33
32
9
94
65
5
39
38
94
29
63
68
15
11
39
66
6
92
5
76
47
63
88
48
21
33
96
97
48
67
79
89
42
14
21
20
41
38
63
76
39
40
1
33
11
84
74
67
88
90
84
88
39
90
18
15
1
61
58
44
87
12
89
21
100
19
35
7
63
58
33
27
80
61
5
38
6
83
5
84
34
1
56
96
89
19
58
62
52
7
92
61
97
93
96
93
52
41
44
83
90
4
81
32
55
1
12
47
11
65
65
77
20
94
13
6
100
79
55
37
100
5
25
22
82
35
79
67
24
14
41
73
100
99
100
15
13
54
30
7
6
46
50
14
2
41
100
81
41
23
4
47
48
63
52
65
31
69
7
53
73
43
69
67
84
77
29
27
93
29
18
63
23
20
60
47
11
11
9
52
26
84
56
73
33
72
18
64
81
24
6
27
63
28
79
81
100
88
93
19
60
10
86
97
53
27
49
71
83
73
60
69
99
14
57
65
82
92
99
82
28
97
33
81
54
99
65
71
64
90
40
87
65
57
52
34
74
33
27
1
99
13
36
4
99
67
65
45
99
19
89
60
68
21
24
43
44
22
90
38
98
97
96
84
36
41
5
64
57
49
38
64
55
25
89
47
68
19
58
15
19
50
40
8
60
89
27
23
31
53
78
63
4
51
7
93
89
67
28
4
26
27
81
26
62
58
91
91
19
82
38
45
80
18
7
2
80
22
24