834 254
67
83
8
10
81
36
40
42
60
44
73
63
61
6
45
84
77
23
85
55
35
19
27
24
56
25
98
27
26
96
48
61
5
27
100
18
8
55
69
58
53
94
77
6
13
13
89
89
46
25
33
22
3
81
14
33
45
49
42
57
64
36
32
85
28
87
33
7
64
95
20
8
36
33
71
82
6
84
42
81
44
59
44
73
47
22
64
26
33
23
63
8
83
33
6
29
50
91
76
21
58
9
56
94
48
53
97
76
100
73
38
7
23
5
68
37
56
5
42
67
83
15
99
38
42
88
93
84
72
79
56
42
79
63
64
14
33
61
80
33
58
100
63
72
56
64
10
48
52
19
99
89
3
35
69
51
57
46
90
99
87
90
53
11
39
78
95
23
96
75
90
20
5
80
60
30
21
2
56
57
70
79
96
69
10
24
57
41
46
77
98
26
17
24
28
49
91
93
24
98
27
30
67
23
23
40
36
61
61
48
10
38
6
78
6
37
99
53
61
82
29
93
94
17
80
36
93
82
2
81
98
35
31
61
48
21
59
93
62
81
77
92
89
6
93
60
3
20
99
62
92
82
7
1
24
63
91
7
95
96
71
49
2
52
50
16
65
23
64
2
60
35
62
49
84
81
45
72
96
57
66
31
18
100
50
19
16
44
66
20
41
28
98
93
60
76
17
37
7
100
90
40
19
62
22
12
43
19
89
40
46
74
100
73
66
43
26
9
54
27
52
19
48
4
80
55
98
87
78
15
69
97
54
53
45
31
21
8
14
25
66
6
41
81
34
16
87
30
25
88
88
20
45
90
82
18
20
71
17
41
25
83
85
66
52
88
92
56
58
91
85
88
96
93
26
69
6
91
65
4
12
9
16
57
99
74
75
93
82
60
16
39
91
53
26
85
94
28
62
70
14
39
15
90
63
90
69
82
20
71
47
8
91
6
95
99
84
85
11
46
83
35
69
11
74
75
16
65
24
20
24
86
47
25
59
54
35
32
35
26
61
2
19
42
80
53
9
67
34
72
1
90
40
76
12
45
67
49
67
64
22
89
27
54
55
11
75
2
15
92
79
68
61
80
49
90
2
10
57
77
57
98
19
49
50
93
11
98
100
39
8
90
5
77
79
94
10
23
70
27
34
80
28
100
63
10
45
80
25
67
13
48
33
65
91
14
27
29
28
10
22
41
79
76
83
14
90
11
79
74
83
99
98
39
72
61
57
84
89
22
6
71
66
99
86
71
49
14
68
35
21
62
13
59
21
15
18
27
35
99
92
27
54
78
14
19
43
26
35
69
42
63
42
98
98
94
19
45
74
16
57
41
61
92
34
19
39
35
33
21
24
73
100
61
45
15
8
46
82
49
46
49
6
71
51
87
7
76
93
70
93
33
24
65
24
20
27
93
30
25
67
18
77
42
60
42
51
37
1
63
62
22
14
73
85
5
54
36
67
12
59
97
86
73
63
10
68
39
79
70
59
59
8
91
75
14
53
46
37
49
42
88
64
68
81
37
96
39
96
46
23
92
83
81
86
46
32
66
89
26
21
30
36
94
16
18
15
67
56
2
18
95
65
95
32
76
49
78
82
37
72
69
76
23
31
68
60
85
37
9
61
3
63
75
35
7
96
51
27
83
51
58
99
60
31
12
43
26
37
20
58
76
15
64
69
26
32
32
75
10
69
46
31
37
86
99
82
100
37
47
15
13
83
70
48
51
27
29
50
33
95
71
48
54
83
26
21
33
19
73
77
67
29
20
11
71
11
73
31
17
50
64
57
93
40
61
23
31
55
75
72
34
28
17
94
97
39
29
59
30
48
8
94
39
26
47
83
13
68
1
12
74
52
77
24
87
49
23
70
98
54
4
44
12
87
20
26
42
51
64
27
9
45
11