525 308
36
30
38
83
71
80
61
30
7
32
34
40
20
19
43
85
34
87
26
98
55
50
80
58
22
10
73
57
35
47
84
90
64
56
45
38
2
52
47
47
15
93
65
40
55
15
62
4
43
47
30
46
53
62
11
46
12
45
76
46
47
63
54
34
79
75
19
81
59
76
29
37
34
20
17
51
96
82
34
58
16
78
33
15
45
98
71
16
14
4
4
71
29
51
23
77
15
100
80
17
4
56
1
64
83
33
43
28
33
70
10
57
55
82
49
9
39
10
77
66
19
73
43
50
25
86
20
34
97
88
100
15
18
35
75
64
30
68
5
82
36
56
82
71
46
95
24
100
7
6
47
80
55
29
13
80
70
28
80
58
60
55
39
76
34
23
86
34
30
40
76
75
52
61
84
8
73
54
65
4
70
100
88
56
88
96
47
10
70
81
29
97
51
4
64
69
75
65
69
83
27
74
47
21
19
28
98
17
8
68
73
80
91
34
98
63
53
3
44
91
23
86
52
3
91
13
49
41
31
16
2
44
39
90
63
11
80
73
12
99
16
52
73
2
69
42
59
83
23
8
51
90
50
82
100
50
39
61
66
72
71
37
40
6
81
26
17
44
23
40
96
77
36
60
70
66
51
19
97
79
34
78
53
5
73
14
23
39
64
27
67
42
5
4
12
23
92
68
5
47
67
79
100
21
63
87
96
99
48
65
88
20
66
2
2
33
31
6
7
48
4
15
63
95
52
78
29
70
90
59
1
89
18
38
47
12
4
46
56
94
80
43
36
91
31
47
97
89
3
43
27
31
33
97
25
22
30
79
74
83
99
23
25
24
70
43
8
75
93
21
9
27
16
83
14
13
72
38
97
96
20
15
39
88
72
46
16
62
89
70
55
66
59
85
34
45
81
26
28
16
72
64
7
54
94
40
62
62
14
78
53
98
51
69
38
75
30
54
21
75
94
91
32
79
35
64
48
49
38
39
62
22
9
32
87
5
90
90
21
97
63
82
18
17
51
16
49
56
14
84
2
72
97
80
75
37
93
92
76
7
75
58
1
16
6
59
12
18
18
75
99
63
17
51
78
24
26
80
79
9
63
65
10
73
75
92
8
87
10
95
95
13
55
35
97
92
20
27
64
44
25
59
56
65
8
44
61
93
68
54
73
46
70
75
67
83
22
14
13
76
27
75
61
56
44