653 365
50
44
71
81
15
36
48
50
43
17
40
11
92
73
40
34
38
42
74
41
14
75
4
78
55
3
75
47
6
22
15
48
24
77
16
98
89
36
79
100
34
56
80
97
64
27
35
96
77
91
67
85
96
59
85
1
78
10
92
70
89
31
89
39
45
27
81
4
25
78
70
39
88
46
47
79
68
54
39
48
63
4
97
74
68
85
20
97
8
9
1
51
53
80
36
3
14
9
83
53
29
29
97
19
57
7
54
98
32
42
5
3
11
33
80
30
46
26
75
84
40
68
77
75
57
100
2
2
48
99
83
40
63
57
47
100
92
12
32
34
76
76
39
43
33
38
49
71
22
92
23
61
78
26
5
17
59
57
37
72
53
70
16
77
53
82
87
63
77
69
57
41
39
61
5
90
78
73
15
68
67
89
55
47
37
31
30
32
80
7
22
34
16
53
98
90
93
66
51
93
18
93
20
17
78
91
79
46
44
61
45
44
8
93
86
100
69
60
66
100
25
77
79
36
51
22
29
25
56
4
32
56
48
91
97
44
59
72
49
84
4
57
1
59
2
77
7
53
61
61
29
80
72
60
85
42
25
50
66
27
8
22
2
22
66
78
31
9
15
86
70
42
41
42
30
14
58
13
52
45
13
24
63
26
74
37
91
24
54
65
86
15
37
57
44
45
58
34
89
57
70
20
33
88
41
37
57
73
71
70
1
75
23
11
57
77
41
10
14
26
87
43
70
8
82
40
20
49
49
96
46
11
21
70
35
68
100
100
100
40
95
90
10
71
47
31
3
83
74
94
84
1
29
33
23
1
61
74
88
74
83
30
9
84
72
70
46
91
14
27
48
62
55
48
92
15
22
76
4
15
51
42
54
18
4
90
27
71
30
63
12
90
60
67
69
1
79
17
100
85
29
25
90
11
32
38
14
2
52
75
82
98
37
9
64
17
15
16
10
22
86
15
87
25
66
89
38
63
47
77
30
62
18
99
23
65
61
59
73
34
71
14
29
97
26
7
75
49
46
100
77
36
59
55
79
55
71
75
29
54
11
7
66
56
30
88
60
63
50
87
5
89
95
20
6
59
5
66
91
11
99
98
45
92
85
41
60
44
93
64
96
64
81
89
19
55
80
71
47
33
9
29
71
30
1
49
24
9
93
87
98
91
28
29
80
80
29
23
11
6
65
42
42
82
96
10
50
70
41
99
90
16
39
78
55
13
87
55
45
23
13
73
6
66
73
98
24
20
91
7
71
48
63
30
6
42
1
53
90
24
6
15
50
59
57
58
8
86
68
58
97
95
62
48
10
65
6
80
70
94
58
62
87
31
71
20
41
92
83
63
65
57
32
50
76
57
17
46
66
14
59
18
24
39
52
58
33
8
100
57
7
40
17
57
18
37
64
71
95
33
76
22
80
54
72
78
97
45
48
99
8
63
51
76
11
52
64
3
99
68
91
57
18
67
89
21
66
40
15
57
96
69
5