316 658
37
16
14
23
29
72
67
58
69
59
87
70
30
16
38
80
46
13
46
93
66
96
78
39
17
60
12
28
22
67
83
66
7
87
25
52
3
79
24
11
14
99
82
76
22
11
77
62
58
62
57
49
20
73
18
100
66
66
61
67
13
31
15
29
43
56
25
14
78
56
4
49
72
65
94
26
13
46
25
57
76
79
93
15
49
36
34
44
98
87
19
61
73
26
48
50
15
97
87
70
85
20
71
40
64
14
86
8
54
22
6
5
29
27
36
33
2
58
82
62
56
56
50
8
61
51
46
97
99
4
77
70
23
39
99
41
47
5
68
2
12
39
14
31
25
97
65
15
5
68
61
21
62
85
97
75
33
93
77
16
72
100
42
62
66
12
66
15
51
65
8
49
63
14
20
21
52
47
26
97
41
43
20
90
11
65
55
43
96
23
5
75
5
77
98
54
29
95
34
22
86
56
67
95
4
68
90
70
76
80
89
72
18
17
33
89
89
82
76
3
83
78
32
88
85
16
46
94
47
59
87
15
82
36
43
34
42
37
77
86
13
54
45
24
44
52
5
7
42
28
49
84
35
16
43
91
71
30
75
62
15
68
95
91
69
94
73
79
59
79
74
52
78
32
39
71
96
25
34
94
68
98
18
64
65
10
20
46
50
24
15
56
14
7
81
35
13
58
7
76
53
23
82
24
12
71
82
63
71
39
10
79
16
98
41
82