558 211
27
58
37
74
45
62
46
60
78
16
70
74
54
92
53
68
6
43
27
2
54
46
59
68
24
66
59
10
13
79
46
37
96
73
81
84
58
37
83
13
8
25
37
21
100
3
77
81
19
49
79
16
10
30
83
63
10
46
44
76
32
41
35
17
56
90
60
45
33
30
46
77
59
8
41
19
7
61
45
85
11
88
51
27
97
28
17
94
9
44
45
90
15
89
95
79
37
94
74
13
41
31
98
72
52
81
23
37
14
98
41
98
63
16
37
19
12
93
9
26
66
80
33
90
8
40
44
71
74
87
6
13
53
18
57
92
97
34
86
87
8
32
10
97
6
35
7
70
93
92
47
60
17
100
96
78
91
38
85
56
62
79
36
60
32
21
53
69
10
68
48
35
69
27
39
22
91
35
50
6
100
38
30
17
10
95
33
48
83
84
25
97
17
42
51
16
38
59
100
93
59
57
13
14
82
89
19
85
14
34
89
51
95
39
88
18
88
55
61
75
92
7
45
49
75
95
89
84
18
69
59
75
69
10
52
61
5
2
62
78
54
18
10
28
23
10
53
10
39
21
68
53
69
54
39
25
93
22
61
76
46
19
35
53
25
41
74
97
76
96
54
44
74
25
37
29
12
74
70
53
14
6
37
33
54
40
37
45
29
62
44
45
62
24
95
90
12
9
5
7
63
56
71
52
36
21
62
74
50
42
23
74
86
75
32
9
14
55
4
25
5
21
76
96
34
70
44
89
5
76
3
49
10
79
18
38
40
42
85
82
5
59
31
81
64
49
41
45
92
60
3
90
84
93
65
44
4
8
61
89
3
1
23
19
25
92
44
64
46
18
23
13
13
30
75
84
27
91
37
82
11
31
46
62
36
100
3
42
1
31
91
45
89
22
17
86
43
95
86
18
22
41
97
21
37
48
63
34
73
94
49
16
31
98
55
46
26
7
86
66
46
66
40
42
13
32
63
29
88
42
9
65
66
73
16
15
68
68
93
4
53
93
28
46
51
89
31
96
29
59
21
41
45
13
75
41
20
72
8
59
93
72
84
9
30
19
27
98
87
91
19
9
77
36
27
93
84
75
64
69
68
26
22
88
45
1
14
61
72
72
11
74
19
52
7
74
64
66
34
7
44
71
40
9
57
13
86
96
88
79
45
80
1
44
19
46
72
65
27
72
98
5
41
21
96
35
51
62
7
31
77
58
36
22
91
9
2
14
88
91
39
90
40
70
10
57
47
43
95
16
60
14
28
40
28
9
52
38