951 653
65
34
73
91
58
57
57
37
65
23
41
69
11
33
25
11
89
98
31
67
100
75
62
5
56
6
31
93
34
7
80
76
67
77
78
66
28
39
26
79
28
7
13
32
95
24
62
100
49
100
15
65
65
4
10
9
29
60
29
28
29
10
19
51
67
21
50
10
80
57
77
87
21
7
64
55
56
12
10
77
52
33
66
20
38
40
91
3
92
56
16
78
6
22
63
94
56
56
26
32
90
11
70
77
41
14
86
33
68
86
55
94
31
13
98
27
47
96
39
83
58
4
16
39
51
84
4
78
41
46
29
78
2
48
21
27
5
94
72
23
15
20
92
17
8
21
35
78
21
92
48
4
54
43
63
60
19
40
60
92
56
15
85
62
47
80
91
46
69
91
86
53
55
13
55
80
72
92
70
98
18
11
11
30
61
70
37
39
20
95
71
74
12
84
9
43
35
26
16
67
59
85
70
54
85
60
17
56
13
64
58
79
73
69
15
48
33
67
74
95
98
34
26
47
81
20
35
22
27
47
32
71
64
99
46
12
95
7
11
87
47
91
67
26
25
52
12
47
6
71
3
72
5
86
43
59
44
9
3
71
42
52
68
82
95
42
20
91
60
51
46
32
19
75
90
8
43
31
21
5
54
30
76
61
31
9
18
36
71
70
94
66
24
55
48
38
68
57
21
43
46
28
41
44
43
61
4
28
16
18
16
58
78
87
29
32
31
75
41
12
77
54
62
74
56
36
11
97
51
34
74
76
26
94
22
67
32
3
74
95
60
91
12
87
66
49
49
90
79
13
44
6
18
29
64
100
55
7
84
40
54
9
29
87
96
4
84
74
30
92
7
3
37
82
53
49
99
62
66
56
63
60
19
8
91
51
21
24
15
3
9
85
89
99
81
75
75
87
41
81
82
47
48
48
93
6
12
58
97
25
82
3
74
24
95
20
73
6
82
77
77
59
90
80
20
87
36
72
3
74
64
42
56
97
25
16
25
26
64
63
43
51
39
89
28
2
70
84
85
46
75
64
68
3
96
48
61
87
82
89
32
70
56
37
37
96
76
65
76
25
92
77
32
94
36
46
71
68
87
27
82
28
56
42
17
72
61
69
54
47
33
78
86
21
33
52
45
19
77
42
28
50
91
83
31
66
72
1
99
40
31
62
10
73
85
94
37
78
18
52
78
43
52
37
59
95
52
93
61
92
85
70
86
54
25
46
15
12
91
37
33
88
89
12
49
78
40
11
40
23
11
1
96
3
40
98
72
53
70
8
4
10
51
80
63
33
97
49
76
84
90
100
65
99
40
87
47
11
69
63
92
17
93
10
47
64
64
51
95
53
90
1
69
100
28
1
19
85
45
80
81
50
65
31
42
57
87
82
55
33
9
15
50
15
92
73
63
71
30
33
8
94
54
44
96
80
32
13
75
98
72
63
71
62
24
90
13
52
64
18
75
93
5
55
49
59
59
90
9
59
25
69
73
65
47
85
26
15
96
26
46
55
79
1
4
100
69
87
10
50
29
43
6
69
45
68
56
10
99
45
43
94
94
9
74
85
93
42
59
98
41
94
51
72
45
54
52
39
55
8
3
16
78
96
59
70
77
49
67
37
96
81
67
56
97
12
29
14
22
46
99
7
34
69
74
99
15
1
22
63
77
2
44
81
34
88
62
2
22
47
98
66
72
37
98
80
1
90
52
49
87
1
27
29
28
74
49
54
37
71
91
24
30
44
16
69
38
46
5
3
2
95
32
17
21
13
73
82
60
3
30
99
6
93
26
26
35
73
17
44
85
25
72
39
28
74
55
14
98
25
10
10
33
22
32
80
69
37
40
58
83
97
6
93
100
38
95
62
63
30
83
93
91
40
14
99
9
96
21
6
72
52
74
21
83
25
51
15
8
41
60
13
4
73
75
18
47
65
53
48
66
83
77
32
47
61
72
61
34
84
68
33
14
58
6
2
23
58
10
60
31
1
88
17
68
54
52
53
80
2
81
72
10
93
87
8
41
69
13
77
62
48
67
100
98
66
30
62
62
90
17
71
100
92
88
29
39
77
40
17
29
76
65
1
14
54
42
63
91
50
69
46
8
65
73
47
35
48
94
59
3
17
25
43
4
61
3
79
96
62
87
53
54
44
27
10
84
78
81
36
31