296 115
45
87
75
40
28
66
31
21
47
98
7
9
88
93
63
29
61
30
14
56
27
3
80
24
94
29
94
40
63
68
20
58
6
15
99
22
14
97
25
40
39
3
7
67
16
55
44
14
11
84
62
20
97
86
72
44
14
45
74
11
67
66
42
15
19
82
65
35
74
10
77
94
15
63
82
3
22
35
54
47
72
91
56
5
72
92
16
71
37
28
32
7
45
61
39
12
34
21
32
89
13
75
75
9
38
54
19
79
35
92
32
8
2
68
19
58
56
70
93
41
52
40
11
86
48
67
88
62
97
47
5
88
73
72
82
59
72
94
27
89
69
31
26
33
21
92
98
21
20
82
48
80
91
44
33
75
42
98
69
41
43
96
11
44
42
56
60
69
59
59
71
9
91
22
82
99
49
1
5
47
87
8
1
64
66
34
53
19
47
75
51
91
33
95
2
81
38
26
86
44
19
50
31
84
57
73
15
98
32
82
26
25
48
62
15
21
83
89
54
60
15
59
88
47
29
19
77
2
100
37
5
56
9
39
86
28
11
55
70
94
100
44
60
76
99
82
8
10
32
88
21
46
76
40
91
44
52
12
11
29
38
13
4
55
96
62
70
76
39
29
25
7
64
26
92
32
46
89
36
6
65
69
54
18
19
49
77
84
36
16
76
42
12
7
87
86