576 27
90
51
94
3
43
34
36
50
39
11
93
25
3
69
29
5
30
67
65
15
25
71
77
96
92
17
3
44
41
75
45
75
7
34
98
40
89
91
24
74
9
48
77
68
43
86
77
79
54
60
83
91
44
92
98
81
70
27
52
55
92
78
43
99
19
3
89
87
74
42
12
41
19
95
78
67
68
49
11
16
43
68
5
37
29
11
90
50
45
81
18
21
79
65
7
22
96
93
38
90
78
93
33
60
80
10
39
55
92
1
41
47
85
82
98
81
59
23
40
97
32
99
67
9
77
37
3
47
98
67
21
22
77
12
93
97
43
4
69
29
44
3
85
18
64
66
10
46
4
30
88
85
86
6
80
26
38
22
66
27
8
78
33
63
2
91
4
88
45
2
48
1
9
86
31
67
48
19
98
5
27
17
52
83
28
1
42
6
75
97
72
13
80
40
89
18
91
89
84
77
81
53
56
35
21
36
54
30
64
86
67
93
12
11
15
90
79
2
77
67
36
25
43
81
99
18
41
40
25
71
31
96
63
59
84
52
61
79
7
48
72
35
65
87
81
75
38
68
5
42
8
58
42
56
80
41
48
90
83
27
12
94
63
40
89
31
47
19
29
70
51
8
97
52
17
16
82
84
40
17
45
88
98
10
15
77
15
18
20
11
96
61
47
7
43
3
9
56
27
5
81
56
63
35
28
95
13
83
25
27
51
56
76
75
32
93
74
17
34
78
1
81
36
57
63
41
35
77
67
51
6
84
65
66
37
76
91
63
70
32
14
67
27
33
47
45
94
82
96
35
3
31
76
1
72
58
95
57
91
69
19
76
12
10
22
70
82
89
16
43
24
35
100
57
52
57
25
91
6
71
63
87
83
83
63
52
76
18
18
97
61
40
87
13
46
81
43
81
80
31
43
35
42
36
20
13
21
20
92
99
26
83
91
19
80
37
78
64
98
48
17
48
94
29
35
2
84
68
48
43
53
79
78
9
7
22
71
76
68
4
77
75
4
71
51
54
60
85
92
68
81
79
71
99
54
9
59
3
82
38
6
61
32
55
89
31
83
77
6
36
60
32
56
94
63
62
87
7
37
8
1
44
90
94
27
29
90
54
14
50
54
6
22
12
10
75
82
24
90
44
49
5
87
31
48
20
12
96
8
92
7
13
62
15
44
14
96
45
50
57
47
56
50
33
35
36
82
67
97
54
32
62
5
47
39
81
87
40
47
51
5
40
39
90
43
91
31
69
77
7
46
44
75
39
99
63
63
66
37
27
76
75
99
13
77
83
31
62
61
27
73
45
10
63
97
11