924 742
35
40
6
74
89
18
16
76
40
54
40
33
27
82
22
80
41
30
19
29
21
81
31
29
80
62
18
82
54
92
2
23
52
90
72
58
6
98
59
67
17
32
73
48
51
28
75
78
49
47
33
8
2
35
28
37
78
78
15
47
31
42
70
50
11
88
26
41
99
62
60
73
68
5
1
22
81
33
78
77
23
34
78
16
62
61
18
28
89
50
78
75
20
79
35
24
77
41
38
35
71
89
8
100
19
27
4
74
57
71
95
84
16
3
39
60
58
71
88
45
3
82
86
74
78
6
77
50
30
98
94
6
31
92
38
16
4
5
67
80
79
3
94
17
42
78
69
90
60
1
8
62
65
60
56
7
26
69
70
1
18
44
4
3
37
79
56
60
56
54
85
41
100
10
90
87
6
57
61
2
54
90
8
94
12
93
66
56
20
51
61
37
57
52
34
89
3
28
97
55
31
9
82
96
99
80
33
32
32
44
73
48
72
38
26
9
97
85
56
9
93
80
82
95
76
4
55
23
51
71
40
30
19
84
56
87
30
28
32
97
61
3
12
26
64
9
62
89
36
52
57
19
28
67
16
36
37
58
54
84
14
59
61
41
65
57
4
3
60
98
84
17
3
16
85
16
36
2
22
90
15
95
26
63
65
79
44
5
46
34
77
77
53
4
60
27
85
76
15
72
90
93
42
89
39
40
44
60
28
48
96
12
24
58
54
98
71
67
21
72
59
11
26
8
51
57
67
91
44
71
95
31
97
75
90
86
5
55
77
16
74
39
28
34
92
5
32
10
21
49
44
70
57
30
69
44
99
25
87
11
11
36
41
35
67
7
44
24
7
83
85
30
56
5
100
39
17
79
93
48
49
2
57
96
37
83
36
15
44
65
77
78
83
24
24
49
85
57
3
42
31
54
83
8
1
62
29
34
40
32
5
63
71
74
22
37
95
78
77
65
74
85
10
1
81
94
38
15
93
22
58
15
9
44
67
98
56
49
78
70
79
72
84
96
34
2
3
46
13
60
69
60
49
72
62
33
42
30
54
70
54
77
80
9
25
50
64
96
43
81
25
42
65
50
57
69
79
54
33
81
59
65
55
100
34
32
81
48
63
27
72
41
7
51
6
42
50
52
77
87
14
30
79
16
47
43
84
46
21
98
14
6
91
5
17
24
71
74
29
77
94
83
77
88
99
65
57
77
72
26
4
82
71
51
95
33
94
22
50
42
85
60
13
41
88
47
53
11
86
42
66
73
67
52
61
19
46
45
63
45
82
7
28
97
59
40
63
93
84
93
5
64
78
7
99
57
62
49
100
50
71
58
91
90
28
52
28
30
9
13
37
66
55
92
25
91
98
16
66
20
71
83
50
81
29
33
82
11
26
18
91
35
21
29
51
58
91
8
21
62
32
75
81
23
43
24
30
36
56
83
67
5
71
28
38
32
81
15
24
12
63
3
36
20
73
77
82
52
35
20
77
20
70
21
55
80
83
7
42
29
4
43
11
13
19
94
5
79
77
61
98
42
68
1
80
4
6
98
100
83
30
95
9
18
39
74
96
77
22
78
68
99
55
46
12
40
12
11
77
80
60
25
100
95
17
88
41
54
89
52
27
74
7
40
9
84
5
67
30
32
18
3
50
62
1
3
27
45
28
61
25
3
79
29
73
85
14
43
19
92
84
41
15
58
85
51
78
41
64
55
76
9
73
20
40
52
59
26
96
9
39
92
65
66
88
62
28
75
69
21
58
66
92
48
52
27
35
55
99
9
41
3
100
9
41
25
37
65
78
84
90
98
67
75
47
59
25
40
89
26
80
4
28
49
43
18
64
2
62
13
28
82
93
1
38
60
97
83
53
76
9
88
76
90
53
68
41
94
17
100
30
9
30
80
43
43
47
95
15
71
2
82
23
10
50
25
86
93
25
26
17
15
74
80
46
60
99
100
22
56
6
19
13
58
32
40
50
44
51
7
54
88
55
49
56
84
56
96
20
30
11
11
74
31
100
26
77
63
70
53
17
42
54
56
7
62
59
73
18
10
54
96
39
32
44
67
34
69
99
98
75
64
26
28
17
84
17
41
32
91
99
16
57
80