673 953
52
3
71
31
75
24
27
51
36
33
74
80
27
53
96
66
13
81
80
95
34
99
16
92
30
48
69
30
56
48
77
52
34
75
74
64
29
66
97
100
50
77
13
93
27
11
2
59
37
42
83
20
73
22
15
72
4
37
22
61
2
54
4
12
76
91
81
45
88
76
96
70
65
67
73
34
32
12
29
29
19
46
98
74
56
81
54
49
10
78
38
15
63
34
23
50
54
73
94
5
16
9
100
80
14
12
95
62
7
94
9
73
73
30
50
56
6
48
86
29
62
70
79
88
85
62
69
18
58
7
54
31
95
31
28
22
85
2
77
35
35
19
49
80
3
73
54
81
87
92
27
52
19
53
23
69
9
6
41
24
39
100
87
10
18
24
82
37
10
11
33
60
20
46
17
80
16
21
44
85
86
88
91
5
69
3
39
20
14
54
45
44
73
78
71
4
28
97
74
37
81
3
71
52
38
97
22
24
50
52
97
19
48
35
82
24
5
61
50
14
71
90
8
71
7
72
20
85
81
10
52
22
27
76
72
10
10
71
3
15
17
26
26
63
46
91
32
65
30
15
81
93
51
59
65
87
61
26
100
100
56
22
81
32
31
69
78
48
63
38
99
1
30
33
40
86
8
77
21
100
16
77
27
25
83
58
22
97
79
32
65
67
95
100
35
90
50
72
15
64
3
48
78
61
72
82
19
65
54
53
86
4
71
49
41
93
25
66
83
39
52
1
81
47
2
85
70
13
10
67
36
54
32
92
40
74
93
92
82
36
3
10
34
100
95
99
44
52
20
94
61
65
60
38
23
24
76
82
35
12
61
51
16
20
40
66
62
50
31
40
13
14
20
51
46
77
74
18
69
31
77
21
81
13
48
66
73
54
65
6
10
6
88
70
15
8
22
88
55
73
7
99
37
31
67
15
100
96
85
63
17
86
48
69
24
49
7
40
68
29
34
13
23
82
26
100
55
34
41
38
59
48
93
69
2
31
49
85
21
40
79
91
76
56
62
63
76
78
70
63
21
23
67
21
90
33
98
8
17
28
5
61
88
59
41
100
82
81
86
3
84
21
75
17
68
16
68
70
25
22
40
46
32
57
71
47
43
49
47
32
94
3
53
44
90
24
95
86
12
59
60
67
40
51
87
14
78
64
13
45
85
20
51
63
64
99
23
67
11
56
55
44
94
26
40
68
18
66
28
9
85
39
73
47
85
77
67
63
34
91
94
80
43
75
76
43
97
8
42
82
24
79
90
15
88
35
52
11
59
5
93
51
3
99
55
37
62
69
19
33
34
28
62
16
41
17
9
43
66
17
50
83
82
86
18
6
31
76
77
90
64
3
10
89
69
52
37
54
51
13
64
72
38
89
67
19
91
30
82
10
3
22
6
60
56
16
95
91
33
85
34
62
98
29
98
93
81
17
16
10
99
55
90
47
98
84
67
20
50
37
74
39
51
59
73
3
5
55
96
5
3
26
55
17
24
16
66
42
38
5
64
57
46
13
27
59
21
65
20
71
37
26
75