830 74
97
20
64
11
51
93
76
9
35
6
21
39
91
18
11
74
76
66
61
27
2
28
85
8
55
25
66
55
68
51
34
67
70
97
55
89
100
22
94
21
58
65
52
78
39
2
81
22
61
35
19
33
72
96
85
70
81
20
83
43
29
59
90
1
4
82
84
49
70
65
58
77
92
49
61
69
8
92
82
63
74
17
37
53
45
91
37
16
59
2
70
3
98
1
46
16
90
35
41
29
9
66
26
80
80
77
62
43
89
97
82
25
23
1
89
95
7
30
42
31
51
7
52
61
74
14
43
29
14
81
42
77
46
87
99
82
44
93
79
72
53
89
27
69
21
74
52
69
34
19
93
100
27
80
80
56
54
4
52
12
27
95
66
25
39
75
91
72
47
31
14
26
53
31
77
46
24
95
45
99
63
85
69
7
73
64
77
76
12
55
69
39
24
74
21
10
71
37
28
28
6
65
39
54
97
20
85
94
18
73
52
28
38
20
30
65
48
33
96
23
31
15
88
84
60
11
94
48
45
51
92
95
23
51
40
61
43
63
2
64
75
65
49
34
11
79
95
43
93
66
71
1
97
36
60
78
47
1
76
7
30
68
30
97
86
52
98
57
17
75
70
30
49
5
11
10
85
80
65
21
88
62
9
10
30
59
35
61
32
54
37
38
10
8
97
55
8
38
35
60
37
16
4
77
89
98
53
35
100
47
55
43
58
59
61
81
4
3
1
23
16
41
76
94
68
44
13
32
84
89
70
27
36
97
78
56
76
25
94
37
87
11
90
96
70
79
16
47
47
12
50
32
32
41
72
85
5
67
83
68
56
56
80
24
80
59
39
50
66
28
66
40
77
73
76
57
26
16
65
76
52
63
80
87
100
47
62
4
73
92
87
9
34
50
79
57
36
54
80
3
93
66
79
4
57
72
83
36
3
6
17
69
63
44
82
13
74
63
7
52
15
28
55
61
52
52
75
81
13
96
88
58
68
6
88
79
24
9
9
18
92
52
79
100
26
96
96
70
58
7
35
8
62
40
12
82
66
57
85
91
11
1
64
66
41
67
98
41
97
44
25
92
25
40
20
35
21
72
20
44
29
50
90
50
85
25
45
66
84
57
49
92
86
26
85
57
93
55
12
89
89
46
58
7
17
8
93
99
74
16
65
87
93
85
23
24
67
99
37
36
30
61
27
26
5
35
70
51
64
100
6
5
37
60
98
12
16
85
82
92
48
35
73
71
60
68
3
38
41
11
11
57
43
19
13
56
64
77
83
98
15
60
63
67
14
33
79
6
33
14
1
38
90
14
6
26
95
86
74
31
16
27
76
13
49
96
49
69
20
99
78
89
41
12
54
17
1
15
42
10
69
8
76
30
91
52
42
25
47
6
71
33
67
57
61
33
23
17
27
16
66
83
45
90
77
41
19
99
66
14
58
27
38
78
19
35
27
55
16
76
2
52
33
45
15
27
46
98
77
79
24
53
92
45
30
59
96
6
75
88
80
25
72
52
76
47
23
63
67
87
8
92
79
8
92
37
80
18
91
90
55
31
74
90
14
63
3
89
26
18
8
13
28
70
45
51
71
7
36
14
22
50
22
37
2
59
58
62
100
48
1
62
7
60
6
10
84
76
57
51
73
81
83
88
62
87
54
66
53
99
23
50
55
85
33
92
64
13
18
80
61
11
70
15
31
75
15
6
67
42
38
93
89
14
3
51
22
94
80
40
79
55
55
3
59
10
84
37
95
27
4
79
73
69
58
60
15
67
63
84
17
39
86
31
67
84
79
88
31
12
93
51
89
33
83
50
42
9
19
82
46
79
100
23
50
64
44
22
96
9
32
75
40
91
87
96
22
56
31
11
86
83
75
43
72
69
95
30
72
29