409 216
44
15
77
15
33
84
99
65
82
67
42
25
34
52
83
49
60
2
52
11
51
38
56
59
23
92
22
84
51
6
17
3
28
51
34
33
63
48
92
21
86
56
94
78
5
46
87
32
99
7
90
89
36
51
57
90
73
54
19
67
62
65
33
12
26
92
99
58
61
3
46
60
17
69
15
42
25
31
82
35
66
15
78
52
54
88
59
53
95
46
44
70
79
13
27
44
67
78
98
59
42
34
29
65
9
16
59
19
44
66
57
82
74
15
49
10
44
40
18
22
76
86
9
52
6
36
23
35
10
67
47
69
23
36
99
49
29
1
52
4
63
85
32
37
34
62
89
69
52
45
64
81
70
64
89
67
57
46
57
90
62
61
3
40
41
36
54
22
91
22
66
63
49
33
81
61
3
63
55
44
31
50
48
11
38
92
21
87
44
97
72
56
97
100
39
24
63
69
8
41
63
36
2
74
69
86
84
19
57
14
97
20
89
86
10
40
60
50
4
81
26
22
67
11
23
79
36
70
25
88
97
31
87
73
15
80
17
25
51
58
60
34
88
33
22
63
57
16
75
66
61
71
64
70
41
21
91
91
82
17
12
88
26
41
4
86
43
91
58
85
9
11
50
4
34
63
78
71
24
55
95
58
86
72
92
61
18
66
36
18
31
59
62
56
96
43
72
73
38
48
9
58
94
99
69
51
27
21
17
86
58
10
47
43
97
19
9
2
40
21
66
70
43
72
67
63
57
48
74
18
88
97
43
2
52
54
41
32
13
94
2
90
30
84
80
71
83
57
33
88
80
27
45
11
26
18
27
46
18
27
24
50
64
13
70
3
52
56
40
17
76
76
8
78
98
17
3
22
85
65
92
85
58
1
40
45
42
65
93
61
54
1
17
68
17
99
22
10
3
79
61
23
80
5
90
81
40
48
23