473 970
58
31
63
25
46
71
79
50
83
22
38
98
53
73
61
50
26
74
19
81
26
12
12
99
78
13
99
66
96
41
81
29
51
49
49
93
24
35
66
54
93
16
77
76
71
41
34
49
46
29
10
100
46
54
30
22
96
95
26
63
65
25
23
18
46
42
90
70
14
2
87
95
88
91
24
2
41
46
56
65
54
55
58
16
8
43
89
12
97
92
59
72
15
93
15
47
28
38
43
21
65
31
67
8
98
75
73
10
91
30
36
24
72
22
71
47
79
83
14
72
77
98
66
14
87
94
28
42
82
4
18
95
35
99
68
38
30
26
75
14
71
70
46
62
52
4
96
55
89
7
76
54
7
64
58
99
5
92
34
97
4
33
78
73
100
7
17
3
9
48
79
11
19
14
32
96
8
81
1
33
86
84
27
27
2
11
80
44
44
29
44
94
9
45
63
20
85
25
73
91
51
25
28
63
98
4
51
62
93
91
93
59
50
24
9
81
48
46
57
15
81
64
41
94
45
18
70
32
75
79
30
54
53
53
22
10
90
53
19
91
54
70
24
40
45
25
49
12
60
4
65
35
37
57
49
38
51
13
35
96
54
87
45
92
45
39
8
12
69
26
85
30
70
44
39
31
91
57
52
7
100
33
21
63
42
92
99
80
27
68
78
72
53
30
82
85
3
64
94
33
34
29
76
68
91
80
97
11
62
39
65
45
54
20
52
62
90
88
89
53
21
34
85
74
32
59
14
87
65
92
91
68
30
44
89
71
89
62
25
42
57
27
17
70
89
17
71
59
81
67
23
20
35
95
13
49
6
57
58
78
20
48
67
6
45
63
30
85
65
65
60
72
32
37
13
59
43
30
95
31
56
54
18
48
57
84
75
17
17
9
2
20
69
16
71
16
100
88
29
98
56
97
70
28
81
67
68
64
62
47
11
67
73
72
56
49
93
46
86
53
92
49
69
35
90
90
42
60
30
54
20
100
49
94
64
6
83
29
11
61
33
10
69
95
44
45
100
66
95
45
94
42
57
44
49
73
10
36
86
12
86
38
8
38
8
75
41
42
47
56
33
80
52