525 980
54
45
66
48
10
52
76
56
19
89
69
35
69
90
58
88
93
1
89
73
59
41
20
19
36
76
36
73
32
23
35
13
11
76
36
61
99
67
62
28
8
79
82
85
84
12
11
37
10
2
32
94
66
56
66
17
39
70
58
69
43
38
7
42
7
99
44
98
26
18
54
29
14
4
20
1
38
76
28
61
32
50
22
24
93
43
87
84
9
48
3
59
40
76
79
45
37
37
90
97
67
10
75
40
81
23
3
58
51
49
86
100
9
28
12
57
34
76
34
8
71
84
5
5
43
45
11
59
81
98
54
48
84
89
31
100
45
12
20
95
27
44
73
37
75
74
49
99
38
64
73
68
36
25
10
88
4
70
69
94
65
86
34
85
62
88
1
73
34
86
90
51
66
35
4
45
50
96
86
18
56
100
44
28
43
28
62
76
15
23
86
54
74
95
43
4
98
36
62
53
68
63
57
39
7
73
49
94
67
3
10
99
43
32
86
52
69
10
53
27
25
35
59
64
56
2
14
97
86
55
23
36
9
94
14
68
54
92
67
96
77
58
95
59
4
49
53
88
52
18
62
78
3
49
46
10
52
83
78
88
76
85
90
54
61
49
7
14
79
26
60
11
43
79
70
65
92
82
47
32
100
93
39
19
21
23
81
47
78
60
53
13
49
92
48
83
25
50
40
29
55
41
56
48
12
42
75
17
61
45
93
19
20
17
91
92
21
59
23
61
19
65
66
44
66
8
67
10
24
68
90
10
96
26
26
72
14
15
38
32
93
14
86
79
64
29
71
46
50
82
88
88
8
69
30
80
84
12
57
91
57
64
3
27
77
40
39
75
51
19
44
52
91
89
99
29
32
50
100
82
15
22
62
99
60
17
89
61
46
97
75
74
49
24
49
81
21
75
45
7
4
8
41
86
99
61
57
3
20
61
73
21
49
48
64
92
55
94
34
74
21
31
3
21
30
17
17
80
16
21
66
44
92
71
52
34
55
91
13
59
11
39
36
42
67
68
86
10
46
45
65
94
79
74
33
20
37
94
40
48
95
7
39
53
88
17
78
13
44
15
57
1
57
75
20
35
30
30
56
29
42
75
96
56
71
3
37
41
8
34
36
39
71
85
18
71
36
42
64
52
22
82
45
64
4
44
26
79
41
55
29
97
50
63
21
77
35
50
7
49
78
1
93
12
82