762 748
8
81
53
49
81
58
23
70
39
68
16
26
11
69
24
11
62
84
73
17
63
59
67
41
69
38
24
52
53
78
32
7
93
67
68
75
93
96
32
42
28
84
87
25
34
94
83
69
24
31
11
34
59
41
1
67
65
78
74
49
52
3
78
97
63
45
52
38
28
5
98
88
43
62
70
100
8
31
30
92
47
22
67
31
85
85
48
11
80
19
11
29
46
57
21
34
39
15
24
72
19
16
51
2
63
18
90
42
40
46
7
93
81
46
52
13
84
47
62
29
72
32
55
24
69
11
62
79
48
47
35
93
65
19
69
15
55
19
8
42
40
100
71
26
22
77
42
43
74
49
59
63
31
66
9
98
21
62
4
41
51
89
67
55
72
4
19
7
64
76
43
47
19
93
72
86
78
17
96
24
69
100
96
65
44
27
89
80
3
86
71
20
96
25
97
81
59
69
35
3
40
56
95
46
81
2
70
10
49
80
66
53
67
34
70
44
1
89
87
34
74
29
63
57
24
94
55
34
53
32
47
80
72
24
67
24
35
64
93
29
61
81
92
17
70
90
87
70
39
39
53
2
1
38
13
48
23
17
68
64
28
65
70
51
93
21
27
43
86
54
66
32
100
6
37
71
3
82
70
90
47
36
82
87
63
49
21
1
83
96
59
78
53
90
46
66
89
42
20
22
97
7
40
84
13
35
65
91
25
29
59
67
38
82
28
7
30
33
94
73
98
64
78
88
45
96
34
42
99
62
47
39
45
88
55
26
34
99
4
38
71
59
61
41
53
17
26
54
16
1
69
78
24
60
90
25
56
63
66
33
67
10
20
60
96
90
23
38
90
15
97
83
44
45
27
33
39
24
22
93
18
78
83
67
31
33
4
35
57
20
9
93
35
2
98
94
47
79
65
86
38
51
52
40
49
12
96
84
93
26
14
5
80
3
92
18
88
34
69
17
66
10
87
93
90
84
31
36
49
88
56
99
51
97
37
91
95
67
31
16
32
32
91
30
3
12
63
69
1
31
66
36
35
18
90
65
43
44
52
27
92
17
42
24
17
1
97
94
39
92
99
84
3
80
9
19
96
53
76
65
5
11
12
73
33
20
47
88
25
58
29
47
27
55
34
56
36
52
25
43
69
86
32
15
45
48
90
79
28
95
81
77
38
59
79
22
23
16
70
31
85
85
69
65
30
63
68
39
37
70
97
16
5
44
11
62
95
24
27
85
6
16
92
8
13
100
44
50
50
35
86
13
87
8
49
66
97
36
71
80
89
12
20
5
19
47
36
8
78
93
25
68
15
89
90
38
25
47
15
16
23
5
41
43
77
22
72
21
52
14
29
3
45
99
37
77
86
41
90
41
60
67
70
38
16
79
93
62
56
60
61
50
9
61
36
25
79
1
47
22
87
47
91
14
8
43
98
42
100
44
98
82
68
36
17
41
3
60
24
99
15
42
82
69
66
1
91
97
59
94
49
81
37
33
99
94
30
42
77
2
42
62
92
56
50
94
16
5
37
65
38
99
17
38
48
36
78
20
19
22
70
3
10
6
41
81
68
43
99
92
10
48
40
47
4
29
15
17
27
41
39
28
54
21
95
95
82
89
85
35
13
91
67
61
42
13
41
58
68
97
89
71
2
78
30
53
21
92
38
54
23
23
99
14
51
43
47
61
7
11
63
80
38
43
58
8
56
59
57
73
70
67
73
2
40
65
70
72
85
10
2
84