888 393
40
21
23
23
64
43
7
86
91
26
74
31
93
95
79
72
78
98
34
69
51
15
11
57
71
58
38
34
22
30
48
50
80
84
68
6
88
86
28
22
47
11
25
66
86
72
38
89
35
3
8
93
37
65
12
48
66
49
86
1
10
86
36
15
46
100
53
13
43
45
78
90
34
95
85
1
62
69
78
21
28
41
64
33
82
90
3
85
52
25
37
58
24
45
76
19
43
11
99
41
40
62
17
33
10
98
92
13
95
66
9
64
14
82
93
32
22
63
26
29
57
61
44
8
68
2
33
44
25
24
1
43
47
44
46
92
60
88
52
23
96
54
66
73
73
55
56
46
54
13
17
17
71
84
6
37
31
89
47
49
7
99
17
55
70
86
72
88
6
30
12
59
25
93
27
53
94
92
40
57
44
76
37
71
73
69
27
82
53
41
79
51
61
33
90
34
84
72
31
31
27
69
97
66
19
86
10
35
47
73
78
26
16
24
30
40
34
25
30
83
61
83
62
95
86
56
17
36
40
35
20
93
98
59
43
1
25
53
81
12
42
38
70
65
31
15
78
34
38
25
4
73
98
64
86
55
15
47
51
81
23
58
71
41
8
85
64
51
57
81
88
81
2
65
4
90
2
32
36
55
23
75
90
43
56
30
99
10
40
81
1
98
45
30
75
69
8
83
53
15
34
52
77
19
96
4
91
18
51
40
14
83
27
84
13
33
97
33
95
52
74
89
51
19
54
67
19
64
86
24
75
44
76
18
81
46
54
23
71
99
63
98
6
83
97
2
45
90
17
79
69
2
43
99
68
83
19
88
71
87
61
44
87
46
83
3
60
38
65
38
74
47
22
27
94
60
42
52
85
49
15
86
79
19
5
85
51
97
20
81
35
6
94
55
79
65
35
94
33
60
67
74
9
59
14
21
74
90
98
68
80
78
65
29
67
92
28
13
41
60
58
58
47
28
50
7
93
40
2
29
5
33
25
81
97
90
86
71
95
79
87
98
75
71
90
25
18
85
54
23
92
6
2
15
60
3
100
67
53
28
42
26
42
29
46
22
4
89
13
82
88
98
58
64
79
93
79
56
56
49
22
5
36
57
98
83
17
39
89
55
48
93
41
6
74
37
42
37
9
33
92
47
21
94
86
57
76
82
81
2
72
94
47
42
81
77
5
44
25
89
75
24
18
45
6
66
50
25
67
16
35
41
96
55
10
98
19
83
29
14
26
94
70
87
38
57
22
43
85
63
83
74
84
66
17
91
51
53
49
90
73
95
60
8
53
59
13
67
22
58
46
28
37
90
77
16
34
83
59
82
37
42
52
82
55
64
68
17
88
34
22
2
87
34
93
74
52
51
100
56
60
94
89
38
56
80
15
9
2
43
60
70
85
68
21
3
28
48
36
36
12
53
76
92
27
74
56
75
96
13
54
95
12
4
98
32
74
33
78
95
19
99
100
57
75
46
53
44
5
54
99
89
3
36
18
72
38
2
65
63
24
43
68
81
97
28
75
34
83
40
1
47
84
49
8
6
81
50
40
75
83
97
42
85
9
96
90
57
76
49
80
7
36
61
14
90
47
12
62
33
39
14
39
91
62
53
40
29
58
68
15
34
80
57
96
7
84
33
94
72
57
91
47
37
7
21
61
99
51
63
18
28
43
7
28
27
46
75
12
38
17
55
39
66
12
21
98
17
82
67
57
61
84
47
34
9
66
56
89
96
8
56
60
7
2
11
58
79
86
74
52
20
53
53
12
57
43
15
19
24
5
32
15
1
50
54
45
56
29
67
25
25
25
12
60
64
95
47
8
13
74
28
37
57
49
10
53
75
58
89
59
19
69
26
61
41
46
53
16
21
14
4
54
65
72
86
45
19
38
56
7
69
35
11
55
4
39
58
91
7
91
61
64
20
53
79
78
16
12
99
33
83
74
26
99
3
79
5
91
76
77
72
70
50
14
60
71
68
85
8
10
84
64
5
77
74
25
18
45
17
74
78
86
24
45
92
76
94