1 0
2 480
3 30612
4 2437704
5 196031050
6 121929380
7 990166859
8 87877797
9 149438319
10 329528850
11 873349511
12 183645453
13 445203055
14 337866455
15 263967636
16 591518706
17 85959677
18 450332548
19 266173358
20 898289738
21 748820421
22 332062776
23 635070105
24 705008969
25 684458782
26 569171758
27 830663036
28 388685097
29 348680318
30 909947011
31 276968388
32 425048198
33 284571762
34 275108650
35 611943223
36 302208492
37 834561491
38 314175797
39 386077712
40 503274269
41 563346112
42 186611202
43 371764364
44 56716679
45 718905657
46 748893906
47 308994184
48 300121148
49 649173213
50 741070500
51 610084483
52 32330120
53 142823198
54 994463980
55 865882713
56 364366965
57 961782775
58 301265424
59 200130670
60 407308964
61 443116575
62 886983557
63 191815129
64 705676630
65 303086336
66 502038491
67 92682752
68 473773517
69 270538999
70 65580137
71 465827573
72 762939495
73 254670464
74 805291220
75 977340138
76 23132322
77 218983079
78 539512196
79 466855576
80 840861817
81 563108456
82 433035359
83 558371216
84 855766005
85 625360234
86 68108950
87 751084486
88 994275705
89 202232574
90 49377894
91 698223046
92 86189782
93 753755512
94 306212260
95 13028087
96 685437373
97 677923451
98 884416669
99 546496828
