5132
68581
65177
34983
40365
37718
68539
93599
49630
65122
33858
42764
19735
76619
65780
50511
47192
95485
79270
76339
66793
12083
67347
80734
8432
60394
67292
85062
14304
97251
80513
935
17051
72885
84898
88852
94983
74412
56598
90555
73128
79638
71401
32944
26349
412
31374
41113
57681
59558
78447
24858
62658
8391
95645
44336
54311
46479
85081
39592
21174
55239
7204
20550
67694
70001
22147
67750
75037
73629
54591
52941
19379
82427
52118
9044
31522
5828
10324
56719
37306
12076
75686
1597
44813
55488
28355
56010
25566
1943
74297
81691
76677
63861
57234
97715
73816
63214
68643
59647
17643
43561
42716
77763
91176
17360
67418
30126
67680
6527
53612
66564
71813
95748
73372
56671
43289
28868
51056
39877
15886
75598
60000
47618
8969
75736
16613
24559
94831
30836
68765
87619
82912
71944
98499
86744
97974
20708
44517
95276
67390
4151
13501
89885
42429
47978
35724
13126
67608
36513
99581
70472
26848
47333
90080
50293
28998
71402
17443
33272
49176
54908
43878
18677
31607
38750
15916
6199
14377
11883
40112
61472
62524
6655
38704
3864
5495
96954
11214
2571
2894
25053
66186
67350
46230
8203
97350
30167
23988
70797
25655
76734
95642
52409
83162
16633
99041
45856
18887
90191
38837
56068
15824
85075
61045
48812
24732
64238
22017
58740
30253
58318
75325
59920
24531
27717
84546
47350
87248
85615
84068
19484
10909
77195
77795
59679
96661
44103
77948
197
61768
8588
26568
71645
78810
12508
21858
31038
88602
39092
7386
69588
55246
41779
49548
8571
57759
55743
94470
257
74760
33860
32688
10379
40400
21530
24352
90269
94562
1656
85974
29877
56926
26568
81574
18163
55017
87945
80561
85084
87102
84593
78170
44814
10845
30308
87480
69449
4149
89477
22880
46151
9811
73958
21682
4379
46085
93786
55226
35506
1185
51289
91650
94756
45818
46638
44800
85435
77509
9268
97127
90992
8129
21125
13151
14626
7101
80400
62261
73469
75426
52564
88844
61338
20790
68023
74513
15167
22400
65327
52416
49398
31759
33418
12277
46033
46028
88026
47087
92142
54758
17968
88788
96233
77532
14958
98515
85193
32279
19398
43017
60983
96639
30442
69824
61938
80095
25168
90552
30953
42667
19318
27006
10258
93677
71760
57369
24833
70796
84991
26413
67527
74406
78940
46035
47432
4712
89707
52105
47471
24377
88809
80279
37603
16343
44147
27072
59194
44078
49858
63591
37230
11148
5075
4939
96252
13623
35091
98937
33264
73788
88565
10293
40147
61469
5225
44440
51358
55334
32193
22379
38327
91978
96359
46135
87057
32321
92805
45917
30039
31941
95465
27309
8942
44358
12711
95781
19966
94964
31778
49300
5015
70485
35593
51443
50377
28044
5643
40392
4756
83403
80336
77873
88100
31282
50126
61468
53329
15881
94381
69462
89705
38494
70420
28862
10336
64445
88184
91888
31006
24118
88947
48478
43378
45732
30429
89377
75477
98870
47431
28070
15260
37442
27991
35995
55028
9522
82952
28334
84954
55302
31769
46967
66251
66600
16427
26815
14430
67883
84841
79702
71360
26863
12858
9922
4176
33132
87143
6612
61150
50977
10164
61585
44729
12488
50044
76319
78894
15152
69455
8550
73931
63169
12423
49179
53888
67113
27767
51724
18996
40322
5240
81590
81830
18879
62268
50758
55668
74673
97066
29876
12809
95437
85161
33975
91000
43940
92472
810
93107
97277
54693
89757
99339
37613
46314
11693
12303
27245
11388
19631
30535
68564
67570
13948
43924
38584
22933
41628
20845
45274
75427
4828
57461
93335
51170
94840
34294
81158
97104
41142
24154
61806
3209
16778
53379
92329
66796
52036
15763
16393
3369
38729
73315
87905
94774
53726
97005
60764
10663
22671
40519
59593
20271
35842
58621
88822
52433
30218
19717
82402
94521
17826
33408
17453
25747
77173
12782
13985
13782
32485
50562
50513
6766
16053
19634
89674
79242
41954
99269
8172
10639
13118
75210
91769
72747
95002
93399
97724
80283
5784
95576
51220
15681
85108
36139
44283
12774
12033
44624
98258
88059
64672
61862
15544
67132
36688
80276
65629
98220
87803
7928
23553
40397
32869
33875
696
47688
68132
77673
66699
50418
36686
8411
1741
67904
66813
51017
33829
36902
66613
25982
9054
54147
81807
94396
51485
73356
58620
54177
4519
1183
56938
73678
54425
40232
86048
79954
71533
77393
77910
9814
24222
74677
91687
94042
20393
16802
19027
98185
75685
29744
91815
46780
38890
19048
43107
69802
51125
32937
55876
67441
2965
6259
3850
8014
79181
13753
95816
9924
74041
84818
80164
31999
93039
3708
55924
15761
89177
54928
60734
9940
6996
43706
72119
50195
16038
66770
13955
87165
8254
4016
11590
25562
39204
53555
72766
69013
4061
21579
9752
33517
28894
48664
88910
22577
82924
31154
73957
36937
75331
38085
84448
4855
88241
62401
3731
32672
69307
12027
25548
30396
67479
68245
77001
68163
90726
20165
7854
12233
27971
3486
39375
50110
47884
783
24793
69784
19343
14883
21936
25588
39487
25684
94419
61831
88387
91954
77885
71664
73223
33663
75268
61017
76709
33214
79196
96510
96103
92583
49674
19331
71796
50271
44657
25530
48927
87472
42909
92551
46324
91111
14103
52799
9845
4262
39211
8312
90865
66365
89639
36555
38081
77262
63243
76705
84848
76331
43987
18097
39839
3020
15613
55006
50288
58589
89755
69087
73487
90329
11379
47861
821
52079
37458
43368
24378
87777
66773
13304
29138
61052
52756
34600
88248
4614
18958
76208
422
41257
78781
2635
37646
11648
10014
33758
35996
47213
15579
25990
73487
9929
49954
14073
81602
11709
28819
45839
3470
85899
22916
24228
53307
90610
5751
31563
80177
4530
38313
7834
86097
34201
76250
22597
98970
67885
30518
8885
6603
13387
81243
82966
18491
7734
80960
51739
71674
4680
64748
52523
66559
73093
47922
96308
50004
23547
906
48505
27327
12283
66510
10528
94164
62161
45313
96266
58423
78427
64592
27464
46889
76349
29351
98841
50247
4697
78885
37345
16059
32087
56614
31366
90714
11619
11764
53901
76410
59716
54064
32736
4833
19080
49485
19566
71980
4858
24743
93470
98988
33687
88228
46557
91304
78281
86455
68132
38119
27435
32622
21182
60701
71696
60240
76940
97153
9734
4767
95416
48168
79636
5326
1861
90507
85116
78306
24565
4899
78806
34924
81059
76711
64597
43993
29336
40557
21057
82617
92731
61297
42964
81851
89838
3528
6726
60094
6688
55615
75707
2957
11993
53822
35951
199
73507
3713
97155
21351
67783
32404
97118
74383
28524
67441
59795
67459
57440
16101
61585
77242
39052
33187
97648
62276
94218
20407
26580
74250
72911
91921
90256
43216
40680
71616
98622
4400
26624
11553
37535
50932
11184
22936
82191
73868
93733
80032
50151
22514
82121
7039
96992
22596
12445
73264
64507
43634
89527
74146
32880
38310
51092
13763
41384
77127
97671
71018
379
36151
48177
50774
25487
95676
719
51075
24263
31764
23048
20611
5863
44296
93803
60549
84812
76916
35451
32976
25312
7258
97262
60675
41861
19011
84631
81735
78753
62409
55397
70160
97990
27808
51729
76688
83636
66014
54839
97759
1295
91098
23526
69826
72621
54442
96582
27242
9180
49636
75939
666
89432
28750
9495
35770
11907
79618
66054
29050
15988
5475
38693
42389
73285
65427
82145
19877
69175
35066
84613
14494
25342
35011
93851
54275
77973
40761
8929
40426
70009
27228
67964
95048
97250
35794
72261
94835
72428
88446
41477
38926
56742
15625
51069
43963
85596
72783
83734
2184
74331
42938
70785
5695
37396
18349
6493
82162
42977
37420
63836
72970
3801
25282
72570
38924
48510
10645
58885
83074
74752
77828
69184
64119
55877
98761
11846
66412
49984
38757
153
31830
25873
41699
42792
45002
18504
52647
71377
35803
48194
56476
96643
54183
97358
42835
13700
87212
5643
19946
26952
5334
24162
89068
98268
34237
41735
42269
14178
41341
38833
68892
94673
60257
11685
68183
26171
35967
9808
70796
11381
98229
19654
25637
76476
29873
84244
99179
55504
38841
93741
87111
36837
42877
15076
23629
22864
76353
76182
10856
96891
13819
49293
74610
80447
63562
38239
14419
5876
84154
2451
92326
95212
89911
8728
70165
8619
71736
14188
47406
72548
17466
12514
96032
95784
72531
96209
57768
86404
5839
33844
25198
96312
4247
29539
61373
80051
93893
86115
82233
54356
49369
48214
94032
9615
22280
49798
62952
47088
91853
15210
652
72812
95118
51350
21143
68814
95362
31422
32280
25154
70475
14756
99356
33839
90440
93888
83461
2044
18909
49230
57613
11740
30859
44721
78683
38030
33469
44037
24644
77017
29037
9014
81698
1688
43096
44568
75385
16853
98973
76198
50856
79711
2801
97083
76031
56028
80560
53794
97753
82188
4377
41695
84781
23757
11913
61269
49792
44611
92689
29764
74769
46123
28455
19162
16385
68011
3509
35109
76145
5155
32466
94544
75854
67136
85741
99833
48307
90679
36835
82407
68733
46489
30825
34194
73731
65896
45080
63807
60172
43952
49817
76747
237
48960
7887
4131
25228
38565
7953
50376
75082
17140
27204
6896
61151
3943
47564
96435
9257
12799
9030
80826
44415
77033
66331
18530
8551
17975
42207
64925
62064
26695
70966
8489
15492
45267
76081
98517
93739
39498
95300
14884
20634
60382
17712
27492
10801
58717
27072
16255
64082
46499
99954
23523
27653
79344
84458
91839
49910
20355
29401
29939
46277
95946
85653
46297
8935
70573
78966
76103
63592
40540
69297
28055
31893
90812
25474
29556
24176
84793
52183
99088
40621
91031
40236
73615
45869
45809
51251
97088
64158
56692
68318
7885
23135
96905
77588
51308
10087
81029
14349
56360
99415
52742
19107
16490
74933
89853
55412
60301
81862
79669
6569
82738
13593
41295
23556
29204
2889
10190
72816
26359
34712
82129
92168
59514
72310
18773
38417
60861
10019
35150
24298
18066
11579
80580
51943
32273
24416
87058
65237
91744
63100
52357
62768
22506
63063
29274
18101
82045
787
16687
79248
77653
81800
56678
99830
43801
38176
7503
35216
85624
79322
98240
29532
22760
19427
26439
83465
44584
39097
39659
67372
14082
49241
36323
24173
16205
65237
23566
7140
78803
35756
90524
28903
93779
78412
5044
30327
84318
95992
52694
26812
39583
611
28188
14108
72356
25838
1954
71772
66547
84900
57462
52585
2714
99003
80484
62932
67097
57905
33951
44486
8557
44865
18331
51438
29790
84929
43058
94517
9368
72745
14368
83420
77953
84251
69420
8408
20863
27026
88402
53061
16416
82593
88095
9781
56825
7548
75272
63011
68046
23864
85869
44373
8327
62103
99218
40544
36094
5184
3740
57260
35981
33234
59627
66548
93912
93092
47351
60542
73844
31852
55986
21287
4409
79422
83341
43379
40114
94354
39908
32476
50848
27671
70852
25169
65371
16610
48172
23453
16678
8173
5967
783
81130
26132
26205
35104
67580
82220
1689
81189
38808
65551
37873
21839
9753
33771
61571
6919
86442
47942
8250
15020
6008
79398
99699
37691
27968
38740
91942
67674
51685
80556
77156
40835
60870
32710
17984
67114
58889
30384
46006
36031
22775
44057
5653
61200
52019
23023
14957
48160
67684
48070
35491
7527
15495
6858
85573
75597
52048
11142
47673
31648
38271
22245
1565
72346
63194
63521
69379
53940
89322
94677
98826
31234
46162
75682
9712
28517
20994
14390
76955
89212
51468
24775
11126
3623
32760
14426
16903
5034
26835
95745
63567
27937
86915
11345
27207
85123
4489
31139
39708
99794
88300
82086
31031
6889
88537
45141
53201
47721
63354
1460
1224
86657
58408
1721
32438
59708
8453
49107
34447
86034
39866
40032
25396
61758
955
44068
16058
55598
59797
77632
31221
80305
79029
94653
77214
7805
21263
88662
603
6097
71140
94562
79636
29835
36543
21287
28325
29496
9231
5695
71054
19563
26247
63502
95777
35150
97155
83898
86316
80829
20057
79693
46425
36857
42335
3356
8470
72605
87982
84289
928
83733
88217
43768
39166
40188
2761
1148
95078
89144
23737
99224
77655
44161
49014
15631
77245
15696
4522
155
74621
84339
65456
1015
90754
78398
63709
56625
79133
9973
43308
69713
56663
6222
66218
85868
91465
17327
42271
18495
45342
46257
46004
83105
89120
74506
82694
15244
70593
86305
32383
42921
22541
42090
42982
9359
46535
60452
9388
2960
38381
17420
5026
9402
67881
50350
16666
91459
36134
46304
91873
86165
54964
67935
88503
5233
54584
20505
14280
89915
83911
16315
9049
37456
85057
72456
84472
39539
47848
23186
8657
22967
14872
22339
61753
14588
37100
23711
52811
69348
9977
37257
10817
89441
99158
96540
96682
96133
74201
66145
9730
68285
57463
38270
61769
7254
88469
89047
47459
30247
50292
94490
60077
4492
46051
36624
83404
63891
73359
19999
46983
47898
71446
87739
17382
1006
1393
28483
56708
49333
87124
44053
75668
64502
51333
39336
11717
93634
59391
24319
38965
73402
90750
73478
64472
25977
25746
8483
68645
80751
56994
76930
18638
19412
84032
27073
76233
65549
19648
97088
50345
62923
15438
7857
9904
79609
2898
5836
66435
97077
43144
60790
2764
66062
85014
73140
73379
16223
60114
47005
28850
62563
74908
43633
59316
78818
46325
72252
54241
56773
78626
91562
79904
46876
43578
45498
15733
50848
48191
91830
71551
39921
25718
79690
76634
94375
7385
77721
23510
48212
16952
23930
76674
11955
69135
33901
13289
48427
32360
27629
17577
97947
42016
18303
85017
28133
88231
22487
5234
22894
999
91275
16737
8096
40380
4877
6613
68245
27152
70142
87238
32923
58367
1233
17868
38182
13599
26037
28950
55713
90839
93896
45472
31948
46681
33831
34743
87413
48103
47636
82274
58823
12633
54142
2325
65061
78626
35561
78243
53425
43035
86692
45458
2204
26198
45897
759
14524
84072
58496
69121
87267
88999
55038
30846
11511
84911
28083
27951
5701
87055
59432
57513
39821
99497
68193
46371
55817
94416
15660
64064
46262
4640
25998
49781
20609
71917
70355
19903
31373
22188
97735
2893
96268
86725
19513
97437
52046
5380
81124
47276
93628
37594
5030
15429
8600
72646
66850
72561
64032
49227
22138
37138
24856
91778
72639
10669
22096
6713
73120
63821
53470
92687
2408
91744
84322
22500
91094
18632
29930
7425
67063
45687
86440
85033
79846
13520
14721
36776
15071
94063
22864
2923
52567
28102
79028
94967
63552
4508
56357
22989
62796
69332
65917
35511
86169
66871
49280
37817
9224
48660
41440
53856
6160
80321
17130
32032
34524
50062
48119
66001
98298
36586
89481
37040
71389
50202
98903
491
46997
16314
10089
48372
39364
86809
3933
82255
22172
87249
77687
82241
77432
36594
86345
52568
95665
8005
29504
68550
3674
378
16718
44698
28041
86569
4024
49139
75966
3475
9170
93550
35486
48034
97026
82896
40537
83240
86932
96796
58749
14982
62803
54461
16815
56151
12299
16096
54722
12496
79314
82225
72222
12490
53838
57344
18590
246
37447
35845
32590
29010
49852
42053
72120
29994
90492
8404
6225
46555
26769
35856
45942
11964
60635
10954
83409
41233
66423
77062
17233
15159
26275
61700
44019
93779
37151
38112
29186
2823
44952
12644
10030
46506
74930
42971
4841
89732
36604
79975
4517
97324
66532
42491
51265
64454
95860
85331
83879
13187
67324
44859
71441
31573
33111
48699
85478
97
1996
99398
17837
75904
42752
21040
40974
16738
97051
53170
22549
2601
54815
67722
60042
93990
7306
47657
50070
7824
48583
72309
67498
6250
21687
59865
48848
2414
532
52342
26087
41569
24066
37577
91726
11447
7187
67270
61945
94254
61398
65846
61230
62994
88834
467
39090
8745
33434
90738
56252
49761
29401
9229
1850
85626
65818
59680
26517
55650
58540
56910
56369
97921
14491
3994
64420
96845
3302
45189
64755
3153
80211
67968
66369
73276
9273
70285
18663
98416
31807
42134
46359
46688
85805
86880
68571
22149
17980
98052
26856
76224
49506
69957
95984
88080
41521
32465
59509
1246
93022
62447
28737
6217
29973
46892
22169
99645
79919
93975
63151
5582
11222
53974
75107
66693
65277
25786
92840
53611
42570
23898
41514
37812
34473
50568
96349
1987
43440
16702
64702
70868
26243
97783
27064
17621
18437
56396
94621
66383
59934
57829
67979
28022
2931
73919
69541
35368
50834
94174
34316
48210
55743
41377
52820
94555
43592
68121
60019
90129
49486
17556
51406
882
6290
61157
25669
36090
19016
10556
14022
57528
60087
90120
39825
50590
51888
83303
62202
45667
37359
27005
55341
96371
82281
93757
73720
43354
61756
61312
28993
60973
67426
56972
25727
73431
81975
30603
50073
14653
53562
59374
72188
68886
31306
90015
45942
40621
42711
31688
8279
36157
36963
18840
3219
93276
20412
57666
630
72699
75544
27255
71832
92250
83748
16051
42508
55545
11817
66681
45909
67050
71128
43407
73739
59233
40225
97572
60150
66582
78152
45860
21048
55115
22960
17644
77270
79613
69597
48672
92986
83578
98028
5766
79146
48528
1101
11855
60536
31342
79764
75030
79515
42420
10151
27748
67176
13532
40584
11414
88258
41749
37574
9354
92322
59234
29332
84207
47926
89982
32336
60325
25180
54054
60347
60531
88814
96399
74337
10674
10550
11197
4166
39105
830
38439
92589
88898
34230
66784
87746
46994
39455
94565
60329
40668
10857
4257
81566
40811
76883
7863
27837
20299
44979
97012
39650
93394
13483
40022
51797
3667
77964
28716
18056
30620
84560
4922
94222
26959
64653
4028
27831
12387
79899
8606
66035
62932
1743
72278
7803
59669
25143
62210
32005
72636
35186
70058
17645
69707
8646
76040
26878
58064
26565
70633
38145
39882
95004
30038
61410
43504
33791
54674
82354
496
65631
79024
98872
47633
46099
47913
26228
57761
55998
5014
87217
66889
29826
37810
49730
40431
28505
95210
13271
72230
67969
39637
4793
57455
66463
39981
15285
74902
12197
66181
99981
11754
3877
23071
99981
4272
18622
50286
66706
71572
18711
54876
83430
79029
82607
29308
57491
13273
62203
3991
35139
29139
62028
89634
84909
96842
68461
83388
73015
71663
26192
52598
94999
35825
9864
11595
50348
73501
84516
49436
97855
92224
57663
92353
90777
4123
44621
19555
53651
56266
13729
1327
25538
35306
37018
61052
62746
70411
80688
71447
20707
13848
53535
36162
41141
42230
96614
40294
60569
30567
44823
67937
62528
36015
42843
2885
36950
3771
66128
72411
33062
21129
61922
75826
48817
28783
59391
53475
88202
44396
25571
93963
91587
15614
94597
94824
38838
76162
53036
79320
76444
62136
25902
57666
18128
31372
9164
52037
7402
39824
46554
7008
50486
87633
71217
28866
15637
43665
18561
5224
59903
58319
43865
12115
31117
8653
16179
41516
3889
66093
86125
34840
25777
65058
71331
56237
7527
45849
83150
94053
2742
31918
80415
6959
73114
31507
38627
65229
9879
10317
45051
86071
90495
42195
85662
62036
91913
66260
62460
80919
8466
69539
64903
24456
30031
32568
10835
28472
46361
74341
66884
83313
93767
44916
95037
3583
25928
50799
46123
85220
99957
48291
59057
10593
90717
36203
97831
95938
59730
10726
16760
63338
45501
97203
11849
62564
15060
49452
50813
34365
8274
60639
87383
23593
82178
55206
92067
58476
98961
56958
4483
40575
22230
1426
7316
22071
29693
13260
27531
54480
43692
54020
14763
40317
11351
84798
82530
39925
36421
32004
41500
26845
73653
89809
89684
55802
74945
99351
28010
66506
23389
92236
86692
47956
77271
36104
39111
4704
65150
87123
6165
93336
18731
25877
16314
5767
27409
23015
66934
88383
19648
21100
66182
56111
26416
23173
90181
20756
66561
7725
32118
8634
66966
7167
31486
35618
14011
73504
10368
77227
55959
92478
11094
97236
46350
96247
49577
36931
35231
32693
23939
17417
21844
58567
66656
88543
66212
55762
36744
14629
10329
12508
70572
59015
44262
51378
2028
2845
1436
35401
42559
73272
68239
83615
78547
78942
56317
33629
22226
31705
41138
5164
11861
86108
9811
90878
72062
47452
58423
68658
86665
81746
46502
14201
77431
43260
43433
9607
14355
55263
9409
10742
3159
44637
25658
77307
36017
4449
33857
1716
67131
2344
76728
73
60373
19661
62714
46542
63088
90895
75258
72588
8711
78192
96959
64588
4819
90258
89024
16619
12632
81723
7728
65627
222
9915
10292
89560
96979
1143
84845
59709
30891
12576
14601
79995
29735
99551
11005
97904
4058
60787
88915
18453
35680
30569
78136
5648
63992
20297
19834
19388
14665
80142
52225
37079
748
51082
5023
83059
4911
10525
98151
39780
58914
22279
60664
45089
21544
45311
13833
60705
43647
6028
91213
86623
87032
8281
57575
54857
67818
96074
92782
57973
70103
88431
80853
26115
48039
51998
88978
72624
28044
75606
99583
42252
93310
52961
4432
13000
1963
85562
25745
82978
38992
5182
82956
16994
85277
54066
42405
758
48051
67369
2915
2739
90487
50441
88884
43048
1108
33410
76287
48380
75949
26495
5446
69553
15933
75992
8700
91815
34201
8545
81939
43688
49367
565
64886
37946
7477
4687
34741
56283
73902
89910
97478
12472
37945
4828
53402
49797
67968
89039
53510
88360
71853
62386
17408
40977
37778
3743
5890
35322
92155
36712
64098
81031
66981
61941
54832
76274
43977
79041
56944
16454
64380
1385
85423
23416
16317
87156
5544
43834
3557
25319
87480
95848
93261
90426
22419
99545
49608
75531
42303
2577
14776
76716
53943
74532
16496
45043
50184
93261
6099
83282
80012
85911
78169
95866
93929
54741
12955
4254
41969
85791
62059
29381
43752
59315
83840
29544
54249
22083
2859
1207
15353
50817
68884
20921
54117
14322
85830
70517
98813
13783
6436
38309
80498
68306
46078
4556
77020
11508
51331
93880
14221
25673
63259
942
54441
30688
46882
79094
37718
77573
40805
35910
33354
94710
66074
76488
58344
60899
6200
89939
4467
32830
51582
87409
21851
25776
83907
35771
22640
20246
8744
676
29661
31638
11800
16157
5407
33886
9830
52841
46289
13826
36849
55819
45904
19300
74652
71092
21233
87570
89485
17830
6662
68757
15837
74311
37181
79992
60850
40816
98002
50335
54662
2298
37951
13329
7757
42453
27897
22433
25825
44314
75462
40124
1840
29427
96590
15809
98935
16776
57047
54054
96443
2433
45600
36554
64785
77078
89151
77029
93130
65600
13793
8452
18036
22964
34252
10775
60412
1660
61926
74110
43444
42247
46505
17618
1074
33637
44801
12778
15141
77204
79083
83591
76523
90239
70244
27910
86778
14149
81895
78914
15509
92651
42134
23907
33307
51895
47882
5852
64135
34792
81868
64687
21445
56519
62772
78811
60160
68194
176
39150
5657
53918
8162
52582
22963
17813
84039
85141
93204
74090
12900
60814
26929
75068
83321
87562
75565
67029
19224
20959
99569
49617
98392
8479
35406
4017
57623
5701
61926
58570
83406
33659
94432
45323
98394
81242
4570
96810
17889
71440
90611
38385
23256
50242
79792
2647
43333
59058
73701
72836
29862
77262
64501
5823
70647
98732
14942
84931
41009
27326
40789
91855
44759
76084
3070
94363
83791
72155
34974
97316
63533
71286
43270
59151
68275
12971
97737
81357
13557
82605
44828
84246
76407
27575
42311
76654
43530
76045
88699
47233
85923
91061
32511
60924
192
78872
46813
89884
31657
21691
85420
21192
99469
5324
38383
87299
5535
84772
37637
61247
82501
95831
11817
96639
9587
295
42059
54329
48735
88342
99269
99343
38372
76466
10785
38324
15405
43828
8987
83692
94746
92698
46552
97108
34951
35033
20231
3959
65884
42582
80124
1001
29518
19117
7915
18317
96252
6233
97714
76219
39401
65656
89254
61373
22828
72107
32296
73872
50540
15310
85432
5825
88871
88571
56106
88631
71143
26870
49350
97520
95176
64583
66820
58699
2557
96452
29146
83269
85367
90022
17060
3903
52118
83936
81388
628
73882
58983
71480
36748
72928
41409
8346
12788
98963
57906
14312
52069
69602
66252
48064
31881
53333
69345
33135
19967
23080
5218
13421
13912
7349
50965
91022
74425
68647
61973
11017
66543
70851
75486
81393
88059
18768
21195
51528
22096
97126
37126
35323
3468
55481
64655
95681
45777
64395
47876
85224
26494
92735
3646
90231
86546
36943
83839
48553
50072
91325
11001
5326
39489
86517
77053
41430
90613
98076
3583
82743
64454
8080
9364
5196
7144
23316
11091
22227
60021
10081
58907
25446
86894
215
29288
53223
75840
54382
9566
17918
8232
20127
795
16080
74063
78745
24749
44133
90334
92023
51195
98036
68240
65381
92915
15543
19713
69567
76159
51131
95147
36700
6649
93516
21747
24178
64878
35682
2058
99365
1956
17995
95114
69816
62990
95053
26269
53409
70427
43066
606
82614
57958
31391
71788
30564
98714
65470
47721
3517
38928
16695
8170
45060
52529
88655
25503
64530
85432
24762
27445
12536
53838
11731
18252
2870
71088
66176
61413
84796
35248
15087
5836
44303
59623
30258
24408
14916
31506
5568
6510
66244
96582
82396
83057
22222
48879
66675
48494
66966
40959
30936
54016
47557
3976
84361
53817
43925
58894
94726
40111
18317
63600
43912
96036
90345
29449
7783
14378
63802
44394
77481
23667
64582
8196
18950
49063
38356
33252
39307
46900
37240
42815
27766
31560
95389
21252
45890
10053
76978
86894
5267
70421
28241
87530
90200
46628
49461
21637
47588
4834
80835
72132
95228
60632
82335
88508
94391
8750
42680
63664
5475
21791
36345
16160
82914
12755
44187
77528
82654
52685
74633
921
1732
43139
77178
84468
92306
70113
80331
66987
30708
90392
21828
59509
38078
80075
99287
48669
41222
89121
63232
60011
72925
88821
50703
85036
5408
95150
24323
41907
5060
9165
20126
18043
54867
44435
29925
9381
70902
95187
44722
25568
15417
57744
81497
90200
28804
59016
34745
54526
84765
84013
27974
59660
40387
81231
94057
8617
45970
29254
48104
85289
13653
99334
64701
15285
79
3342
80776
8086
12975
88968
64488
13824
41115
85699
43587
95013
85465
54932
70140
62189
82278
42940
86667
42157
70271
15329
77332
72944
75281
36942
92547
93159
45459
19813
87896
3110
77542
86888
18263
81259
20012
37727
22127
17494
6578
21707
73237
1684
71539
79255
72060
14256
28090
94702
52951
34365
60556
23255
48696
90946
3989
73062
76580
25052
92187
87481
93127
49517
21626
83020
20099
56062
87228
37385
88123
11217
79842
44448
55764
54485
55308
58988
7978
95586
41298
95943
16296
58609
82046
14051
11271
72942
87079
29710
29998
94546
88885
11798
85969
66438
52213
84618
30216
67369
57924
67759
98318
93457
91091
47148
30580
22760
21647
99129
10233
82506
57787
50642
72008
87697
35328
63875
42250
15624
7775
91312
77584
99996
50508
5795
64610
85705
39879
78128
40122
35527
62568
12095
36830
89160
8891
93986
31925
48726
51478
82220
52764
4213
70854
98582
70161
44337
29094
82766
2649
3821
86669
4242
54752
7496
19224
21024
2019
95730
72641
23763
73134
77311
46634
14557
70438
76767
89255
83730
19318
89159
76598
36862
24866
44415
44848
35412
38524
29945
55587
16252
97442
59109
42922
74503
99829
46027
71135
12092
88150
80202
12651
15347
3616
44954
6695
21363
77972
75251
79752
72646
76094
82545
76331
74420
73685
72005
1002
68545
28360
16837
35301
80223
92900
29191
38223
16364
42789
75995
30873
56427
1420
9986
62742
39684
30268
56451
58685
39361
99348
55614
49331
5049
439
34987
39021
76871
21997
91075
61280
11318
80949
80132
84103
10979
18040
86303
61186
51990
7870
42238
12048
39973
85158
10916
44846
14721
9739
87932
8032
18246
82639
13205
87019
15073
10174
54558
57531
7051
23986
12304
31813
55124
74605
38098
56309
21491
20028
60759
49860
84766
96772
83422
50272
15762
55237
62483
14361
42823
50048
32593
44289
90717
79069
16093
60332
8086
97226
35113
69186
79330
53984
58121
30593
62813
42071
49205
51915
26404
87240
33495
12973
55311
10982
21249
36293
41258
56025
71246
94546
15986
79082
13156
40590
75668
45208
29120
80013
33546
25617
16980
84487
41918
73058
94244
39589
99880
37899
83496
79826
77182
30993
48446
54798
45408
13285
23793
6914
73370
29246
70721
34769
54569
64269
14417
12701
43747
72770
55541
71928
61196
35228
74583
23561
21653
64216
53359
62673
40240
60130
10750
15346
4040
72929
47427
20525
82333
1700
51334
67437
43400
25961
17367
62087
49040
35042
40708
31728
71769
51768
97410
61541
50548
65257
88708
84523
59863
62611
72781
62286
58366
9201
18216
7718
90034
17644
20014
58332
43773
21021
74339
9468
74129
72606
46034
5548
40988
70298
38135
250
51981
58763
92770
80419
42888
61696
91906
81433
68613
6845
73749
52694
15549
98537
62393
25427
4277
72491
40764
56153
19515
76411
67284
94324
69052
60084
60225
69199
16854
76335
27627
46147
68263
40573
24769
52624
53786
2018
15942
2451
23317
33272
35451
28480
19490
706
22424
18909
33077
68596
74705
76958
10069
4635
8587
25337
37847
65933
55202
62097
83549
52770
86189
89735
67101
35594
62599
29276
6319
23956
62301
93832
21185
70567
91932
82089
85434
23934
53729
23313
50299
59749
99248
83097
85740
37129
86990
60699
22214
67788
19017
1444
6504
69649
39511
12681
17679
69600
15758
54725
9560
4701
52910
15620
29933
86889
19882
44972
11353
85894
40500
74141
4307
33260
47246
52806
47150
75792
83789
45935
75148
1596
94408
72223
93266
740
21130
16115
72188
84299
92058
93877
15380
26835
25222
77342
90618
50081
5646
19816
62448
64161
43842
25352
83950
5992
2768
56516
11160
1982
9055
93311
94152
76741
80508
31230
47457
35563
26482
42004
77099
8847
23597
34345
59364
7859
76056
65662
16256
93424
67736
65948
49363
91198
55727
84575
45124
16421
23776
5957
86154
92940
60570
71320
64875
74050
96340
52267
56853
16337
43702
80264
38967
83984
79577
63216
40932
16470
85971
67362
35321
43084
46867
79461
80305
69316
64818
96790
24111
73551
16903
96007
37340
66238
82349
77430
15091
73007
13082
53557
43650
26361
62866
11494
72333
41874
59041
82720
23991
12924
71679
59067
37227
45338
54881
37802
47713
62790
6024
60938
37997
35856
84033
67925
75880
3867
2384
40242
3651
9190
37820
30866
30658
12934
74578
56558
54863
28634
90092
69002
93001
59654
68073
45100
71713
64067
4185
17004
23095
41039
6300
8514
65657
32112
59422
82588
88471
8392
86212
28500
4928
64753
13546
31618
39640
66411
3377
5682
70230
5761
42576
47010
38808
47543
73522
49198
86057
8055
51755
46854
83366
27560
93780
72384
84917
93086
73878
188
42487
51567
57498
97974
98972
43749
90185
5451
94992
64014
67800
31539
9922
6485
53646
5898
74145
26019
10176
49314
86205
12947
18071
65539
58882
28013
32463
94260
95164
4144
88405
37525
98515
72273
13136
26628
44979
32532
45386
31020
63874
79997
41319
52440
67141
8199
16163
34624
12609
7438
15038
68258
26479
24509
4037
19576
40006
32500
28189
61535
53517
73796
97536
36354
75381
79348
69018
71967
71000
70848
67905
86234
49224
27795
30704
3648
77955
94922
87767
44416
52204
51567
54577
40846
70665
96875
67000
86811
7497
10125
28556
64230
60167
20457
16513
47459
25655
44022
60125
26601
21542
21858
66864
20780
35054
57007
90559
6790
41900
3178
21033
83192
48476
12453
45523
63820
1953
61828
50627
61450
29990
3708
20449
80606
29978
97812
99349
27927
22481
20867
36431
75980
33193
87937
12888
96320
41914
66125
69766
78289
37065
18169
18969
56267
21598
79668
94594
58826
96565
92677
61378
41356
50903
68554
48351
40461
53908
87229
71448
32904
44915
45560
14860
89265
40041
19723
34134
49793
30865
33552
32525
83305
91834
46185
34185
75351
54202
90627
44947
42890
57114
61087
8448
33477
37566
95231
20978
43178
443
89638
40280
20513
59250
7069
76753
67104
73151
45461
38857
9306
9347
84851
67671
47062
12089
86606
49764
3684
96392
88331
43871
87664
8629
70085
35756
36415
27188
30476
35710
50497
2677
38967
53668
51224
98304
76272
27701
12825
80528
48040
67291
40877
69310
52493
50374
69166
97142
25887
58075
59094
11497
92129
59761
62175
57249
48362
15550
59322
72777
77007
71207
13783
3236
21171
82600
86481
16387
9162
84972
81515
2969
24022
98178
34749
70641
61558
24103
59936
91116
9957
40695
3796
98177
48507
92270
61006
79627
93183
53795
9458
67922
84066
83890
37542
54916
20010
90371
54929
83113
64492
74610
65204
84046
46245
20467
50427
90013
77690
96340
95251
58244
96188
81389
24197
79262
24824
45648
6753
79171
35944
51381
40551
78445
79502
83810
66477
23665
6437
64053
89696
62456
20590
7096
57283
74460
88094
95580
18797
59196
99021
47795
51764
79236
10631
92638
31457
97074
43219
85630
67268
99951
90360
73793
39328
68572
59315
72921
85546
33757
32387
78498
42296
39806
65948
54451
73017
46050
61712
73403
39188
1611
45020
12814
55373
27505
25071
53139
90346
30261
95878
59369
3933
84326
7666
93361
71875
99325
62749