13958
80645
15242
87790
6472
96194
70617
23032
36218
94877
91663
71432
91139
58690
94613
30657
98759
70986
43633
35430
50659
35588
87909
12288
70064
5017
16964
55801
67748
89601
29999
92215
24491
12987
22837
33527
83798
140
41744
68142
7908
83566
9230
34553
93163
55432
87064
8229
28975
31571
55628
63321
9185
213
45204
34336
12532
63108
96678
50423
93972
50154
57849
36026
93770
22019
94361
54137
22014
6337
37534
71596
78534
63842
64361
73322
32969
46152
67508
57754
97520
77365
87826
2406
55714
23211
29673
48507
95459
43312
85467
44209
97466
99970
23
67312
20110
73880
35565
32596
72697
36731
66289
22666
44368
9744
89230
64734
69791
61310
70582
87849
75592
96680
67829
18467
48640
94731
19876
99354
41291
32990
58565
64111
94191
62865
41619
44724
53340
8860
29027
84432
99922
52661
35397
84258
87906
69868
94713
58157
53548
64785
32659
72711
13669
56122
96291
16972
64323
10196
32701
67283
94211
14354
38544
77982
1427
86363
47200
40659
91124
26014
24463
78218
69108
64367
64235
34701
4491
17149
98497
51494
44933
41504
76092
97515
49620
3930
90818
16804
64249
34954
73811
53641
5870
99980
68521
94595
55984
18750
68885
69724
9690
98005
37664
8051
25346
58228
52911
6736
72632
23600
45612
32022
94492
57374
82543
73479
79067
18814
80523
76567
14273
82811
8209
44043
1370
30946
89792
34890
59654
56222
28372
66814
15381
59010
55741
88839
98540
33755
66827
80808
8051
79892
59477
9570
27041
76984
68231
43509
53095
50672
836
95443
21477
92111
41633
14038
70985
25845
16088
96562
27604
46670
11923
6488
6043
46776
12140
83551
6956
19901
73303
98677
44173
97981
51566
94788
70467
52726
4559
19990
80475
93652
96407
8893
7863
43425
2862
10337
77364
53679
35313
16010
48337
18771
47524
19146
58439
3419
54626
9984
17167
77827
71698
97505
91889
25865
65538
12045
85166
13764
82475
55857
64466
89491
24714
89951
14739
32812
75526
62504
38729
28520
66406
17633
72458
63758
47815
15951
20150
16275
54184
80726
54517
96801
44804
50083
47208
45206
31317
64628
1135
93017
57760
81233
9349
49968
2636
79890
89495
33675
1708
45774
51835
94516
5900
38822
23090
90408
32976
79648
42997
2296
70218
1342
77074
43489
567
73083
28506
17748
48636
17836
89532
39431
38699
79045
64092
64186
79930
42628
78034
41776
85171
45357
23845
37873
55445
45769
6938
40738
20309
87764
50050
11009
38122
35943
4979
49874
74485
81334
411
53474
41545
41415
36062
64488
2253
28525
81694
4749
54765
53361
28820
72078
29877
30089
5507
24392
6881
93217
11834
71649
7326
29125
50946
30432
26236
70180
43375
40324
51939
48936
81741
13577
46898
62904
31166
77385
55219
94807
70585
44044
89439
26337
37968
30183
75126
65697
85319
21977
81060
74026
69187
32775
7023
99494
27637
44766
32971
49860
9364
69448
54900
67678
98589
75491
29050
3709
70856
74044
17873
30948
25257
37153
51358
7205
40430
85043
3326
36720
35342
75238
75316
69772
28197
7497
73818
53499
34132
17908
80017
78076
35979
30778
56186
46859
78144
71150
41337
49315
41535
88534
8133
25804
37845
95312
19858
96552
26460
71077
69464
70606
48292
6737
89203
50804
28929
38066
22521
17451
31268
43754
2245
84370
50315
69393
82420
91586
45813
64221
27217
79396
91646
97045
95720
90199
77125
63250
80185
79554
51670
27588
8653
50266
10813
20064
70649
50185
8526
95417
24552
96830
84868
987
25006
51073
3514
62
19170
76779
82938
73155
12940
20177
8727
93031
61427
34070
38041
92245
71682
61152
19368
33816
85503
64674
14339
65359
88767
82577
33333
78958
85925
59374
11351
41349
43333
63212
98617
1505
4775
70676
41253
89295
61988
90214
52874
98478
39951
50678
22404
53962
13134
485
93887
13920
50380
37662
7153
17006
69126
64984
30828
88178
8414
81089
69574
35851
25621
92001
89305
73299
40855
22662
74500
27675
77130
22182
89063
58220
13543
53003
7737
46364
39745
89625
53671
42750
82092
85288
56689
20462
42262
38547
76790
36245
37490
16453
69724
92280
29527
2856
3320
95610
47673
42737
22340
59067
280
8103
59431
20497
51228
49155
45481
94991
40872
6996
32924
69515
78865
76084
79953
81512
28443
30483
24029
6482
62823
97742
611
46538
60246
28133
13047
45091
37604
7520
10151
20544
78466
50128
35515
31701
51196
53135
84576
68973
37521
69521
6671
58518
33085
39461
93150
5246
73035
80039
47515
18109
72622
75666
20978
71741
4457
25409
59098
26672
97288
12925
53939
41231
23539
14425
66014
69375
81141
2097
91027
16156
7769
37886
75427
39385
17316
19637
68367
15578
68058
31964
67598
36264
29980
99934
43286
55290
84781
36646
4566
68276
12615
71469
48114
55712
68079
19463
6856
80172
19633
27000
99060
81759
43853
3375
77651
54370
49409
59324
19308
6012
60429
99501
93101
44251
19067
75003
83533
12872
96225
2387
62778
77444
12020
26349
84067
70099
51768
84699
2554
65705
81625
91173
78030
70667
99243
8078
31008
12983
68927
77009
72292
33333
48415
24287
75577
27268
55542
732
38736
7363
54159
92181
47874
32935
4176
68830
54302
51213
91450
65272
20207
66607
83676
26775
94738
33358
69109
83679
50158
28594
98059
83896
26867
62607
60939
23628
85625
61560
79639
15962
64947
11154
55339
45626
95632
28859
31545
29080
62441
79592
83687
22261
30017
14694
87307
38493
84784
51102
14684
18793
98568
46160
17495
5884
10004
27595
76290
13763
31992
96231
11347
43198
46970
86180
7920
58731
64867
33676
45012
77155
38715
62741
21834
37413
37066
21214
16344
31806
74698
43365
19304
87835
75068
50683
85643
5121
99607
73857
96674
75530
80540
65879
43138
72285
61587
89385
45075
46935
36229
73453
49245
76926
30193
6011
68134
85247
78428
10487
92766
19754
16820
44025
31951
32131
71047
46796
32913
51708
26946
23925
61748
62717
28550
71883
599
68788
50197
11041
16583
80791
47558
79866
86470
9099
70876
80527
17434
12723
55126
53540
31799
96949
7279
22944
10835
14043
43724
27708
48404
82392
18268
61941
36199
10315
34719
56388
1790
52673
72728
12525
8858
17489
99827
5799
44607
35737
25266
10748
60525
74614
44104
40391
38991
86272
45870
20403
88465
28394
20529
9990
8156
27671
19680
91000
46458
56457
15934
8669
52122
54406
9333
29603
65170
91070
70231
1641
8618
24292
96721
11863
71604
89247
55037
22905
35001
41464
61627
30732
18349
48079
49310
94881
19591
24081
35001
45776
20185
90389
438
22008
20975
95804
20986
82499
99725
4570
38860
8932
37214
62455
21142
28242
11001
36903
50686
53404
2204
97642
20970
34381
8070
48414
56527
75613
38427
51940
8750
95869
39043
51749
14863
6940
26425
43421
97042
65503
60214
1902
30772
14665
45183
5497
86503
98806
34666
13185
35375
18213
54441
44938
31127
66508
86559
33505
4627
39398
10816
7054
47538
53276
53858
22048
994
11499
73033
51852
31852
3426
10512
65055
66706
67054
3165
9563
27494
76641
4468
1577
34077
18892
87715
10154
5061
83651
74706
11808
22422
20202
33236
58702
6708
64455
74778
86428
57689
89835
29554
87093
95448
65626
20772
39768
98461
60814
31691
90900
76654
14824
24005
38715
8731
87183
63830
89260
2139
29515
75774
3015
85796
98583
43802
15911
60808
86791
57872
5416
91362
67361
46208
64009
25026
1662
85675
55877
81317
91171
10168
44456
76336
89937
4545
57002
85279
63633
72525
56533
31813
28536
9537
84725
20767
22183
61215
91178
96316
9447
35850
94049
43192
98574
41967
41047
43966
24953
44945
1980
90944
57278
46469
19904
38991
97748
57896
35098
61792
64772
15522
24115
34495
43209
20655
15677
83757
91687
74836
10298
98360
23583
88646
41159
17531
88419
2073
19716
19081
22649
17291
89402
32709
88624
55925
20671
15242
49829
79046
90053
31587
52268
60170
58854
91013
35246
65713
58168
91596
37123
20522
78176
65703
7715
62774
77520
50511
28334
48590
28996
78102
72263
27955
89186
41951
58942
54813
2809
2547
48032
83193
24310
28502
36178
25518
22774
29914
59914
69750
32372
77658
23002
23630
40451
61113
55147
77466
49019
54055
518
96281
76008
42850
11567
50556
1807
17102
52928
94435
87192
23000
57339
9606
64272
188
74526
4732
60578
31446
95766
61813
1144
10731
69233
80606
92912
98847
97975
59951
83481
64121
19395
65031
33179
88409
64215
24935
78011
21092
34592
43438
90634
68871
7566
47161
25464
11972
5409
55195
59248
68872
62276
79088
2566
51950
91744
76222
54017
7949
10786
7254
20465
13550
9169
50301
99337
87337
85094
21724
34871
46528
55263
60456
65155
92314
39075
31977
64350
88959
23546
96796
1640
21166
75857
80013
74526
2303
91980
97622
93592
24842
88009
15223
90982
62811
51957
48361
50886
51429
15366
59038
40224
41053
42759
38373
89323
69857
48719
67100
4478
25555
15110
29187
41104
675
31343
54053
94003
99476
29159
14260
49402
73501
21652
10682
14115
67226
8319
3160
9168
46532
51435
27447
81763
45110
61389
35339
61101
41406
76005
95239
38302
51352
60428
45127
28855
30289
91692
46417
93378
91015
27094
18582
67059
7564
67658
91606
34956
9809
87989
5195
32299
59006
99378
35678
86350
38471
80893
22312
46324
25346
52728
58735
60179
22334
15139
74281
1963
75393
48292
34907
4597
51715
88292
70845
37273
35236
56416
77515
19685
92588
48340
73858
65874
67682
39315
30969
80474
36536
91347
83252
38542
31078
31614
30495
51545
63170
7526
31503
24887
69865
10992
72889
14711
98185
9574
85520
46297
71999
44169
53576
17133
6343
61183
34193
53906
88444
75734
11972
34445
89380
67716
30383
12048
44237
75922
67917
51485
28510
35740
87443
97107
12537
99617
95675
65872
93035
6739
12315
40147
53729
752
76830
43586
65666
66042
93487
5279
12404
93939
55225
75905
68442
50906
36969
70712
92286
33721
49489
78560
42090
94800
30008
41107
25613
28522
81881
33313
10348
66099
9527
55246
13124
66577
20154
32291
65912
42334
65635
40558
63629
74776
78867
72765
20456
42174
61378
84065
73423
98275
99254
8655
73737
98613
92673
21033
88976
83772
83348
88719
69112
94653
30916
91523
98346
5333
11226
66257
40253
90340
98814
25824
99782
47847
33777
91608
65659
55320
70316
6389
32417
77346
97720
84358
41832
96518
67886
58232
9581
71668
35883
35204
86733
4416
96358
76754
36202
5184
40871
48740
82893
8346
78838
72833
40728
74761
1343
2541
91809
44805
13286
46751
18367
90294
99369
7211
42613
78121
56633
62984
94132
41834
21144
50093
22865
10870
73445
57299
90416
57853
12118
86766
76150
17709
35409
4857
6820
20004
25330
78275
21793
84021
29999
19177
18561
82440
88571
20296
49328
13047
92583
9378
20601
99294
29761
13558
40626
78610
89585
24145
47197
89082
67153
36726
5210
90878
77508
98810
80267
54151
88350
1112
32607
31106
96369
75531
91402
13045
49431
76162
24307
51827
75858
46800
56334
865
64750
36792
24602
38414
54158
29370
74433
14860
84515
30294
72852
1922
99517
46972
11604
28482
50877
90324
63069
28519
55813
90975
86608
25755
96455
99842
48408
61633
62954
13749
74897
66805
61619
64716
10085
64560
46013
87251
74027
67558
73685
25197
71633
70832
99548
25270
12451
79053
83938
54281
64141
77202
44883
35130
50805
33406
71608
92824
27090
36209
29526
31038
63338
8789
98447
10603
6744
15426
18083
96588
70034
30338
29269
68081
61129
70244
51890
70221
1542
74787
80777
82463
40508
456
5835
80824
7999
18825
22879
93583
27042
43296
11598
76924
50706
27030
75330
733
45067
62377
50907
98585
8889
83997
87117
61249
36341
10736
75394
24604
97287
60413
75015
73563
15650
50
85182
12565
25698
65201
79613
27745
89799
36660
3835
17891
12666
57851
9858
42135
9497
48788
48300
87064
94731
84095
80658
63882
42906
83545
20558
66114
17760
62815
56384
75137
33103
95431
71849
79143
92076
30229
12531
55782
69844
17308
64152
52081
44423
27607
10745
97461
2183
83781
70637
78781
7402
25786
98489
79086
8796
24223
6279
99473
46901
19406
54403
97167
39493
60698
8926
22813
57791
59030
67768
24853
53765
32534
25455
37327
72847
31770
6432
83038
60312
56484
73692
50657
85783
90257
92143
26966
77490
37072
67411
41446
89812
19188
91021
88662
51179
80239
53365
93543
93293
16255
13496
23682
73756
26695
20775
26401
44489
45266
28983
23516
7424
74785
4669
3957
14603
92179
21066
7944
36832
60834
97601
11507
5608
73122
70736
45202
28557
57260
53207
84217
12598
17455
1798
68506
88119
9503
27021
8859
32143
11702
98221
9893
89106
13689
65445
65932
73944
69070
19825
31793
73631
60415
75461
21818
37604
93019
94398
93648
35093
74353
97078
25576
36694
33408
28163
93087
13996
90568
56631
9687
73130
53466
30301
64782
45250
68270
86388
48066
42188
17945
98227
14925
48074
75850
90887
74569
91113
1312
17271
71717
69691
97480
13248
59269
36888
81710
79290
36761
10151
10683
97052
95439
68880
31927
41197
66040
47186
22663
31538
94478
52415
23020
8972
80958
89688
79926
34000
62308
5753
80231
40364
74384
6007
54272
60010
15925
52644
34417
48371
62062
72630
4697
52515
71490
71269
39889
58314
97247
41281
37846
76508
18370
58925
28348
61621
10082
73753
11244
95697
51178
22379
73356
11048
37681
95118
82846
31093
71654
60556
42660
34302
87807
10474
37722
90866
22955
12948
17407
76993
2842
37414
81216
9994
19288
74590
94998
17522
210
42552
82128
16334
34605
73220
49168
74362
89859
77490
71484
26027
9490
97930
31149
14224
6648
17073
69222
50299
4360
9435
33662
87971
68059
72691
63375
14379
74883
49123
59162
82150
47269
65833
76238
59484
42186
64490
50011
95029
28845
30100
90611
6139
42999
15705
46082
37650
69909
90509
83781
48964
50578
60028
11397
2341
17786
17210
46985
90337
94853
648
75931
60204
77125
79029
13685
1077
37522
4042
41261
47868
63621
40289
42921
82137
60017
68454
21963
32181
64612
94268
11827
52605
20510
3781
41177
11782
16878
28932
56857
21702
9704
83501
37225
59617
33944
82547
92253
72818
57382
91707
67007
64025
20303
83513
43082
98531
62155
14928
21153
50544
18856
63604
76885
12272
94977
51338
76314
9935
12715
86674
3758
76231
97441
9607
56445
95890
58578
97803
40355
15717
58954
23956
53744
20312
62515
76307
9762
6230
26523
12031
37776
19626
28169
20149
34500
47580
63542
58260
11299
93511
36438
83800
66759
11035
87586
51106
27022
85536
1455
63505
44488
91733
24327
84048
24031
94745
49619
3246
98801
97593
93682
22394
61656
86158
92872
94254
85199
2619
30343
60448
74711
49581
20247
87720
84140
6551
37501
14875
87971
75682
75469
27019
85899
79634
26928
49500
92510
73628
58991
28590
49449
31451
53438
99174
13824
58332
56340
88476
50365
96347
17983
76878
12520
51460
55600
49760
19910
51520
71380
14546
23810
26730
82679
21614
71972
15788
79434
1857
6617
72963
42171
73051
84117
66057
63204
27814
62074
5094
63491
68223
46376
8402
40937
75378
33577
64346
7104
19494
43391
30860
91845
5199
5169
92025
20644
91061
83222
585
53779
53282
77807
81920
20067
27627
37749
66668
24565
66522
88837
61794
27039
32310
45014
15806
81435
98210
1492
43988
84375
88511
56277
76156
97336
3339
3900
8129
17964
13179
90002
30798
36051
59139
25405
80575
5229
58661
48429
11073
64648
4062
56691
2784
56014
28217
90477
57713
78067
42964
52945
50676
7886
87433
41772
28838
48089
5731
31730
42729
63601
39630
98163
76184
87879
90955
30646
14253
51166
91582
98713
79976
51371
10309
43332
36449
70674
12164
41017
84380
30395
52185
64997
26196
71456
47561
35395
34471
56550
6584
82164
23194
44759
68149
50268
10176
36017
74516
19518
12794
12407
21501
32962
9322
10346
86482
29154
10884
63244
19001
27793
43953
18217
95087
53121
57782
15262
54296
39575
22707
8245
2193
82670
42395
67699
43664
78566
43446
28639
34640
29739
93896
54068
16701
92991
88011
8846
31280
29432
52744
63332
5167
52749
22769
67728
66366
24716
55313
40143
60992
56166
92383
60600
42681
87692
83178
759
76317
3480
24768
69901
3505
93859
34631
11719
70426
4700
88788
66548
72237
48819
82552
16796
56774
33671
71423
58513
75963
76054
20024
17252
69872
36259
66128
62716
3772
12795
33333
62462
78971
53267
77924
15686
55631
44057
23572
30825
91323
42688
32887
17988
3116
13800
46199
34710
1042
1262
82781
63720
67104
4087
77644
75059
56181
61219
26309
72592
97856
41961
39115
5543
72602
3050
67350
82779
5910
99236
28444
15764
85724
98334
90446
25211
94362
12896
7179
74801
73093
31098
96913
45328
33542
39410
84105
98197
95803
58898
99843
83535
95798
80113
21780
75161
42152
26459
16412
94191
66928
9776
8573
32626
88275
19714
60282
91619
77202
3232
81180
40695
56583
3107
96836
82423
491
12040
20544
97667
99396
96629
4821
83571
11063
82804
81154
12870
5060
55742
76789
88248
70651
35113
16355
46069
24816
67841
82004
97401
558
6471
5558
29739
89216
67266
34829
45930
94979
78189
4631
18339
18238
95541
21775
37063
10234
99224
50649
8483
80377
33326
41095
8255
45026
95064
30435
37936
46686
91707
38810
68782
43732
73328
43611
8329
11235
73953
28425
88772
42672
22096
91851
50845
62481
33572
25208
24129
90858
95359
84392
31417
17391
35453
29506
76619
80449
25066
71226
84888
29996
33471
12999
60850
27016
47021
42364
30559
85949
17270
38089
10001
45047
40402
82373
8439
96200
5519
35315
78032
4830
90395
42918
2448
63392
69207
89857
74105
24769
84457
20274
53629
98064
35834
10979
89675
20189
98785
46085
58915
18220
72964
70557
41562
28730
54902
11355
19133
49382
71491
52572
15498
43221
2293
9877
86176
7676
86460
15349
47797
95066
72539
47809
59933
93809
69223
85848
11034
97222
2575
75381
42220
53664
41079
43455
47085
22899
89450
3347
5594
45403
61804
18074
77770
85208
34576
92162
28224
77488
43120
93592
8460
98269
47021
45851
58198
39016
35079
49767
64752
8584
92918
62423
86838
1741
40320
96949
20796
64682
57115
61145
79063
17741
48176
28648
33511
70345
12062
95598
12282
58584
26417
27267
64305
83337
14525
81318
42293
37709
91262
22916
86812
66600
57328
8640
85152
62547
75861
15138
22276
37084
6973
8375
7752
80447
41835
63981
9700
88703
77019
7347
40661
17527
70313
57473
47329
86069
27225
32903
78215
64405
45133
88177
32213
41912
89749
94563
93464
42178
21458
20324
85399
34549
91131
39781
61511
42948
20908
29606
98917
30782
23787
13139
66704
54663
24676
12396
32945
6425
68362
92519
14559
51150
90138
268
28619
34974
67869
70397
48895
77846
68724
42701
81120
51767
26825
29863
51516
22453
89178
38078
71861
28394
76327
37162
71430
16860
87765
96912
63869
16496
5354
58983
19864
19332
91740
37867
61870
94107
15200
14698
78765
47543
79453
74333
13869
74197
6780
68647
90520
23624
31110
7929
71268
12875
11988
75785
30083
1103
23251
23152
53761
28459
86728
92328
99563
22465
14123
46957
10314
3457
72092
25150
52164
97907
88053
56240
95406
92913
87441
26251
76780
69683
69973
1646
74174
67195
17424
16301
3426
37999
53818
55491
74605
99978
64524
24579
7938
74722
92680
69026
25631
87296
79344
16260
35331
63089
11638
97857
19615
23987
27921
8149
68740
31638
87811
25999
74491
27237
78002
80553
74757
31501
40113
53242
82399
24727
13796
40406
7567
39062
72343
62514
31368
4333
97121
19090
62770
61569
25958
1528
3355
19824
38302
73757
25125
90099
87576
35607
31709
17413
93006
95067
64146
21761
61936
41946
63511
21528
53657
62860
92111
51535
64702
58157
50373
13382
75221
96406
95858
42547
12259
29084
48550
2248
32586
39914
38838
9974
88679
93858
81101
26075
81692
7731
87443
67978
50374
18170
2225
3554
34505
25635
83842
17357
55071
22850
18696
28103
605
35725
94382
43895
49352
99220
91999
47911
44519
77165
6783
33178
33974
85529
20298
44083
57528
76682
78280
2316
3938
22782
33979
36374
12827
78501
69514
24912
51428
84640
1919
42722
75610
9329
20052
37761
7768
67389
9245
31254
92035
86367
74792
78679
85825
91635
92031
1378
10763
48975
17226
60912
81558
46622
69849
74527
17592
96659
28540
6660
53494
3979
70717
12126
19934
15231
46250
4324
22137
81535
64272
60810
43403
84212
75845
58787
74045
36747
90517
96279
60045
24976
59180
47654
46826
19555
92007
43144
62628
29862
23009
65587
59169
23487
24218
51100
97610
87346
28512
2524
24292
22644
42950
2118
19937
60619
19007
3439
83076
93989
60169
29586
87557
67560
4758
73367
24103
41723
84427
22175
49012
48760
3684
42419
32090
32007
69405
76134
38908
38968
43701
24754
21755
32874
15974
84423
22807
91071
30282
34067
80485
6164
16776
16900
32654
1567
37228
44119
97860
69592
17668
29644
16696
71971
3286
16907
29978
45071
94997
18991
42731
8766
15866
58368
12725
53735
41146
92914
48802
34400
67495
93671
93061
9407
91090
57537
76031
52139
36912
58609
91743
80087
3280
18032
33368
74527
7451
8235
16809
73866
56300
6121
42018
89059
36882
83054
635
22041
70726
82713
13786
47021
49784
33460
57835
52329
82475
68226
29434
62269
70765
32916
65934
82468
55924
18128
87813
14753
84074
61488
77607
75928
40732
74661
14141
72228
63637
14284
23970
97428
90717
1928
52255
97073
86274
69236
51061
27491
52829
62812
18725
74132
47884
3800
5702
82052
31236
43911
69908
76127
3645
85665
20639
43116
40193
61563
30358
53929
28284
88711
94218
69057
38201
69687
3747
8139
65212
10832
78263
44613
42285
98040
65048
34570
15010
60238
23773
74746
99903
44420
14800
61866
30123
17057
99823
11543
93152
57212
46963
42991
99160
54505
97637
71597
24129
5725
45234
15578
15889
1692
24326
32668
32674
74587
64884
18048
94509
19391
57889
66860
11485
18301
71486
33232
71999
40735
73222
40500
86955
72020
55427
46641
37485
89959
74929
73652
36007
98216
68441
28735
54863
42582
62384
84238
69477
30225
4211
77599
23732
52878
87672
48189
90532
1952
25498
26335
57777
83244
17782
67923
14825
27203
43226
57057
86793
70594
9842
10102
13472
74113
13989
92168
93889
14433
83140
40957
74100
35444
3521
44786
41263
35
11680
58613
54805
10837
41424
95391
85946
9816
2259
92895
30343
82399
78247
70507
37709
23434
44811
2952
72531
65973
73584
44489
16253
99626
92474
80829
31916
20406
6745
80687
40450
27976
88396
9378
6879
68941
54353
50893
11886
21486
38139
29905
29810
54912
43691
92023
94941
14833
56381
60875
80680
18637
3999
40426
83817
42100
2716
97971
79205
76610
36905
57735
61116
77770
23912
95983
24565
25099
98843
72345
16945
69267
51502
60525
72333
50646
19054
69575
3149
67334
45170
58740
54316
36845
76773
75341
89723
84319
18312
68251
28343
14879
20353
18119
91716
98428
88166
6166
43604
20750
18080
87556
3443
45810
51562
59612
41697
96938
10243
88930
65193
56832
58141
36454
56858
28710
45915
42817
99531
19488
26682
70559
38641
45223
20339
55278
38862
7777
44676
74848
73814
81190
28196
22039
66497
70628
31302
96307
4902
85
25333
79042
10988
29184
61620
7703
1941
75997
22530
41412
62247
12396
80973
3222
83578
18204
81477
28036
80742
11167
77994
84308
17709
56456
79851
96249
33560
93188
50168
53295
48079
46456
75223
25270
36478
59775
51473
56441
53412
85925
70497
91681
50686
62656
70080
96709
18791
15962
63379
97381
28732
44168
22082
19927
79718
96001
57339
77733
98054
20808
15298
89858
51248
64670
97826
34879
76674
9728
66592
84667
69618
32149
98247
2909
92817
28766
56295
28787
64128
30683
86562
20457
25655
40456
31136
77344
7213
44436
40543
61588
37311
95221
32591
29142
90273
28259
73250
83116
4904
9105
17903
77388
78739
79879
10536
78399
8423
90236
54305
59976
22296
39951
44314
35664
62450
11493
84934
93751
86174
88363
58057
49839
49660
34688
10545
15721
96190
7156
91345
8585
72464
56257
15888
46287
20070
93393
32345
37499
68845
5070
93582
62059
25998
31944
17757
22878
79973
28717
53218
45280
83776
32354
3326
294
97641
57476
62083
3056
32740
24495
39214
59188
91370
43852
2195
19187
35303
40604
31789
56302
69463
68050
22275
58285
41452
33970
1367
12714
50844
83202
23788
26204
16399
26298
84603
88544
28852
50877
55881
96411
21936
5875
30959
30197
3868
82053
97247
17005
81763
97894
83465
76276
28838
38675
59504
24307
25005
90283
49883
44227
5202
95462
40174
36885
64199
67656
62804
40375
35858
87290
20422
53034
38341
66113
46181
46422
64005
58557
35552
52321
80369
55494
78250
10899
32407
19191
30491
94945
81229
60105
63279
82120
85823
31775
6728
47407
20737
91831
29312
8168
69673
30138
58393
19652
50960
46325
13109
189
70645
38100
65377
58171
94974
19046
62804
55894
36610
33526
42054
22417
86572
12553
56717
57537
98858
88102
84701
82222
96501
69176
2501
73365
38517
40558
74976
5231
13934
96152
5514
46527
4276
34189
97573
96514
36318
5508
48626
66232
91198
13344
41613
61721
48885
59275
94408
39620
69220
30551
78690
30986
17960
86739
1955
42880
17646
47350
78746
63960
6765
83404
55598
88672
80373
48074
29273
66697
49436
85465
89631
3173
87012
14541
27801
27751
57568
13589
94154
98113
64643
58820
38415
64686
47489
40087
76582
66810
96757
81143
93527
60693
8605
70946
6227
5342
95138
77145
82958
99890
94071
74231
34058
50793
83587
29030
90783
32403
19084
98291
55239
36573
60026
84849
10578
19884
86764
35311
4677
48067
16387
75332
25383
89882
849
34110
68683
89560
58266
72781
32275
17736
17781
12385
94374
64942
5700
21931
93698
87550
99296
9686
67987
74734
33903
16412
99136
35708
52479
6610
62291
65908
35762
36751
2117
94625
29871
15798
74393
66584
47868
86026
48209
48081
58602
41060
89895
34387
13894
29111
93768
67749
98043
85645
85059
18003
88351
34836
91342
38489
64714
82238
29251
63743
61505
55093
6282
90793
23349
57172
29111
68595
27355
720
57157
57885
26466
36357
39511
39605
99137
64948
25738
35470
51915
33498
59817
39668
50582
23020
67911
32911
8532
87421
46456
56352
63927
83880
92699
66368
16621
24408
40436
35588
59727
48369
8255
31419
93089
92950
93577
15126
11804
7293
57150
89553
67365
55857
40724
69636
24386
14469
97060
52825
17562
72153
69864
16561
11347
82950
9029
95415
31853
90895
95473
50833
12592
56638
79653
74678
87609
6366
45843
97716
24767
29693
87413
43413
17028
15423
83905
7543
10869
45764
6789
84545
30240
49600
95891
5909
60260
43726
98572
96282
38039
55851
73483
97677
88394
20279
87429
62038
56649
4831
98565
30397
49913
96064
52455
28578
22004
83146
19937
37693
71527
62404
15932
91047
55782
71404
48069
70773
48380
32935
64229
35431
71699
11350
14874
96578
52456
7763
86237
50406
22706
87987
60169
4703
41236
77301
92210
22293
26816
61406
1934
92495
41995
38806
20863
51547
53224
61723
39212
60525
8144
58991
30602
92251
83212
62875
94613
42727
74913
27446
88392
96214
79264
86737
2096
5039
76291
70184
61264
14986
90595
65959
97913
5189
75063
83346
33770
91359
51280
23990
25025
33465
84073
55098
92259
98090
65098
80998
16773
10530
30067
84710
76050
36149
2209
83054
22294
45086
62964
50576
28638
20322
32820
84787
10702
28508
94085
91895
54589
99732
99732
96648
46400
84776
30224
48453
66742
43020
8878
91470
30807
55571
97911
71223
855
43121
50885
32680
43421
60234
44651
62337
93308
89385
34674
29043
47736
68249
56415
95403
82129
5021
26530
1590
58453
87113
18940
88430
49944
93951
84212
1735
59055
21272
7151
31490
30715
69926
62897
62866
19211
10252
11839
78221
42656
92156
34732
38495
89532
40661
10652
58560
16814
44348
25641
80436
54127
70551
8704
10824
50764
35394
848
72413
88624
73900
81646
54313
68552
42317
15093
45063
2479
23612
82320
90241
15011
70487
16977
83765
77662
86091
19856
13508
11619
75555
88603
76736
38744
71364
47667
72935
82224
42664
20007
83114
4264
26783
67468
69675
96575
47423
35317
98722
1997
48080
25988
67003
58109
25346
72889
42201
98313
32439
3908
24914
28614
15844
76726
29675
48656
96762
88814
50540
77213
43725
26611
65697
45187
73473
78230
43055
78838
77354
65973
73441
9655
98955
49776
51094
27207
29765
4342
11789
25129
3811
45993
89574
7347
54254
64730
18521
64756
95644
29319
85126
89949
68271
52291
17482
69948
46816
6339
16305
74332
92869
88053
96206
16974
93745
22414
7180
78343
75669
63297
37444
8649
62727
17968
61351
33808
80414
65769
47076
43663
3021
48431
77186
53684
47829
75011
56605
15221
74443
73766
19475
22340
34169
61977
2535
71786
2713
79945
95768
98343
75850
50159
98909
24087
85460
86939
45886
26703
80297
37549
24085
60593
56753
67763
43071
70966
18634
20032
57859
84257
85550
70178
61935
27158
95623
99803
50048
92314
99770
98081
21846
43717
824
3724
75353
68189
2129
32222
746
82051
1479
52911
45866
72386
29798
50277
92067
1990
21637
87390
86694
88176
1275
63969
31443
53413
75649
41032
36665
20148
4484
15643
35630
33565
42
23167
91406
15070
7206
87437
64535
69826
85427
6755
48444
98482
48876
62809
50427
31639
60958
95233
52231
25439
21365
71572
70127
35827
62519
88887
43220
58828
13215
79359
29138
24084
97601
70509
93017
48308
43412
35207
51884
20301
27909
63986
52920
13931
61031
80629
30754
89398
32096
61464
59155
37813
34594
85109
744
63972
70770
36297
45577
33557
45051
93278
30300
29298
51794
57208
20234
69238
28807
33316
35105
99031
19390
73284
84273
65834
57758
53816
71757
88264
45031
10493
69160
45908
18244
45621
34699
49575
84391
59774
51867
26256
19196
35876
46201
97139
94120
33956
75572
66174
75111
25923
26830
7479
31717
88675
32190
10420
54980
93116
77199
72252
88134
84833
53876
62367
27920
32742
86821
15116
32711
93857
22086
40021
83128
27057
56551
25718
69975
5919
10709
33251
3946
64941
19548
94024
40680
58553
17401
5794
20116
26880
72692
71551
32291
98456
47847
34830
75872
59524
9840
10984
20569
76965
48334
81173
60787
70773
39827
32197
55283
84133
54484
7518
85462
53792
37792
23698
13028
85613
43609
76426
65966
98423
20652
11434
55871
8817
9208
63938
34646
95715
47123
53243
12949
32577
92383
24181
63860
35926
65042
33037
75252
86394
9557
53454
66358
21619
61893
63123
2144
14586
40414
48386
68351
2736
83411
28501
61985
32189
27128
76889
4852
29236
86603
57670
88211
81694
55190
26581
15920
10500
31142
37494
75257
48863
21366
77660
38798
34917
2589
54863
50904
33473
44207
47332
40024
49025
72458
33970
90024
82038
53351
36665
97963
56359
27426
34404
99
4583
99526
82590
59810
74375
54158
24113
33563
18021
10418
57263
91273
38507
81161
35675
57058
66372
61633
87325
75386
1742
85513
97369
81546
55832
94209
50130
24999
49752
34043
57331
72289
12558
93519
9413
56516
94973
3920
96761
28016
14488
47834
25895
82644
29304
10126
50218
88441
92118
64476
60343
48216
41802
71424
37141
53364
62241
94041
89505
22904
43041
72172
95107
87521
51002
70543
9843
94980
37434
50605
68073
84479
81764
18684
89182
1285
69511
38060
10664
3717
4336
99429
37949
25636
57515
48201
37852
62651
20626
80483
43203
28080
64939
73507
85727
3063
5204
17185
59535
75293
63866
42471
96773
96614
62724
71917
50758
89259
76150
92719
95621
67102
20649
78130
37889
19588
81096
65123
96355
84032
156
27872
26351
79062
20157
20232
98614
44953
63530
7749
89967
18839
33599
42466
54856
95358
45069
78121
21305
93030
24285
81039
81763
93556
12204
13071
44127
89969
22759
48078
17273
67479
27728
65815
88280
65201
12939
6644
87216
2077
36109
52276
96739
27632
38632
95433
47452
95036
20763
1656
50044
98374
14716
57778
61763
1764
66636
69120
37490
26269
16861
57284
55300
10
71780
80796
35080
24507
20100
58367
95029
54428
85739
81064
76096
47650
981
22698
83970
59458
60373
36514
83762
60568
126
65771
11677
65406
7712
42307
5251
62459
83861
9973
63332
78242
70204
34712
56732
89614
36482
24567
2860
66661
7831
70884
14264
14421
25860
12262
32795
50191
36561
28908
58610
15660
32602
24892
5247
71791
98015
88731
61271
50652
22316
2333
92106
6007
11535
42834
95781
41559
23045
66102
53843
63773
89292
54816
61481
16910
89423
47574
3474
73165
36231
37560
97573
26451
30349
48376
9542
23555
73745
8382
51351
52337
68208
26123
36400
73739
21201
6958
41334
30104
91810
84633
32427
11544
65410
41322
73109
26186
40444
73624
16174
4738
38204
14012
94374
44608
18689
3192
51841
72085
60371
90304
90549
97774
54643
18562
57431
23847
22802
42719
39786
84680
51191
29515
7726
33650
69495
15928
82123
47906
80992
43563
10807
46552
38215
94004
22603
50258
7290
42052
10244
23822
12400
71507
8891
51664
91449
5083
87637
19108
90518
79768
70086
87705
56382
42048
68667
65593
45135
57959
14704
54072
18408
90097
99651
1289
62613
61917
70241
78034
36207
30033
53779
13669
75467
964
56971
31067
5027
97482
84324
70260
51281
6102
91268
65485
31581
68441
54848
58504
81690
86737
78882
24144
16781
99476
37663
62009
62190
96352
22466
87588
83007
65780
34949
26340
78522
54200
64720
25638
88965
93948
63200
78493
8318
1331
59560
68070
19023
91066
79180
71187
14651
75569
31123
91176
16307
67806
92283
92439
77395
20903
5170
65016
14685
91295
7500
8729
97924
61813
44898
21662
66222
83970
30952
96920
91203
30360
36753
32273
64282
78577
7548
35623
12750
26956
19720
82895
64115
93510
32159
82093
98497
93149
1368
93173
76339
73795
74207
47200
55756
46527
4111
6957
79243
20600
47742
60366
65387
14857
31595
63166
35790
41493
43614
57043
23879
95416
19802
39665
30244
61492
16639
46262
63035
92396
65737
91410
9978
63472
95510
11043
6193
29387
91559
6026
68439
83081
71125
79695
72641
72815
62011
8794
36474
11085
47346
39689
13934
74645
74588
69826
38249
96276
60009
88516
62011
91111
25615
31136
95796
58796
98775
54360
82413
24873
78958
4515
60462
89517
88933
83224
8890
76801
30996
76390
36286
48180
178
39086
81070
98008
68712
64077
8325
89455
65915
2221
48686
33245
84221
46034
8838
24643
78716
74833
80278
82429
80326
57047
51584
39772
52615
25696
98782
8162
6750
91574
22804
15346
90434
76933
77555
30157
93952
54698
17022
19267
35223
49175
60756
59483
50822
39356
82306
57414
11925
52546
82770
92782
9064
42020
5197
9740
24132
60875
76557
64430
94315
1394
23965
30102
88278
64650
93670
87461
17417
42171
51583
16746
53536
12320
16885
31113
38093
89104
33384
35338
89568
44128
82259
35659
14989
24657
16993
41656
10473
55159
2035
55794
63643
40350
45569
61839
88628
90405
70795
14669
72865
4138
42586
28116
99920
40248
54964
28101
25342
85949
53258
40730
2063
55717
90848
74112
61024
69357
74655
21699
32552
29373
535
85623
59268
12200
13407
99321
8828
40993
32694
97753
57785
81832
2800
96712
74378
44067
9766
47836
23640
39275
71476
19261
8
85072
64690
35506
27694
68787
5473
58656
87935
21068
3682
50034
67312
1044
78993
65159
27998
20666
36159
6461
16622
51329
30650
53484
79178
29658
98676
2999
72732
87223
43284
42874
80488
94335
15892
11070
14829
61722
53619
94512
92368
52145
59274
14587
93450
6134
91149
62988
8494
23191
87097
71850
187
61637
4066
94063
83812
76225
45140
24876
22895
46826
91138
32410
43432
91008
32533
5343
78506
26879
39515
72897
82707
74593
22546
29188
1128
84451
90090
26271
58774
9552
90814
76009
54279
41995
608
6936
57485
96718
63821
1787
64909
78836
77531
2394
83538
48870
71527
6751
7311
90948
22444
6060
92209
15658
13924
83651
11247
23791
64148
793
73322
39683
47173
2439
79765
73550
9561
9710
43948
90829
47132
8572
58239
19503
39901
86518
32636
49861
74982
30224
79567
5579
45160
17970
47124
85963
61343
75379
43480
59368
73124
68153
83308
97913
8052
21507
3404
28054
24310
96898
28652
88583
35966
34471
62713
48004
33572
110
7841
27879
10365
5284
62801
6244
62229
29454
34212
18978
87966
48474
1355
51687
71679
39956
60654
38829
2102
51817
84407
91099
5832
16110
40961
6858
88208
94747
24896
31085
56671
49039
60584
13239
34476
12940
97030
44457
41322
67939
83514
64610
58084
46885
48004
71559
74131
56791
13833
75696
92980
97381
24933
24666
36304
82388
14662
83803
27398
73753
66145
57891
44308
80336
44871
89261
25689
39170
30219
60023
71123
98277
12386
61397
98452
17814
90085
79458
757
89661
41845
78591
83372
6915
62038
19892
33291
39585
95856
80099
84573
70510
58407
54660
97802
8744
84201
49047
41491
21325
65161
58699
75111
44453
44132
33831
97029
69354
20516
15028
41430
53812
40086
99409
17116
4928
12736
58874
4924
46350
92139
61435
11942
79475
94399
89043
69809
30133
45047
74089
3874
93515
49255
45606
62902
10988
83325
1007
86248
30033
90080
35894
55928
19449
69570
22279
95806
1929
68548
17925
47139
8659
27557
74662
56591
61068
34378
49975
26192
40115
39476
58156
51791
54840
60048
67967
65469
22451
78156
1557
24734
34246
55181
72135
79955
48052
22698
88987
38251
14860
74554
38545
50054
62413
76078
45632
26498
53244
58098
2279
47296
27104
44821
82876
38783
81022
17761
39706
47181
44983
81820
75478
45927
50825
60538
63782
74091
24679
77849
54962
19668
43276
48664
383
57785
43947
46352
65008
24338
48432
49124
88909
56544
80942
38503
97835
42363
58513
2521
17959
5700
9108
63726
68318
46428
17079
92470
99764
75968
25664
41936
66194
42124
66863
68974
44095
62423
91285
59885
75378
40558
36822
31771
40671
74915
27349
6229
75396
91973
56884
91144
62668
68056
77147
45659
76578
29552
24207
56666
74651
72060
10961
93325
53091
17092
15934
33297
52163
1432
63245
20070
30884
25663
46285
42699
43095
28089
20686
89359
2035
72130
85886
48651
45492
83554
29775
48359
26362
8042
5383
90001
97744
80549
4975
20666
91530
81447
51624
91525
62411
21776
54184
28459
25142
64563
82866
32523
49620
69144
16281
52883
37167
14586
98308
41166
80463
92106
96145
86487
87436
82510
50985
87698
49442
83862
66049
16567
43350
34415
3785
40886
53149
60800
13955
62863
44505
22844
65740
16464
40971
80716
98329
25378
48576
58409
68032
52592
97649
30805
36206
45868
15101
60037
11271
13696
34829
582
10918
89665
73252
93879
23338
22353
79027
18604
13194
29812
50291
34676
22465
46473
20570
35507
56968
51968
82042
24979
60350
1316
3094
89322
97292
13072
76155
3160
61083
74702
71444
43645
72731
1942
48672
65074
47669
65551
91992
78968
2278
67851
74352
97357
4845
79567
11162
44929
29092
16995
87912
53051
16604
39211
33169
68710
65988
95285
64309
46544
78186
75160
35315
60262
61394
61600
22289
26499
931
52377
97236
81912
92635
4454
7988
13743
35515
5767
5316
74391
22043
98502
68670
54849
50601
4247
9576
10143
92278
77583
27958
32092
80188
18817
97128
46770
44314
85751
15873
3576
52044
11210
82964
85073
94066
35795
35505
78003
28706
29469
18689
26953
60498
7840
39084
99595
11901
46886
83232
34891
29936
93734
35375
14864
69588
14366
85007
4923
24605
32034
75218
62665
59903
3370
43361
93331
89940
34737
6696
10015
58528
16422
89538
982
29499
69166
4849
69266
35293
1759
50095
1671
93626
48347
2759
75208
70770
36864
99272
7821
80105
50580
66051
19539
56299
51980
69258
77874
75953
43160
53143
17480
50639
95183
59440
78761
18270
38623
91452
29857
3026
60233
46753
79981
3007
86533
39674
27674
97667
5472
53661
5051
23208
6936
49730
17439
84427
47727
86342
39509
85198
65198
19128
57499
35214
61944
44070
94892
73518
85905
4676
26264
46164
42420
87676
82370
76711
47854
27024
24314
6266
75737
22065
35140
6428
37122
60416
72870
22338
61703
87264
76020
71972
26216
89115
18373
22361
86814
81537
89415
50015
72361
22547
36648
25528
71304
76476
49568
38434
54325
12056
70903
4265
76735
55921
13114
65755
32027
78339
24796
55056
50092
29144
93453
51199
6690
32384
69464
21041
4003
9761
26802
94417
68945
26257
30194
5356
88488
48394
60534
82125
53859
17661
75941
4149
42527
61260
3472
47878
37888
8225
60899
51261
89658
52397
49057
93823
79048
47042
86289
12049
55351
71515
36560
64213
83381
66117
77587
17245
50058
69959
7299
4611
87573
6954
57316
68106
96478
84503
20140
88494
24433
22965
64751
66493
38621
73580
11419
7405
58285
64099
7255
42647
26439
9840
99200
95622
1896
53018
34615
10525
92091
3716
87415
58972
63900
3099
70488
79250
50841
97455
19366
65698
97957
59925
30618
54895
90442
98460
76054
43399
9158
44439
92970
8226
79252
69125
80001
90755
38165
18095
48139
50071
79440
68910
88849
80391
27510
32009
29419
48965
60268
4624
58914
74594
10829
68467
427
75676
53033
71474
10415
56335
35695
69525
11256
3343
39292
20942
41016
49398
71808
45881
86381
67114
40427
59408
84957
20220
70686
74274
61913
51880
79627
54068
39762
20566
38535
21143
90978
83910
29585
35843
18138
83177
79885
34237
92389
97204
32433
81678
33707
55348
60399
35851
42308
76980
46352
26897
57611
15744
52715
29543
44983
37704
49416
95050
81563
31367
52531
33738
87320
62107
76621
49947
98599
508
90657
96880
30955
15802
45208
34197
37067
37977
14590
73786
55324
48220
17730
29631
83155
74973
67421
70324
12289
1081
44268
19293
17665
18265
30607
23354
74499
99869
94728
19333
59239
40694
48948
50134
28920
68638
49999
35198
26412
76706
54885
60385
8239
54417
32616
15073
5394
82216
9261
15445
22821
95162
70623
92795
35219
21388
61954
7506
70765
36885
94127
61338
64066
53451
16941
78972
82132
51026
92742
68479
60681
78371
18195
16561
17385
59131
8365
73290
75647
43816
93598
87288
50305
87193
36744
53691
95386
69064
37280
23478
79124
84284
33731
54268
83750
65102
76677
15664
14314
58121
33463
13505
77427
867
3491
27056
43119
78566
78632
6154
44305
78504
93877
7864
43114
16901
77575
5604
84011
8605
72727
37043
69255
39053
54040
47201
85972
36887
36817
78737
26087
38913
22925
21332
68653
39164
80842
84947
11453
44932
70043
92848
7703
96933
48506
49764
90578
87163
46659
4950
32005
90774
5450
63016
64953
9102
67684
39838
8206
585
63658
56279
38933
11601
19015
50798
42985
94411
63653
97165
52081
28798
59370
21867
37079
86054
73044
14632
80801
40775
35303
94846
14817
93488
15542
32233
21697
80851
87930
50347
43395
7081
55078
57896
18556
86633
44341
30705
46018
25653
44140
88039
78562
13042
41187
32675
70525
79604
51446
47469
64715
97637
20166
58512
20458
36486
5405
46299
7997
10746
28153
80093
42314
73477
83981
16183
30967
44948
20841
44124
3949
55128
31444
29291
21331
35009
21464
66482
2330
88307
11087
66333
95398
80980
70012
71872
25756
33862
72394
29126
80339
61723
48391
93384
4173
72330
89547
94980
37301
54667
51610
84372
92833
91222
50551
2085
52921
69357
14715
91527
90514
8092
14003
97047
20725
73013
77173
22644
68759
20381
79362
84437
28172
47339
86302
90847
44345
74544
16637
71143
94278
45087
74193
54161
78120
20904
97244
72931
459
99499
69327
42051
89542
28915
83722
64490
81329
67659
46298
47200
97329
71774
59681
85307
77386
21796
89719
31865
28480
24581
41666
44646
89259
87285
4359
73050
89124
79819
93193
75807
61484
24540
62684
66457
26461
25395
55011
40255
58373
30643
35148
18186
32891
55515
86549
57853
47247
41796
54530
2389
71364
13008
86594
69288
6320
39837
38964
59980
24195
88366
21131
93158
31839
88927
24996
80623
8824
14753
28305
65493
84977
50998
71498
48307
37038
92882
50415
69600
49537
89547
46388
22362
41922
48723
70186
32455
69072
68634
76652
44900
91471
30220
35476
55079
27929
42098
67146
48401
63013
90873
97034
87830
35909
39388
2823
56368
30300
77595
90664
33402
81950
75435
9398
36009
70074
77613
15973
46516
85829
60999
95980
79015
49678
87631
41816
3514
73000
29630
10606
14047
74189
43694
51894
40985
41094
56882
2313
98126
33452
97363
46086
63664
31025
13052
45640
2151
12727
37627
28523
83402
60946
21555
83706
43475
31160
95478
40155
88033
93217
60160
65343
67114
41723
26217
52353
54266
58749
95461
62097
27320
78287
5709
22239
93051
48019
81193
1685
23979
31197
1103
26368
33062
75568
83687
14113
49488
95367
90437
12188
34438
93807
51170
56378
58458
96732
62293
67735
44131
30238
50436
38035
76822
26736
3859
7066
71761
99352
85035
50591
57045
6188
76592
13940
94277
81379
43245
31075
69751
44598
81568
42836
29644
6451
76367
81796
35658
22684
81643
513
85784
52202
80025
77317
77523
16898
47475
2385
36103
30698
58320
551
21113
8002
83839
37256
46632
28428
78684
3833
40589
76042
85553
67988
98003
27907
53226
63018
63961
40841
11023
65579
79075
62849
51818
63679
2228
29611
18337
99295
70208
26853
75024
45478
4253
75218
96457
14727
69792
44175
38414
71024
86075
45619
9781
69863
75408
69238
17174
15249
76953
65342
9494
69589
76834
59792
83202
35029
49354
50411
15367
43838
27026
37966
93033
88884
27324
25633
69297
77182
61382
25312
61393
23773
33636
11536
46611
44249
91880
6726
22044
85496
6852
26901
67587
16541
22939
49427
5232
31371
35112
15597
26575
57954
17023
60863
97178
53254
31575
35652
84375
94377
4841
77552
99772
87688
63173
38350
63105
80229
48327
51048
70283
55154
59049
5272
68711
79437
44916
98078
87212
10200
18277
24708
65117
1769
12251
20273
86038
38321
74349
69665
26242
17942
31527
6204
76281
79354
41671
12466
73895
7294
74816
5290
69317
62420
51236
82561
42160
71084
35427
232
9746
30369
81144
56828
53101
42805
41669
22787
36405
65882
42430
28905
32561
91721
15351
40385
81469
32498
12433
92397
80157
92447
9833
79075
94497
23006
59225
86582
40325
64700
38662
59419
29932
83795
17755
22224
58115
891
94604
72023
83904
54846
64131
11469
89887
7200
82176
83734
49011
28879
72387
77544
13256
53740
61501
61446
53630
55251
35047
93411
80414
86243
23142
28110
47802
45829
92454
79745
32022
63853
60705
29960
35173
57795
20650
18948
66455
68440
72415
52140
9239
79385
5043
18648
41021
26168
77781
12231
72572
93353
54935
31869
81125
21743
43070
43229
87335
86931
10098
95666
38872
15899
34360
75907
18388
28381
7497
80858
16313
19767
44938
57979
55862
62915
67177
43382
3707
423
78863
32819
22980
15955
37037
78057
80985
88322
31029
71805
4102
55116
17102
42690
19036
91089
95372
36138
57297
33611
59854
74112
45743
57385
12089
25221
94868
10823
34343
82750
42376
24936
42423
5967
86599
1777
80537
10073
55209
70709
14621
83289
16110
17952
72520
99298
26181
19345
56408
33439
41326
42318
66697
88628
66053
98089
26912
75198
2764
89529
52115
33913
1285
90104
68597
64035
44727
78112
93362
18455
19520
92546
58042
18139
23994
25956
5584
38257
42243
12645
57736
12487
84985
50514
99820
81922
90357
5373
63954
65065
38416
66359
59331
51711
65677
47475
86382
88476
32794
97554
7384
11265
77154
95038
15774
71365
88126
54073
23303
41944
60159
1695
34614
44796
14357
87514
43831
39710
62516
599
17396
49116
78305
52162
18919
37271
15509
48887
95851
62274
4197
54094
26686
5601
84869
54799
12576
46438
53085
5267
31689
59358
77639
13674
41465
33504
18767
98460
33479
12155
92283
41509
30193
82018
51859
17272
12355
15330
26978
36714
45522
7737
85854
38140
8119
59216
55211
87698
68322
42403
16119
96421
90893
75474
3183
32656
66594
48283
80123
16579
46104
30736
93783
51582
55006
2868
30870
74544
46237
54606
85544
319
3711
72245
64794
48505
71019
82586
43389
15455
15276
64106
8510
5887
36351
28455
95349
33473
28821
50378
91848
356
54014
44832
94809
76262
78135
7177
24019
99379
98516
85109
85690
2876
57564
12431
55497
4774
49916
24413
87369
8039
52229
71777
68107
13456
27886
26049
43011
53915
42099
17087
15547
43952
24177
79741
8648
82176
79663
68232
75354
93784
76556
79840
60016
71628
5970
96202
40512
82410
17260
42990
47248
58695
72126
12872
21792
3988
71734
302
13828
82615
7215
28879
51111
79895
75144
65913
78207
64673
54743
13242
58990
39515
19807
32381
23224
47061
85832
86170
55734
94510
18908
86879
59404
50740
46682
72278
21771
12872
86379
72515
20133
28175
91758
86677
81041
63537
12958
86326
61179
96738
42493
98892
62425
50097
50400
23887
11869
43814
92112
70169
92160
43801
87820
92311
11921
55142
62949
1852
33755
7995
78060
19755
47560
51670
56690
16828
38255
61721
5522
50231
88044
45017
72306
66247
82464
16166
71368
78872
6176
68695
37014
4294
94663
36470
76876
95342
87477
51136
95305
60424
92659
18718
40765
54469
61008
70042
46527
90912
54323
43823
74111
23719
25870
56913
87235
36982
76759
99262
76554
67298
67863
48581
59716
60767
72185
90115
96572
21294
69514
10618
81111
16167
37968
14072
37063
30974
53671
31452
18831
59161
17412
79675
39972
82792
3741
53274
84011
49392
75270
64188
34010
35035
25605
32308
95972
71279
63648
92758
27110
28119
62642
80526
33529
6280
56170
87750
22826
83620
19852
59603
82591
85649
47578
18891
87859
30098
33791
26238
39029
72407
71216
99086
98747
65700
57721
85846
77033
82983
14500
83153
92569
23889
23821
6774
15758
84039
48069
77733
23252
82526
96389
98363
50412
64730
94891
18222
75770
15243
98746
87245
60334
23555
5488
7082
50490
49467
5166
41334
94613
89189
48823
49115
21129
56910
84233
6015
35029
92909
14480
67998
58114
66891
31564
15368
31766
67195
40497
85252
44298
26442
19876
25684
14308
13366
93954
23787
70741
82206
77633
99743
2134
64490
74410
76343
35008
32195
82031
70564
93270
50567
50161
33748
15382
76586
65035
27022
47589
385
69187
49746
29574
65478
76868
83706
43251
79949
46586
89681
19794
88693
55373
29651
74619
38822
75810
90534
28468
19242
75940
46476
11240
23108
78960
80535
8189
66363
72598
2710
3835
88598
1264
90646
20917
53923
7105
23907
40288
30716
91850
32520
31871
84849
74195
62977
5486
33831
63995
98447
11292
9323
51501
54550
26295
65287
6139
88217
299
69950
46720
70609
10686
50159
30766
14552
86119
47335
18524
39545
80382
1169
75322
14235
54720
9851
3378
79480
71170
32767
13095
23357
21524
75763
79406
74392
18194
21394
69641
92944
24590
91464
80364
64851
57537
41205
53122
79449
64128
49917
44754
85680
5314
94793
54707
55460
79868
4026
24012
77637
16417
96493
43472
34663
92478
11730
12938
74773
53167
13139
22613
81986
58003
5388
62293
98794
35681
2990
82207
84885
35205
731
30027
99277
6930
21928
60353
49189
92730
48840
38526
2045
39124
76163
91315
85750
89108
36557
93709
6051
35663
45524
2522
81405
78299
46550
94027
82933
48645
63169
8922
10339
90886
21554
43818
71716
91304
64934
21166
24335
85787
299
12493
78854
72972
69594
12556
3051
68927
78979
74222
87200
68379
99423
30580
82424
45198
59020
70653
57902
93863
6921
86618
26561
37865
33794
93800
60902
50535
21764
49800
46750
42326
76161
97785
39438
80785
15909
62594
46056
21715
60607
87633
70490
45755
93139
61865
11705
81228
32389
58934
1904
11277
97198
65446
44415
66105
32165
50412
19127
55392
97325
65637
60251
24889
40498
89043
51292
75078
66288
45077
51125
94450
39920
66826
32760
8448
6561
38049
6232
84383
55570
67713
80579
48545
27958
22573
22121
8858
30644
37048
9149
32114
65974
58075
59489
82534
17733
56282
77929
65765
93564
9702
15975
6467
42701
31121
821
14449
91840
79295
49595
72807
72233
56960
34028
68796
698
97582
93644
94778
96472
72674
44666
31882
38608
99327
98572
60387
54540
30369
16703
19687
5570
79472
37393
73120
27352
5995
24505
88666
47901
63929
80394
44065
19097
2919
12653
33167
81940
97017
56490
45539
36502
42946
32664
30079
86053
24238
746
65987
37141
73183
3537
13926
94475
58837
65052
60826
79577
87296
20632
68292
3509
88624
44501
44076
64227
32950
13028
53175
89630
26017
938
89835
107
14529
91719
2067
44275
270
96137
31988
75215
4768
25428
72265
74861
62939
40893
11226
82442
74642
32109
45054
98413
82668
52692
22537
53590
68662
24855
64136
84458
89010
96125
6497
64470
30991
84669
33987
57371
22940
9127
15498
27633
92096
95088
6009
97279
76977
81017
50687
6991
80427
97748
35752
46375
57009
5023
73904
32514
8051
96981
98463
95404
31749
53884
1203
10233
43818
98432
67699
83171
2207
29231
81967
40819
75993
84109
95577
3212
35299
75709
63682
46080
10101
24450
97684
77405
50712
80734
23881
62047
77752
35987
19423
94289
85195
88995
83548
26052
69267
1508
37217
56906
31162
86978
53086
63144
18926
17112
54552
15132
2393
57925
29141
7501
12313
15439
40096
54043
8225
36762
35818
98194
46729
85856
13024
63251
97682
85580
32298
90524
58897
30099
32436
12281
13520
45944
91316
82222
98
6213
45281
91271
76233
31567
52377
74684
67997
29196
36504
43401
12831
9576
17309
75428
41719
66027
43034
8326
64338
44290
93252
55590
21646
77609
19451
43653
67715
38381
13085
99383
86854
52558
47344
96854
94322
8846
13007
79990
84048
80290
77627
7837
63492
57757
97750
97042
21189
26018
46544
26700
75397
37039
81800
66677
36866
1266
77017
93496
1465
23532
47413
30771
89678
63485
37813
26666
43539
99877
77493
90006
51537
36177
63850
25942
1137
15049
8698
90350
24932
18751
43183
67950
40489
91329
58342
33527
92067
31143
90501
3738
56834
25101
15167
44945
86267
31698
26339
43840
40813
11429
71212
11870
84543
80346
99970
42124
71468
47429
43333
66462
33803
70175
25638
69389
76875
77308
27197
53177
75012
34478
15280
4472
93486
83249
63249
22864
9286
46825
65985
80377
64924
40321
75095
92146
31839
88966
35568
19045
45610
5765
97057
80990
32720
56020
75460
77637
66885
71920
12206
25511
64530
83138
32456
31744
66094
51692
85319
72348
33671
69935
38135
21441
88530
54198
1033
87915
81031
34821
25912
32925
70708
94720
17853
45333
72384
44637
74716
79136
25046
95729
12902
71584
65150
13518
68442
1816
27581
2923
6819
95423
36840
74979
36332
21976
567
11046
72144
1579
64019
15475
51833
43855
72092
46033
19660
11190
69730
95829
21502
70507
23412
40865
12329
53506
31571
97010
21935
82271
3209
45649
82602
26554
54276
13055
60204
10436
92346
6822
1141
52252
88348
29120
38098
43551
23406
40010
99290
38384
24917
46137
65912
43840
25578
51993
775
11375
33624
33634
32155
42417
74910
5784
46467
45059
49890
28755
66755
92902
13394
65485
53224
4709
89954
27647
28336
48236
9810
68141
2124
17807
40197
88747
65650
19578
29462
9684
68311
2086
5293
46967
39652
91373
72600
95563
22640
25149
27180
31430
6185
58369
22429
14295
34680
7313
23998
96653
24172
73161
85464
42014
77061
39152
39546
67209
37284
5009
43965
82790
2389
44413
20768
57616
24813
16352
60521
81812
49295
75903
65555
13015
55075
47392
21662
94060
32244
83090
4023
90350
79697
25350
39939
1508
26837
1282
86853
38502
68860
93127
32787
63866
48874
82157
38432
41636
1041
54518
31696
98306
13863
21807
20294
12713
45383
56143
18253
47765
98080
37850
84592
11287
17623
54520
71396
69575
78230
45809
95753
17485
49098
36096
79628
52962
87822
44833
69982
53194
24580
41651
67182
4691
33011
30761
65515
52918
30240
72545
73968
75141
93260
31429
46840
29456
98538
16538
10496
59540
82648
44596
58851
46991
90983
93066
2317
79026
89498
54186
90701
90011
50822
17537
25283
1999
12065
48444
72427
21222
6743
33329
40532
79974
59482
50719
35480
31623
48223
38931
2601
74126
25247
87344
78805
28475
3751
20102
71546
27177
86945
45993
52684
40197
91241
46156
1100
39459
39967
12481
93179
85783
57267
97927
43542
83038
51372
76603
10788
45016
90883
11213
91808
40741
47603
14358
38066
34861
11330
7683
19677
73629
98210
11265
34642
77744
68232
4267
91889
1324
648
53042
2872
85107
34165
27395
88903
87385
45396
23016
69861
58157
81691
14598
56841
80905
37423
80979
6798
66420
14304
94035
26133
93655
81777
8018
47751
57726
25885
6926
1959
10509
29638
39615
73886
40909
93784
23620
79753
67728
22342
6327
28759
75219
52841
18335
67299
66095
83347
87920
30567
86177
98858
42170
686
33068
82900
91050
19216
21391
22742
75276
60089
34070
31309
89847
70125
20290
29842
17185
24370
58650
44497
64507
11264
62547
96059
63891
60191
99159
15520
94940
42496
23056
34456
85641
11456
96413
58452
98945
75654
39660
3090
68788
6047
15369
58389
66388
35845
95186
53658
29364
51695
20060
45953
19244
37406
53994
31572
23689
18871
9329
43988
68433
76496
37886
49673
83559
91995
34862
53792
66860
83113
53629
14894
56239
57641
12550
13933
88153
90947
29469
52763
72302
95782
69992
80934
99173
3643
83141
88766
37014
65815
29576
10502
99658
707
53267
77921
31630
62949
91105
20626
46145
23466
12034
33166
81328
87534
40133
77216
59517
83761
63602
45435
73124
46384
7110
41139
87148
10011
55459
73448
17479
27796
13175
39718
99176
72051
54853
90182
3174
35159
65002
51421
62022
29567
86318
24973
71826
75397
40633
11545
21361
16055
76921
43672
61421
84861
80885
83866
39992
68288
35764
1562
97433
248
37569
12091
48951
54009
56828
62711
37833
1026
92371
94745
59158
49203
65628
56950
80909
65453
98851
81993
82746
37745
31061
65071
93491
32472
27410
24514
99103
1297
83086
98915
90464
47576
52340
54154
77485
36546
19864
39822
60024
9506
60251
32344
25788
74786
7913
12482
5690
27060
50417
31125
49275
15994
88361
7481
48955
51502
84907
28852
15897
44908
34696
75593
93724
59153
8954
4387
93832
90824
5176
17458
71311
23202
40359
62234
88131
523
99811
91332
6289
2592
72793
13619
28583
12919
9289
57145
35890
3430
39065
65363
33577
98303
6953
57395
30287
97615
14175
9503
7169
84525
3180
1643
66958
9692
23178
47465
29384
396
48634
60407
74915
10437
38349
19711
27953
32711
41899
4799
47675
79851
74893
30360
12320
91887
68771
55769
54166
2850
43512
67478
79985
97740
44040
91540
39668
87134
89812
67806
914
35875
16541
71141
52238
728
62881
42989
80786
82122
11119
54342
53498
10852
28835
66648
86031
71863
84600
1246
52178
86991
20705
10510
34020
3580
30642
2948
88727
68975
90195
85644
7619
15523
66256
29836
12511
73162
41860
10317
77912
29451
73195
14885
98045
22958
79026
69594
79226
69387
58557
53422
92130
74729
23254
80397
26937
63404
7494
33001
33193
48711
81524
45527
89349
90840
63993
83423
5716
63660
97790
21434
99343
8510
74775
62047
25388
37869
91315
40119
57807
10608
56625
72746
71940
87302
32816
89641
37553
26615
15245
96070
41852
54281
6378
11513
69572
3053
43451
78361
96865
22058
84391
27689
91423
76642
93934
13227
9553
15467
21451
54830
13912
62431
80565
20617
41397
67013
40534
8012
85484
55180
62013
55194
1100
42127
67206
37517
69134
52798
371
3446
74378
61805
4911
74506
4051
53885
81555
3806
25909
95253
91779
88170
52948
75037
6261
76555
70285
65405
93471
46676
19533
61982
47990
87532
75596
81410
64929
46166
75632
80009
7792
17615
61607
79652
7405
14254
58623
28569
2496
99988
68356
50991
9074
43247
49638
25408
98072
20928
53181
148
80870
66294
16382
21279
6688
95848
82031
80699
25544
54647
998
52332
75030
57473
43253
42021
62532
61596
12033
65606
31762
39059
65407
71341
58783
52328
40257
19931
47416
92812
77810
90630
59760
17937
72599
31096
24182
84351
4477
45340
79890
28838
12342
47646
3916
18803
75716
86079
56541
69660
27992
68590
62506
72171
31128
66398
48437
52024
85680
28900
95782
22032
34699
35707
44126
90544
59182
183
94270
97747
33456
35985
73240
53570
31346
19538
86672
6118
38434
44795
6859
11029
37670
90988
70425
18478
13786
39052
33914
39574
17573
49687
48345
51240
41757
72316
97762
82800
30359
46960
72059
97863
89649
93417
79863
36897
36528
10286
76252
69779
85563
33961
2537
5845
15934
1892
83918
62918
84338
23478
38110
72532
24461
69311
53928
29820
20217
34613
11100
4800
26572
62426
97059
81116
63352
91145
64464
7786
6287
84375
80991
17056
64384
92925
74064
66119
25023
50351
33323
27083
32095
2522
68365
4911
62193
87598
53559
97948
24847
92239
69200
81363
92149
31686
25507
95419
71179
31543
50357
85533
90257
46375
11810
5047
44480
78877
28772
84029
44086
5744
46099
529
29025
37443
26133
22401
71590
8307
89442
22636
27245
74052
34406
60913
21176
25594
23671
3198
65907
32743
29956
50763
72672
21739
11876
65356
64924
83575
31950
10371
37313
71512
33454
63956
63431
65396
13168
81307
96770
1227
77594
58056
87892
46370
21607
74238
22749
48109
54763
23999
67811
15996
46789
86407
72352
76896
29375
37137
56357
48430
76681
71730
59240
96227
90780
15092
70268
95654
7330
81019
20484
5521
83234
13457
77581
6365
53381
67435
72496
46111
52328
13272
80480
33689
55962
25506
83268
82286
14848
89409
36165
73871
32490
58666
92043
72270
65719
59946
34456
9616
83158
80019
57537
52376
3801
68623
98420
33459
60773
52290
91222
47111
17289
93559
29006
96276
56298
5908
16426
35681
80387
96546
8865
92535
52884
98491
31860
31454
91219
85588
54963
5899
36581
64711
56486
2919
5691
68158
47407
53291
44183
17953
84299
3082
47846
46294
10483
86617
27641
3414
92770
25168
7503
29477
54577
61347
30681
94346
6506
70564
63769
193
25132
64147
72311
8864
63428
91788
20786
40168
6455
14205
88517
70306
83062
31826
32078
65097
97929
13581
20763
92815
45662
14950
42778
31785
65625
42533
92985
58612
98084
27204
14211
34715
90892
20176
51603
27153
88793
8811
33730
7120
49620
52137
94676
77180
15090
59289
70992
75610
84777
51817
49432
67090
14260
39098
502
94956
66587
28891
20093
44375
65231
39776
99278
78231
1495
58955
94346
42240
81584
7814
11685
77952
59834
23649
50942
24944
22712
30000
94
91546
13341
90644
71462
3682
62638
64192
52773
66200
45214
90951
6949
73684
58091
47566
19207
15636
64969
53059
80769
97182
80441
45840
90683
24727
96764
2283
92393
66602
86615
37813
68154
16297
2320
93926
83351
70223
88833
69446
47594
64381
3917
81640
84309
16476
66971
98830
62521
94833
89886
17843
95186
44885
5202
6631
33584
35118
93425
33862
49005
77349
64722
60790
21102
13186
74415
98389
14048
82968
55091
37815
47385
86040
1602
84282
27661
89932
79128
6412
60680
97041
34577
58788
9170
84248
65821
28838
57913
77232
62348
24866
93405
55847
76135
47570
31683
8726
92802
27293
88462
84911
5175
39847
82303
81902
6991
90284
48746
70411
49739
94608
97253
84514
91337
30295
76248
29031
89608
42331
30946
46818
5597
36563
42145
49997
33065
44850
71206
64934
71915
97216
69084
13717
16642
92907
28849
1578
54505
331
97590
13073
26159
97229
11334
38426
63699
70619
69148
5215
51738
21255
1170
46674
43944
16644
43902
60626
12843
93370
33529
24644
68331
68847
28223
97068
20490
2949
1828
90885
27317
47306
81108
71594
47809
40396
66160
50396
3605
52251
85503
86189
82151
34568
22640
28063
65703
22698
94168
19504
98265
45060
71994
64603
45732
89338
47741
46956
94304
68970
28060
82194
90922
18557
7025
39953
96109
45669
23328
60775
52826
36578
49565
19669
49421
26747
59297
29508
6055
11545
11748
72739
6562
59899
10622
84915
4589
82090
3863
90614
85240
90646
57038
23572
36620
86585
65479
81976
86873
1865
69230
40109
9230
3479
54855
86877
82225
59079
73427
17298
12714
37039
28948
51945
35728
22036
67271
65984
88296
56932
52784
21984
19082
17574
39602
56363
51470
66532
66147
2896
61380
43577
44202
27802
16795
43447
21460
13381
39326
48198
77923
73100
89912
29111
28533
31419
27680
65155
62748
69229
77883
62112
97661
71074
13973
74141
34894
55179
87870
25935
61636
39413
29404
92413
86346
96037
45757
40286
61371
30563
16212
29877
945
79031
78908
81456
72713
64715
6298
95262
63955
17935
15530
82416
20839
85156
40101
17309
76991
99576
5854
172
71387
15176
62354
84947
24084
92103
95984
65360
24079
66232
92447
9233
97758
64209
462
30212
88282
51859
24295
27288
36280
11735
64999
10376
50480
36587
37639
60644
1623
12288
68277
79180
42497
36122
9771
99654
17590
19302
32849
81742
40994
25630
91851
63460
47939
35271
61971
50525
66651
59110
64883
54580
86928
3044
88410
13029
92
91184
3451
36413
39932
77576
3257
88759
80993
46782
44959
23702
97954
69137
43589
53742
17279
98784
98439
17274
23410
89066
70711
52918
11466
59551
50602
27074
46427
92599
23316
77608
3972
54708
27345
3587
7797
33477
33118
37136
28760
1549
67178
49326
2075
11752
65102
37770
57919
75409
43344
29696
55852
28363
48478
10475
82879
96001
4767
74076
80966
47483
65916
24830
39821
48914
47287
31437
29838
71237
78110
29162
92542
16647
21289
58046
96585
26024
23453
64464
33603
37311
33502
44202
59856
65398
63352
23422
979
55301
71173
51708
57986
1129
99037
20543
4403
49164
69182
93442
40945
19741
78428
61336
60392
46382
19800
66172
88058
18151
21381
36981
84050
99252
57027
98975
56059
41822
80251
64085
37446
49318
85386
79673
41597
61350
94451
49228
4079
86203
89697
37953
42521
51475
39480
4811
25706
35335
95098
53393
29583
55227
11044
57165
30320
19730
82977
23992
84764
55097
91515
25022
59016
93651
2317
45889
56905
35702
72767
19430
52780
1539
47608
29039
50505
68273
44837
81414
40779
59169
13995
45920
85130
57900
10068
63449
13708
42845
29947
6686
49016
97867
10928
91959
10551
42608
92159
53886
89032
55098
1661
41944
96876
94301
89137
1623
38489
87496
28600
74085
79245
74022
39603
4339
79112
75808
71870
26840
3495
45711
83128
79763
22137
93938
8397
89785
22673
55508
9815
75545
10696
93094
89806
95584
86085
70336
14725
89855
18223
13467
92939
91145
6955
64421
9049
18688
33430
34544
71222
54819
72042
57644
70194
3788
31007
9279
78989
50282
55958
28099
88257
60972
80631
95374
63597
64156
33665
84605
51921
52848
62078
27041
21042
28972
36739
38661
42544
52937
84622
38470
37296
97413
58850
29615
26886
69925
59137
51676
77388
96246
30742
39869
67386
46113
50345
82121
10690
23787
90913
32913
87372
66345
90468
40935
67795
49503
87060
5319
24369
32640
6353
67997
76742
23041
66683
14405
44402
18376
21570
48812
80707
90703
40502
53072
36629
99106
77129
6772
24191
8722
62666
16685
14161
4748
30772
33743
48946
14432
52258
94601
26697
78862
121
6140
74089
79579
87680
42186
47892
16019
39969
46384
98683
1560
22372
86389
68804
5518
34895
10509
13926
58488
43989
7739
98339
45280
12754
95350
61798
94243
47694
97502
45389
80761
39857
90703
77808
21179
43468
99628
93121
2621
19895
73137
94516
58497
23726
64701
48628
27731
53683
44938
24617
16546
61845
53664
94412
81033
3309
35016
20689
93852
82802
35217
12601
56664
47558
37030
75721
6934
87732
11500
56778
94324
59702
21257
22725
212
11291
5430
96685
33838
99245
97361
51354
92992
86020
5897
57089
8869
88734
85035
40956
39176
65329
2814
14050
35477
90016
63606
49274
4127
36562
10266
53913
33352
70789
49042
86772
57612
58299
99173
76266
69982
84253
81679
37827
24559
84079
45847
76400
48813
13143
68378
51123
28301
86850
87834
59863
2669
19993
48738
53792
78594
11064
77987
8732
26932
82053
68302
31660
98670
88470
49667
92179
70337
68239
73666
54268
46189
43316
22204
8128
20596
96755
46515
72530
32760
21856
15997
94032
91890
98912
36061
19210
94241
26280
63034
85226
83121
84715
61736
27656
62441
19362
94090
42706
55106
37660
70164
2940
93817
33952
90793
55015
81533
80135
8015
38600
82443
64626
30963
79934
44183
55869
84435
28216
5846
61057
82567
83470
41128
68131
58223
84916
49651
72474
32028
9095
15743
79121
51502
70890
71174
82146
48666
32947
68106
98234
3787
26706
4394
76783
25526
87227
91302
94596
54924
37405
68002
78340
95874
19628
9251
62729
79962
57830
85795
49494
25184
36645
90363
35571
14004
33232
72506
95636
90462
26331
46941
28374
61972
33512
43980
88895
75831
73212
10371
47963
59549
91400
76690
25791
42132
22088
38474
38059
60808
49694
15843
80122
58012
59989
63811
42931
74175
36430
2576
3271
32860
82740
46948
17108
18037
57847
89027
16022
69786
9509
12078
9041
78506
38337
19444
47422
41467
63389
9567
58207
5810
3729
85224
45216
73978
53879
38310
20563
35689
54199
35556
46602
76413
24836
41172
27901
73621
81830
98198
22597
81144
25309
27060
87404
36343
93362
88783
13756
5076
18233
13847
77855
11497
30694
36153
20179
48088
47033
18697
62066
86560
71637
22072
6039
52361
58556
83266
86991
17373
98803
63578
4698
93935
44558
90758
81333
26757
97489
9807
91992
60679
74774
4768
37765
87449
36336
2174
52094
54761
81621
39081
91795
1786
62187
63976
77085
56463
49556
80385
32446
25823
63612
56555
36803
99583
49811
23120
38346
67722
84763
31152
7214
18036
96126
69833
30745
28331
72725
98634
70038
942
31926
57939
32019
67220
45081
73930
74857
96703
16735
71358
47553
43101
40487
44884
43617
30514
62077
22302
96142
95
8765
58746
47784
90638
12489
14543
2072
42093
66502
38593
81968
15270
64674
81056
83617
10226
66932
80117
9584
45591
80881
55030
36908
7251
12970
81413
49260
93482
95739
45104
61332
81396
83415
52601
97337
58101
71591
97477
72896
5223
25407
49824
81542
91801
78974
16789
78927
63926
26829
34587
28733
34178
62515
44530
6507
86696
27532
63026
91820
2300
65110
6924
37535
17846
70962
73890
48856
43161
32854
57132
43939
67952
38290
83848
83524
3029
41498
25641
12138
59130
39206
28353
26558
82991
44321
50609
65359
86866
51909
11289
21232
35915
23930
87247
30906
85558
64087
66385
67770
80389
39498
12728
38566
13381
92439
82490
77872
88363
6745
56148
99103
85896
32636
47744
2881
54846
22390
35553
99298
77695
58016
13193
95859
81374
36928
31199
24231
66349
50798
82373
46521
51306
6266
92570
67809
16598
93729
61429
44411
71256
2637
91935
15465
1284
64121
12823
75511
28191
34699
60028
80015
90241
71186
35874
7762
71406
46634
10688
18944
71268
18144
14460
32998
86693
46940
89049
19169
47461
38735
34919
85614
69682
10097
46930
60054
74154
91127
79500
39165
89341
46475
74472
57305
24770
42765
21333
41693
29909
8528
96727
39659
16981
16802
6096
96914
4023
70662
85726
7982
58824
87671
6598
89969
58257
65985
87679
52403
89931
53033
6737
45464
68567
29180
79727
5401
88932
97164
24969
54724
35984
26768
97985
5812
13322
10385
83460
63931
73065
74700
62341
11818
55457
93962
83029
15974
53498
17976
67441
14144
85034
30588
30953
91111
85868
36361
3755
47538
47851
99028
54086
63443
1263
37433
40138
93462
77875
77884
50791
78761
4550
52017
78749
45183
64266
45579
13583
69078
73489
88595
94299
94753
2109
18764
69144
79770
45905
53691
86660
26794
68875
22895
35672
61400
18539
52125
83151
7304
77017
39831
95552
91446
18859
90251
28276
41966
47273
37298
92710
79784
62703
53190
27056
91434
44075
21931
80940
4292
80311
24774
24401
43719
47469
35560
21603
62940
32932
69626
12447
86056
25348
37677
29758
69225
74003
18673
70684
18279
23652
10186
16436
94089
45853
81832
78900
96356
41622
47130
80834
3661
98979
77727
61064
3150
43764
72357
78308
11991
3412
7907
35270
12604
59396
69861
93617
29308
49710
53539
45935
73320
98079
68321
69530
91738
76011
11283
33375
71004
54968
29557
22110
52422
13203
21103
9220
15898
82875
21201
65196
11867
39466
43211
79850
97308
99991
24320
58369
80693
97595
14652
61707
16397
57270
18464
67768
85373
60191
23260
65377
53146
35374
77497
17342
56922
33883
94188
98447
7013
58181
63262
19791
40586
76607
10996
98432
99792
7863
67523
82884
55096
16624
80722
93406
15971
29406
58544
29818
31819
27595
64775
18875
81820
18420
93782
79040
41933
46298
50648
67642
36701
12146
32564
30258
24574
45835
21183
95196
28233
51392
20180
63233
77683
93813
3373
6271
2748
86452
6079
67976
25494
73621
30300
30954
63374
87463
6247
79737
48517
27844
34961
19834
12891
30549
77392
7640
73799
26416
35433
77342
10138
43839
21950
32459
59485
27246
83005
5378
95831
40600
81315
78315
81786
77101
60042
66396
85341
97501
8939
86356
15114
69340
5007
50135
62747
27604
97549
41128
96034
9303
20198
50612
77718
35204
14755
53479
48285
34922
29970
47258
51989
71942
55924
99085
14012
78280
24890
35118
93094
25597
20614
53304
30475
85924
36959
28728
73596
55858
64100
72232
70485
27667
92035
42818
21261
81568
74468
33777
13977
54475
38873
53993
18374
73478
97927
14756
94429
14622
61645
42433
85331
43939
99299
197
28546
34366
29913
33392
6829
23115
78377
97060
61045
65888
56027
90133
46835
13577
34217
72862
15801
25455
84637
82979
4253
62271
33387
18954
60286
88099
81051
14433
24544
32583
39830
65734
28266
89141
67701
66819
6095
27212
10785
11073
53993
20703
52596
69273
65849
68703
9917
82043
23073
81065
68770
32943
65824
42323
87341
53138
64848
26077
90687
827
82559
75843
3107
58100
27849
91516
95992
70136
63773
94008
10915
53898
35777
42512
99800
96266
95174
18379
78578
94683
46435
59640
90948
36230
82006
36547
45783
25410
83506
93397
98210
41344
42253
71021
46426
71791
16933
19253
90425
18240
39789
85080
18741
73238
30028
84460
98740
31670
48350
43794
83785
68449
98326
98663
35021
49456
15655
37943
14531
50044
53228
82921
69785
6655
5118
28617
99721
99020
15002
94376
24912
57527
30339
58415
91055
95085
62739
72240
87994
74541
74273
34407
23314
59703
94606
35378
3318
73410
39715
75399
54075
30024
36819
69795
95838
20059
59950
14392
84683
48905
53346
39966
88728
82654
15719
85023
44363
13192
81142
88129
64943
62375
89212
87405
75340
55129
70856
58554
18026
18077
95884
8579
53910
2886
23362
60033
60673
25556
70430
31482
11571
1566
13888
22328
35933
16549
24567
66425
90405
28876
94153
92187
18149
18157
51990
83450
65077
39193
16111
62195
44965
12219
5212
49740
53010
36165
79218
59363
89024
52319
8103
21360
96672
64173
50950
47798
1141
67856
8192
45115
96730
37375
52411
19090
35513
74918
58200
86275
11348
45755
86977
73712
2747
73818
66833
68320
44814
13519
71704
73126
48857
93585
61417
54640
4268
79647
39728
23118
50167
70042
65839
23768
37886
81032
93165
64438
3858
31197
20142
13430
59773
53651
72467
54391
12350
91960
3149
33034
95215
86715
32667
46780
16890
13544
36313
32751
52625
63122
6775
97412
68855
20565
12008
60074
6186
6004
70147
3889
70518
62913
42042
15051
15497
23334
16060
94902
50617
38620
69216
21240
90264
15478
55176
6375
82182
975
57337
49028
80566
93044
24160
99888
74724
10863
1750
4686
49548
62356
6759
18426
33373
48181
6291
11970
68524
28380
81480
66392
19840
46760
33118
19968
22524
11521
30047
77302
14032
7977
84425
71417
66235
21533
94484
70255
12133
18923
23084
6904
75545
94263
32910
74174
33802
82427
97017
32969
50974
17509
61551
42303
43160
51371
72350
24284
87880
96590
88531
50409
22775
24115
24666
11973
74593
30509
12590
29547
20001
52897
89727
10558
34312
73026
50769
1491
4502
87581
85851
23101
14259
27015
22323
17630
16167
59408
60920
57566
92474
94170
72958
86224
30761
52867
7677
18222
94118
74608
99948
84630
91592
76996
48834
6843
31361
63824
35003
53910
56357
25038
94650
16671
46273
66288
6804
42159
39813
17048
24901
51105
37146
99142
30045
93416
59485
7028
10102
93857
86560
26354
18958
14637
98553
42837
29077
16231
11364
63051
85719
83808
35721
78344
31152
46265
16116
16016
85715
91093
44269
8566
13702
63897
72124
63156
93893
60887
76265
12607
88365
5685
65483
85838
27314
33389
65905
91275
16380
96025
49713
63140
85275
73948
6366
92280
45179
75712
50403
27359
26278
59325
36458
49872
7995
99761
93426
11412
35820
95819
91314
98750
26983
24222
26941
35420
52274
56279
59477
74253
6805
58784
5514
75378
76496
80701
38745
52418
50037
24142
61683
78844
85178
85962
14580
51110
22030
63644
38457
3836
89691
22966
58084
39090
39857
40243
5592
93834
13480
42946
31832
41233
55004
41055
36202
61266
23342
76035
52230
13575
67602
11179
1848
82889
62671
82841
65748
47859
97216
10027
74054
27074
51872
61933
62427
88413
2412
83975
46611
66207
16471
43881
44033
26603
21232
61769
51476
51448
40991
51787
18156
51436
19143
98497
26243
72196
30775
15523
57127
49057
76423
8347
75995
88853
69312
69358
26930
7749
13210
35337
31132
31922
52787
7167
46851
25393
17999
3516
2665
69824
23501
96887
98912
38494
68064
59803
38099
19320
43799
20701
52724
26961
21255
43949
96572
19003
74908
60744
93270
74940
45791
18036
91298
66226
51330
54949
19863
81479
34483
18576
48395
75087
8512
27596
18885
42410
93970
55102
26302
30280
572
11742
30766
38630
52004
21728
44648
92312
64564
76706
85177
49474
51800
31621
18309
36945
74929
61998
45275
67152
84299
85480
95725
54852
45703
34698
17363
52060
41592
53166
87521
51220
23846
98062
46508
4579
47943
67617
34200
43240
94255
19095
70816
12881
8925
10635
518
47996
14748
24830
31645
93099
82219
67971
96267
30120
62407
21952
54475
88490
57541
32429
55591
45293
41518
60249
4229
21146
79713
60879
85078
39756
70615
84714
427
7195
85954
67397
80780
52932
30076
19468
27900
20774
46462
4764
48628
15629
63845
99589
71669
10542
2768
75449
71053
12477
72968
3686
33469
2687
8077
54854
53414
88338
76868
81891
65384
7102
70825
39697
85298
12168
53350
80939
72166
60069
42834
19119
77507
13764
40128
16048
90440
20890
64267
6312
22591
98735
28466
69706
85215
69455
53012
30005
26199
74933
58863
14913
18423
70404
29016
46874
10852
60858
43377
15917
66746
27324
4332
3407
93915
83482
73029
39315
88287
59633
11141
6438
98260
17219
97343
3034
77653
98802
93537
56039
47206
86645
14574
11438
78459
85568
25360
82662
2215
93604
86842
48337
10833
43106
3290
75597
99109
7541
54521
47682
68567
71496
54235
40067
45481
24230
41742
23519
82037
97667
27108
80598
16601
40916
21686
96991
668
48114
54260
73074
50190
68897
9944
2923
27278
26403
84802
96040
69833
64717
25916
19571
47168
22586
58357
10900
13286
22358
61389
69711
18271
21653
93236
27776
98525
6936
72272
32296
97940
99492
40164
18282
32885
63915
57696
39586
37935
3658
6846
79835
4212
43194
21464
73789
17258
2574
23752
71499
64496
60664
38976
35498
44777
62744
25829
85272
91727
61577
71529
9562
30301
20933
7957
14337
18051
24495
41561
75402
69415
55069
54865
89739
74898
43089
15698
60817
52356
65611
19904
41587
56014
72092
73086
9817
98029
93897
10323
11477
22772
13749
32350
20
60712
96872
84150
63588
89195
42395
58839
60439
20210
96382
93455
11895
80411
95658
90825
4440
55001
19041
17253
41980
59398
93736
73072
21758
2275
34467
9451
40451
91896
64615
79288
18043
68680
48499
5051
99124
71185
45660
83714
35782
99638
66656
39901
9489
40285
73894
42739
92330
97829
30166
16061
69660
86551
98960
95880
46997
60851
26434
58132
62172
65685
67147
42718
77958
97309
62474
16817
94729
2588
43118
76753
84331
53393
1518
22113
40691
16330
14906
30496
13525
81395
199
65615
35795
86773
59054
53421
20104
87660
92306
61847
7938
77198
69942
64826
15504
3004
94098
33250
5993
25784
54488
15585
81298
63401
17284
33239
72536
59590
70579
97106
23478
36298
91710
76717
49744
12339
68753
74993
47144
37989
62342
74092
66342
76943
5530
6573
98582
39677
99088
89048
87560
234
23409
97044
33068
62285
21145
61338
18577
83249
65966
97038
59011
46922
39295
6631
93861
46319
90306
35574
53232
90252
40532
84395
96130
51978
95084
286
92975
15332
94414
9975
99168
51275
21398
81629
43666
23069
35949
85028
90372
41381
7804
28595
57472
15746
98815
27595
57409
35022
18494
95871
34885
23127
57336
89614
80517
73193
34570
37559
70321
1477
80219
20952
68982
67625
27230
92837
96996
39930
2694
30830
67654
10118
10572
71878
52379
34728
81968
2426
35606
77623
89883
62775
92307
6546
44599
65377
34792
84455
57446
50794
95504
11051
62398
13924
29081
73531
38239
34233
99468
33397
80567
40406
16860
80607
90537
22071
9847
44469
9127
74648
1119
80712
96942
23146
94811
99046
1868
47787
40300
8032
79943
99174
29570
73899
17538
78784
41177
18566
70418
21525
47953
2692
87998
83846
50171
23092
38521
72783
57444
87589
57354
63964
93546
26880
47071
16401
50462
45322
53671
39250
6083
87839
11390
73632
91839
74131
38471
97353
80338
44912
66460
43056
69327
67458
52936
34865
8833
13802
73960
98131
76868
32501
36401
37419
98475
34485
19289
57889
28095
99290
38855
2286
21463
75685
14245
85107
45292
604
59886
42403
72439
15711
67102
75720
37703
63542
88955
72287
10411
78367
93993
21327
99464
69521
20284
72548
85118
45551
97711
74594
74184
41064
36619
84135
30544
18495
32561
66853
53246
38830
19701
34796
73187
45459
85021
1739
65021
91332
89057
75231
45751
94216
81715
83986
60463
30893
21152
34140
48115
53866
71076
15655
50401
36521
13592
26752
90820
90280
51983
52237
93002
44829
2167
37724
86398
84550
9703
54132
76337
45419
52630
33564
315
24450
67753
32357
1269
9163
51070
38843
10996
34246
31738
55741
38543
21015
5054
40022
66176
23500
8207
93208
39016
90249
40435
30672
6746
74092
30963
75029
75810
92845
61229
41170
3705
83241
72544
63399
91366
44797
32485
6045
37981
72811
66574
88124
74823
90808
22706
53719
10558
91576
85316
26687
91975
51543
21876
39200
7884
64912
30696
50988
55494
19588
93880
34064
30125
61635
12361
99252
50924
76294
46076
98465
1168
36255
95535
44832
21828
74502
74076
47836
87490
74860
64904
40149
13817
95763
43485
75790
26059
75842
69322
92256
32056
40483
31578
50012
84534
24657
26012
54849
52987
10430
79862
64889
35430
97204
73487
42870
83065
69149
14802
89501
16721
17870
62886
69228
88470
10625
2399
81915
491
17587
91767
43065
3943
66463
84150
12370
22699
6519
63239
54105
92576
85884
76202
50311
10382
10585
89429
92244
44078
36452
86979
4145
60274
86600
1857
10654
55565
87564
63849
63480
16889
59091
95284
52289
80397
33036
81848
57584
84138
45014
25696
12266
44903
27923
94047
26827
40374
81040
12180
40597
31336
88476
60348
41666
26099
14792
77365
43449
7248
11304
83452
90554
29610
3910
34948
47903
91244
66145
4599
18586
21794
55948
64245
64952
97254
30829
31400
51572
95999
46766
66964
84003
90462
91200
17627
78216
47505
6619
65097
66992
63537
373
94093
44791
63270
13085
75580
13373
26911
67961
97055
36528
86519
90335
30003
41104
44303
82891
22555
8830
36799
37950
56772
62121
91781
46841
33268
63166
82211
60266
95949
44523
3522
94756
30152
7
13709
35264
6427
62170
57735
56391
35145
16944
31970
75535
92207
23633
56257
11339
33742
17601
21491
20784
50108
43235
40228
5496
29137
21527
73069
62479
48652
85129
26920
43766
40697
27574
80209
27723
50793
72278
89696
47250
51916
37196
92155
44116
74941
73797
78970
83424
28455
49924
18566
46166
45967
44592
16955
17194
98053
22964
71166
17500
89335
57202
95477
43560
68424
28119
52182
43630
48924
67402
11543
1715
49499
45824
77893
92810
53915
69148
72767
25358
22510
78303
84570
5363
41681
10648
80868
33089
56717
15771
36868
19059
53495
61506
39528
5171
9034
50186
58624
48803
33612
91626
16239
72870
65632
34963
25063
27322
39938
10175
88490
42630
19757
88215
32155
53783
40984
32874
20029
34985
77116
65428
47619
672
84740
70505
89826
61997
70263
97048
32356
83763
55864
27652
16758
13032
75142
14060
9473
14
53527
23107
9430
94044
77106
41402
66217
22453
98437
72136
75851
66450
81492
28758
78923
77006
74840
37635
81347
71399
50355
6990
78372
75715
61701
54825
76851
47828
10409
31839
58473
89642
99249
36183
38338
45380
41314
12311
25146
40131
35376
47284
78410
97222
35127
92087
71841
20267
54269
36986
70501
23964
96941
41944
1033
32777
69220
57471
77165
70952
7499
47303
6427
57382
81593
93870
16122
73747
96756
4052
99680
60873
78053
73320
85939
21334
89889
89735
8946
9596
95555
55952
11627
86137
78720
49338
8219
91573
47511
60574
95451
55912
56376
35433
57113
41048
40264
40879
28307
73385
70261
18548
85748
82087
23588
13117
14942
46793
34168
80663
54136
30727
28980
10559
43583
96725
52659
26651
97231
93996
20997
49611
23029
54037
82702
71407
93723
95879
76766
49437
66422
47951
19254
917
54286
13573
70571
3388
30500
96394
75116
32876
98856
66772
24364
66866
53091
61208
27349
35074
45358
35679
30579
96626
61415
28647
72067
2681
65334
64625
48342
30027
40650
41984
24106
33782
41436
91769
64279
18975
88878
11896
35564
65561
52936
7350
93574
69762
32331
30258
80961
88633
51621
22295
49694
59876
10321
71769
56521
94545
27880
79867
69612
91272
60937
87931
71792
90658
25384
43904
36138
83191
48509
71330
39070
97493
2572
55945
8803
99077
15595
33864
83635
80696
99887
70684
73309
34354
7438
46154
64628
3959
17254
68412
5907
755
85864
27193
18943
74613
86602
72166
60059
65022
12246
1000
42194
77485
54093
16393
24009
98960
59915
39324
97956
75639
36316
23709
68642
82936
15204
55092
23286
29359
88931
13083
40506
70018
27076
40724
2443
46625
18639
92964
5927
80968
42260
99119
81895
27220
72373
13819
58279
69247
71321
26061
96
24871
10839
42647
82777
84170
76169
34968
58839
90764
6579
67770
80024
77528
24121
49525
54893
73791
47207
32636
92175
5873
6044
18838
27169
34356
83961
92047
70606
23778
42998
31523
77105
853
4799
96732
77945
92523
55932
21056
94689
38303
52197
80525
94125
30509
60737
55367
22198
92735
67949
93968
82936
15158
25265
78152
71574
90493
66674
3854
11138
18565
64374
52897
2800
560
81980
50131
92624
32427
36926
7460
17095
71539
89948
17918
7000
97151
86744
67255
79691
23555
47264
77139
30322
20333
47552
9704
18233
90404
88178
3347
9661
6715
29074
84373
90202
91292
30484
52026
32084
92201
20966
28791
22878
77421
70700
90370
66833
70124
38234
47253
34194
73856
48711
1641
24273
39988
90353
79333
59536
62820
81474
62119
60905
30816
90477
76509
89480
31418
41444
21912
32241
27680
76139
83482
78060
64513
56141
5219
70586
64806
45807
47139
55381
17309
86906
41423
45310
30473
95004
91201
16455
6063
73161
4008
50203
14246
67663
49719
81369
67463
34877
94949
35208
2542
61704
79338
12291
57537
29128
53986
72508
89141
5842
85835
19930
1314
5641
99074
39314
75703
1964
99466
57622
49335
3987
83643
1602
43925
43164
1257
4595
71487
25249
45374
53048
55076
43906
79995
53249
41555
92872
85920
4684
71076
76448
59022
51925
7975
72149
23414
84090
58036
57944
12686
5788
61404
66223
11774
65167
70700
90390
90771
23319
59461
86005
89016
44059
90655
96553
97413
43604
13418
98262
18544
41055
64805
9468
79480
32180
53503
25575
83442
10082
35702
671
34910
60461
18433
54492
12055
67134
47939
31157
49368
30323
61933
90989
3457
75478
57821
91898
62439
39976
68979
77895
30273
75678
65685
20738
89945
45332
66265
14435
68594
45449
64004
21562
26857
92889
31575
89174
78523
74288
3934
28088
76871
35587
35442
62632
16509
9768
96201
41875
2105
40766
86006
27472
68092
4315
23319
76456
3202
17746
14105
83858
12717
8570
95787
90440
85375
38457
9193
4892
897
92628
27150
51884
15984
83625
12966
32914
10458
92539
61129
9580
10260
852
50365
11276
62291
97175
71270
12963
17465
88557
21960
93727
45440
73190
84548
82813
89323
14070
52363
6884
98367
56409
19931
40677
84467
12037
85520
19614
2216
32415
66436
14632
35330
49643
39770
69363
67112
53088
73668
17496
54587
96066
2636
19832
40816
90939
33013
24408
33121
36275
57872
64895
87638
48928
68332
66453
32702
19401
84540
23945
99522
11897
81979
14847
83567
50065
72877
45411
45319
56333
14301
18771
14142
61399
8324
27214
64520
76689
29049
96738
62229
13348
10757
25105
68936
96504
46444
42260
69818
6696
53136
38133
90926
30519
49198
87654
33615
45313
14482
76797
46874
59756
96854
40379
38469
11564
35565
3041
66540
81341
9082
89464
12156
53027
44508
62515
63069
74446
46162
10850
17172
64296
72023
146
94670
13866
49488
96164
14316
32048
81259
65982
5191
97780
6247
99917
13539
97461
25558
25611
33626
62803
86534
35775
47131
48928
88169
14227
31587
39559
61798
65712
33760
28689
49933
43396
41276
65422
9924
24086
37457
9052
16233
57458
90056
80530
70155
83935
6242
88231
13581
57295
68239
84243
94080
32946
50131
63031
66856
55385