542
13180
90500
81203
53138
50854
47062
58242
1863
79972
17311
32161
10401
73055
78996
10920
34110
27411
1778
20936
65626
17944
84290
41969
41730
68437
57928
65705
45800
29916
73772
91413
4197
77190
59819
10474
57947
63494
815
9311
98305
27368
9253
46975
98481
51616
75208
93651
13022
46635
82689
94138
88241
65292
66342
52065
90118
20121
90531
77559
53849
99361
11788
37322
28831
46301
43537
87928
99755
36673
89935
12452
52682
21202
52986
7170
51841
55240
29466
48358
93856
47784
50114
89188
83155
78024
57818
66133
29614
32722
8417
19907
93179
53681
4424
99551
76013
52951
135
82031
43895
46808
75039
26189
66316
44232
10015
50984
53462
44982
76701
98230
97676
89893
6540
69440
4717
23140
71783
59454
3246
48586
4306
26578
53246
74147
45408
51764
88161
78110
23011
74432
92939
79753
43692
34142
58683
88400
92005
71129
89395
54373
96589
81439
74640
36412
45664
56250
53470
48950
85954
65672
67572
6407
24530
57225
56113
43290
5647
61715
30999
27709
18557
20868
36448
8962
7150
76893
76110
79310
78419
29627
22006
51879
89034
66383
38412
22039
20574
27029
42988
82917
65546
69837
14406
16935
41609
44250
46622
75515
17845
67840
80420
62313
3766
97362
35057
21208
59318
57143
32984
93190
49392
88891
96536
68572
87688
98065
21036
70759
18673
19350
28826
25292
28103
9518
61602
53740
41088
37282
29082
55520
36489
48884
50092
33991
41030
55468
8678
26246
97058
56572
93629
14333
17401
26805
75117
5541
37681
68704
22213
5173
86146
19902
31678
18346
71457
54064
45265
36750
79157
21269
8615
57309
21376
97020
18434
26173
91307
85607
15917
55819
52842
22839
87834
42177
48196
73252
31825
83870
75130
5689
59954
78653
33624
22105
94511
83957
54713
63752
30409
41251
32030
73146
93996
51643
48355
84546
55729
53236
57844
73106
2119
12
32269
24673
63562
5429
82206
48396
93438
5045
55591
79709
46240
35200
70097
8782
92932
18273
96987
56745
45674
39170
19222
29832
43700
56882
32018
51876
76205
91602
97338
59806
63586
99882
85377
60211
50348
75879
84916
82865
30995
83183
76647
81559
46801
74265
57386
80098
61064
53608
71804
66516
67126
35680
30089
51456
73957
92674
37490
12742
11305
24864
14717
92651
4112
2461
67068
69259
63139
47535
56464
46551
24571
29361
17073
13516
66581
84181
60549
22254
43113
39804
87923
4821
64270
75321
9257
5726
81456
76080
52172
722
65788
75316
47631
68815
26543
18797
45037
97679
43213
82802
5067
7069
139
27038
63005
6083
85317
16098
72662
71818
88908
67181
39841
65514
52976
27099
38461
7143
705
78058
87624
84989
71911
44918
64393
73999
73046
99131
79579
13943
12506
5355
3472
61064
21332
51407
96096
85008
96525
30204
41238
25078
30963
31985
25479
98
20335
63424
12517
34960
13090
20987
49635
95268
94450
34799
48010
74294
10885
69176
25205
27522
44426
36542
31364
66190
33911
9012
72669
14153
40004
13315
18161
79845
406
90122
65259
45543
70467
16251
72728
36013
97761
90085
71183
74137
21155
36628
38153
4495
67620
50593
33872
99256
32067
98670
93084
62721
16782
40138
87863
62779
43560
27222
18980
64996
94643
58812
10097
97113
42695
22364
57198
65480
37342
52590
17124
87093
61765
41478
39107
92942
43337
5766
23727
49380
35425
66095
45
57949
51959
60690
33914
62464
88941
19771
26680
78475
36745
98128
11846
21527
13894
86495
91021
59603
42628
79718
3396