7237
45985
35988
28512
393
9755
32931
81301
44494
65716
79609
64484
98046
3374
63459
98866
2707
56999
73325
35816
40129
32955
43490
72001
2360
80376
75645
42292
73026
15897
54791
64946
79204
13008
86350
65202
33695
40495
48596
58622
2505
35898
46524
96039
18815
80785
31369
27139
32459
10329
78968
73656
24353
96863
47161
17301
85985
45928
4013
61967
26076
78650
67909
9776
80889
1585
18851
55997
50827
44202
99127
54839
62222
47201
36656
73886
73197
95229
6823
75379
39147
85018
54910
43576
76686
77761
93234
38820
22432
70898
37150
72105
72363
84203
14469
47897
82480
65236
65409
85316
89240
18986
56814
77750
83650
13501
20357
43141
2356
76133
39664
26951
36468
50333
99251
50557
60590
37819
7856
58471
18079
39990
52427
21519
72301
86673
66985
38193
12585
19019
1091
91799
4210
72732
24086
63070
21410
41555
24554
60435
1539
13342
94883
30324
56399
87111
73848
95207
36772
75628
86001
52938
77814
53251
77635
78398
56167
81568
93489
28452
8475
9956
51441
20821
78963
66567
39002
38215
82303
6203
79733
44436
49102
59116
44383
83982
74708
87105
27503
7333
29549
33614
90427
21008
44654
53018
75416
4538
18511
14525
17902
25969
52145
67695
4026
82642
63005
34265
19626
49269
66065
20450
68407
56682
87524
95066
89282
3426
95245
16844
36212
77713
34035
45034
82176
37937
69444
49292
8982
24818
86613
34284
69554
2591
74980
69722
94022
21696
87781
14625
97140
12236
58930
92694
39528
8803
75148
86521
37519
16719
5262
64337
82012
79929
20870
18926
26096
38106
92829
3368
54872
60018
66892
8631
72527
53618
7340
19124
57134
19445
69489
88835
14061
43884
50178
42031
31270
56207
16565
15778
96018
57910
55969
65384
21956
59247
42863
69939
279
38051
17952
78094
63984
18553
81051
43330
97709
47161
20032
41007
23601
4685
19341
39676
89821
9539
48208
28885
84170
4349
72867
97086
79140
65451
78366
14731
38850
31061
62110
63862
13588
46463
40072
95405
61556
24893
92945
3440
23926
91064
86641
79236
74705
71115
15523
51716
47064
5195
34332
59867
67950
34900
40160
80205
78703
51798
16069
52791
86544
99276
77578
6051
84133
40856
40662
43178
39357
30910
98969
37074
36016
20163
92622
46954
57130
59296
17790
20425
44661
47259
44477
52990
84490
40120
15741
22332
89527
50005
91898
92582
72694
11476
76978
67622
51266
13016
76897
86332
17529
79778
44870
22074
87796
97367
15675
34647
72561
93310
3095
33502
10087
43487
64744
43465
42845
41188
99895
36572
20522
74612
10735
94580
62492
80729
55378
37682
33164
36370
58496
2528
3484
98474
167
20251
60678
405
23040
28840
55453
69284
92414
70512
25935
6526
18640
68563
63110
70986
83088
25069
42310
99262
54944
23843
64844
87714
72590
14179
94936
3722
14489
46789
4154
84693
66038
29543
24497
15018
6838
20088
58845
59149
1540
78439
48149
19336
80034
92939
20553
43955
62918
97587
63582
41085
31937
13536
9821
98076
93277
96144
88076
6385
77310
56981
51197
62573
25056
14113
47115
26539
12553
2618
11602
48182
50664
80644
66686
27822
91496
32850
91424
51799
13117
73935
23379
65744
42955
94491
63202
3268
72307
23945
9615
25316
4338
13847
25966
51045
71609
38458
18954
14964
80296
63633
34727
61013
39069
6492
92948
70527
10145
83266
81491
80914
62213
99531
63013
32167
17552
53918
28193
90326
48340
59736
44279
36991
39139
41468
47361
58085
38397
55701
79503
96078
23888
54610
66311
71943
99154
5378
70958
82956
33023
34709
99210
77842
68115
99724
50073
98523
18929
56899
88381
44918
3619
8660
59263
97451
95498
19401
50090
50306
13724
18530
49902
11444
50764
17962
76056
76429
34002
42017
33903
67806
91375
54394
90934
698
58981
45569
94315
88752
82152
87835
475
45396
89639
18558
9307
21687
96302
92576
19691
11880
39822
74843
17457
77304
44414
63493
73221
56292
8667
32587
90987
19386
36248
21422
48911
27660
35731
84362
24728
25771
67025
50024
47967
88381
42610
59480
8041
73262
48921
70242
77647
72899
99137
3912
22788
15637
15775
76501
12452
26334
43779
37
35096
46422
63845
74091
25477
96611
73995
16640
98555
98470
33276
51694
31381
62396
31197
87817
19459
89598
5311
71825
72720
22952
42675
26987
46091
68562
80167
3427
7983
49852
6098
5426
39211
95223
19494
29730
84637
36635
70252
79361
33219
96923
83486
82895
5246
65076
87455
87105
42904
33067
52873
55679
56508
6667
75341
21797
59849
78364
43041
13925
24927
57896
96715
40786
1143
93505
72199
30051
77588
11222
39102
38534
23219
82970
37176
23427
19647
50387
89717
39251
7417
35094
53003
45409
88058
77987
5544
36429
45462
14684
36777
86696
11146
52514
59413
55221
23205
16129
56376
73259
74481
45849
17699
67786
86654
41249
75692
71517
2037
30639
13803
2419
24858
32579
53433
53100
70600
75798
9272
90773
11267
5288
69258
90489
57140
50937
87677
79880
13970
79621
18068
29004
29301
46882
19213
27831
31345
5387
82495
19228
23755
12705
55259
60752
12151
21072
54043
31746
15710
76195
85994
24844
32617
69848
78709
3178
93275
36391
97623
6414
90221
67308
67423
55405
88753
60676
73777
62796
97070
29893
50624
18877
58779
19434
59647
66487
22595
39100
63257
84355
65368
24651
88044
12047
68353
18796
39976
87032
13253
62728
1890
78291
50188
87485
25957
60342
28963
49293
68237
37703
51647
6755
12532
21735
84923
71602
25494
62269
5120
35668
98798
72179
46214
6944
58378
74815
69656
42635
66877
98184
29004
85447
28210
33474
50765
21633
72708
59439
51990
16154
83704
41777
58945
26080
28241
83218
31529
57685
72056
92176
68576
42556
57762
64191
38218
87688
34714
48712
959
43202
84159
49852
88239
80257
71473
34959
88051
93997
52955
74298
93749
75548
27346
76147
45527
33384
76519
94964
33800
87159
65275
36400
67522
17524
44870
8402
29859
23667
22588
34479
32100
54638
97741
28720
19544
77578
60767
23522
58846
47310
15620
3071
51273
19014
207
85835
68487
25233
32119
35216
54245
31786
81043
33081
66697
57157
32718
96216
98753
23496
279
71491
42730
69824
34208
71507
85298
98879
37786
88208
87461
72317
12423
97338
86738
26312
63788
82420
42540
7151
87448
7814
23128
60505
63933
85878
77892
31161
69198
75656
59338
22115
57651
66795
70612
16905
61003
83929
86654
57485
64268
2992
1416
55946
84665
26945
7292
69150
97680
66322
85188
12149
76906
47664
46376
99270
8074
85447
75488
59510
43439
57245
29309
70731
20384
77202
4925
30890
51903
89249
20256
47433
679
2803
99735
13667
94859
74388
12985
66959
99502
66505
90014
6882
18259
16845
29704
28238
59508
46867
56709
95180
73944
92377
15915
43487
38783
21308
45538
12262
98840
22341
83544
34077
16645
36824
65740
48158
31924
70510
51347
2273
86602
29347
12372
2405
33653
55047
63828
50198
84805
37960
92626
6131
50625
49660
73325
31352
74753
46539
53886
23126
81432
65457
71745
60446
90714
84173
73543
67694
91344
70841
70063
94257
29149
42864
26695
282
35581
85544
29900
84596
735
51382
96589
78314
19259
95627
30625
38651
59293
26721
6080
81842
11752
85621
29662
644
5333
37917
27828
67030
5389
18122
95040
14359
48546
87033
22068
2028
95361
57513
88223
5272
18379
15141
83973
54331
3703
46704
22574
91906
25293
64555
79860
1459
67604
28099
38216
71683
62717
5793
66046
37271
5712
74362
21191
12640
16532
61567
75286
40105
35666
38935
97146
6885
80845
15719
2772
15862
34849
30056
92258
92278
6774
74513
19201
43536
893
49266
39887
11411
21871
18102
72151
74983
10750
14254
74419
38824
68254
68633
15664
72555
31198
16462
58784
86072
36613
64719
22759
10017
47832
67964
58182
27434
26916
35377
77606
32120
14394
65892
1960
63544
65204
35431
65513
49239
91075
15966
75179
57203
82866
42189
73818
34989
51059
43009
14715
29359
24229
73657
14507
89387
21632
86890
88823
96325
4921
7593
77171
2268
53067
45618
66528
81379
4375
90463
74823
75355
14365
68037
96428
34278
72005
82527
49388
23367
49470
41192
25672
23189
95825
97135
27585
49116
99773
74090
99298
93658
34703
75148
37911
13226
7423
31142
6100
96949
87705
31090
28498
17930
56436
45180
95515
89543
15695
59337
60921
16890
63461
43704
37668
60483
23148
62678
16162
33022
29392
54099
49218
69800
71855
74127
22444
86529
15106
34768
67627
88220
73490
51886
7945
44589
27240
11270
85793
22193
49688
23271
57193
37218
5245
59585
59981
23888
79177
91669
28266
69748
15595
1291
33546
83996
26967
55118
39268
94733
4608
7103
3881
45302
11806
61808
88252
83516
72784
20088
89283
35432
1924
15626
88150
2234
51316
40567
38663
49226
77660
78631
26872
61033
93315
72251
42186
46852
29096
6073
96390
80679
25049
42111
74480
2337
41627
98157
83429
89080
59438
82416
17729
29584
13366
54655
11176
78327
41952
87130
34227
70437
34393
46462
75691
71160
21758
95877
94643
79613
24089
38023
33166
58861
10608
14842
50902
1335
15739
63791
93328
79791
46707
23433
27929
32659
42283
46116
11968
18147
82444
92152
66543
35792
31595
52995
9732
87408
83144
87858
3179
47189
52986
74825
71202
57452
52789
53532
29518
80210
41185
68194
32446
83195
3083
89726
881
57864
52097
40815
53639
40636
95401
16069
98128
27800
96241
64603
27510
31720
31083
59523
64454
34402
3765
3121
56391
58799
54843
25758
19159
20527
62508
6038
25704
90191
73854
55034
3548
3390
2624
19323
92688
91479
81884
96899
89136
80400
45655
86837
43183
69252
35845
95723
13259
20431
41766
48405
29641
77685
59728
2429
24449
79094
29157
66770
273
1471
15483
43648
46085
78903
55449
52750
91116
98212
1114
43821
69180
33790
66117
7176
47175
71941
17176
51307
43581
312
5854
81759
92946
32904
3498
27677
76309
77799
66258
56525
100000
31962
17097
79796
44825
32147
92448
95485
34939
78708
10776
61865
20318
64626
47699
7853
82909
40173
94553
35673
59443
349
49659
88051
69597
27980
40099
92013
15125
91709
5625
53738
99186
94222
37869
4804
21265
88721
30868
64706
8349
92531
14852
10709
55661
87005
66336
9439
6261
18241
68741
13844
293
88785
24178
517
1955
49723
50583
86453
67258
17737
28596
62384
74607
30097
44367
11689
39487
82227
64790
67163
31414
65503
26608
61103
28271
83701
55146
41010
14216
83474
77285
24235
2318
71289
77556
89480
61852
92748
73155
68367
83758
50846
33150
719
46763
67355
28263
58003
14255
98668
81779
7247
10713
22470
22698
92443
66778
15411
49446
46302
80582
78707
10454
6499
77103
65311
80125
36485
21978
11303
70015
52989
83881
63631
85835
33850
89114
16660
97970
78990
71897
66408
9667
51605
18585
48127
95245
77723
31728
42908
60107
47260
50461
67289
98259
46308
60121
11212
49886
7786
10433
51666
21520
43553
7738
54454
13186
85729
117
13629
21362
14142
80205
17615
4292
50250
80247
60564
98668
4667
404
5603
42614
68842
3485
43085
98890
60865
97396
82698
79301
12971
14725
53150
97182
86382
7622
87347
17231
39514
53721
28020
47838
66675
53291
48592
34754
78273
5948
74170
40628
13865
55845
39034
6060
1346
35393
76012
6097
81510
10148
4654
24186
5448
25436
79119
6582
8717
13211
1568
11463
26673
26184
14034
67728
63535
20566
85730
3457
44912
13555
89549
9735
38437
63230
3659
82125
39691
73440
18049
40973
31380
57401
93194
74861
25182
26541
59261
11435
10686
42939
92941
9126
14163
36298
67858
34749
25583
83143
40510
47243
9264
7894
27394
97798
75781
33847
71920
12704
68902
48922
33324
20397
91469
4989
59827
43285
61528
29053
28940
4629
56402
27548
46946
355
48759
44653
92674
52595
97487
52289
23346
16726
72481
19887
53022
6004
85666
24753
42832
4666
25805
38168
50239
62248
18796
78800
74631
37173
70983
5849
86036
7020
90656
61853
77292
69754
5148
62233
6069
10046
89947
29752
72020
76399
6327
15450
19405
74414
38091
22934
24573
43805
2618
77868
57722
71288
19136
47322
10850
78129
19180
87564
38785
15740
18371
89219
36642
39479
97921
94163
83238
72957
19080
97939
23732
48670
89766
89080
29624
36645
60162
72127
28707
24274
69784
49751
41723
94223
12809
57977
24076
40573
83381
42603
57941
87349
4797
97530
22395
74202
93625
40800
42890
66650
61238
12935
11906
6058
9678
74599
40849
24038
18910
77241
34488
42238
54150
17590
20928
47047
8270
51132
43745
76827
86416
17826
40953
15514
31125
13317
67119
17706
60714
76042
56123
94599
28643
9779
4646
30842
78838
74923
35687
47926
57054
9453
39203
90905
80579
32635
54845
40341
61124
78312
71136
98109
21345
42033
35294
44846
3993
95181
42540
92536
14809
42576
5651
34232
5665
51218
79862
97289
68276
89715
35675
6155
30877
43820
78412
30946
32950
2212
46008
51431
41956
21009
54856
85195
95571
4435
8932
95606
95572
1101
60572
69480
4258
42986
66342
890
14065
79388
43012
14518
88570
60565
73439
7955
58052
81994
2960
34950
5787
83520
57662
41868
57132
17652
16001
98096
93194
57874
98260
53082
44610
1665
2088
97889
53925
60951
56652
16173
25168
70777
80010
91540
74010
16902
94935
5557
89267
43678
66382
72204
23253
64916
80776
79235
22187
9410
87398
5724
8809
18622
17605
5443
12408
98406
27784
13106
81849
54166
46872
62935
4612
86503
80977
78534
78187
28495
12078
46215
81648
64662
33357
36426
72413
63200
81764
13316
17835
93677
96676
24831
90454
47930
73422
13780
1114
12874
20854
34630
12474
54302
39108
47563
97038
20953
78311
32084
68162
41132
81291
49441
76441
36996
84879
68562
14366
1332
2465
1902
44838
76050
95626
69171
73326
31585
8058
1203
70070
55596
82798
58970
11721
77222
31571
87280
16074
46249
98802
43484
26160
74046
14887
69992
63640
31481
49930
87424
35739
47745
53400
54337
92292
48506
56027
88751
70375
924
25779
57231
25922
68896
19232
14847
14725
36253
13137
72340
9336
53945
67830
59105
7044
98463
58212
85770
89937
34538
57778
6685
41975
2502
36103
51686
48585
44789
96979
69970
65077
19014
61427
72463
60705
48156
72762
97001
60931
7944
74391
51896
94105
56840
60633
72764
55393
27837
59779
97942
93115
73877
46000
43953
89704
13020
70996
20267
27776
67378
77056
551
1288
69325
65077
77298
27989
22177
66155
89085
4952
58709
39734
53172
25655
22287
58673
31896
17430
91076
77240
37936
54304
42124
44937
94035
51958
82916
88599
39351
15228
83906
18844
74460
3948
82635
63806
17662
25318
18708
72790
60971
18158
1590
52322
72404
67803
93318
79172
44631
1650
95609
54427
57839
75096
65986
9161
58653
45840
71450
12772
98289
26992
98099
18805
58611
7955
2048
4231
63454
7210
9157
11590
77889
31017
93033
56727
14041
89297
15721
68922
13480
61381
66325
76543
30746
90034
6372
65506
90807
34238
18748
96656
11353
37347
20974
53801
31608
92163
86885
1708
55909
71404
53218
20408
39197
98767
37496
18263
19177
68509
77278
34691
54816
23102
27798
38357
41478
60032
52440
5603
33252
34952
51362
45658
12925
28077
36077
49664
21959
75804
33786
73462
87710
26633
31748
86424
23304
42326
48062
60929
69107
78335
23188
74851
77784
25300
79554
82182
94066
34295
73942
20387
45185
80141
23894
89929
75609
92912
5730
7892
17041
29852
83452
1283
86898
64354
68160
83770
89249
23942
77683
22699
46973
7256
21323
69424
60235
74943
43969
22805
9385
34816
45440
9525
46836
49905
71510
32781
21054
80356
95756
55836
30593
50673
16398
99785
15479
87790
72676
70490
90000
46464
41727
6078
47096
24150
32620
50508
54577
46212
37411
13080
74353
35785
44668
25819
69212
16917
232
891
50232
70203
50611
55856
98089
78978
76994
48402
51215
37920
84535
26065
50418
53450
73381
95180
3532
13741
86729
40167
9767
41324
25380
34273
28989
57452
89241
45795
12721
55496
2913
1366
21947
2420
76109
50617
44723
16846
24636
78341
1897
21697
61835
49958
43947
62215
94043
14302
82764
29182
86774
38611
17129
27490
48966
72166
99080
82706
49037
98450
24241
77792
53229
40552
14530
90705
56261
31218
30804
95093
14491
70634
38506
94455
31184
80448
92464
87937
64585
98388
81066
374
33621
53693
64404
92712
29436
36276
45834
57061
87724
35766
54908
94177
26488
10856
27706
95404
46606
37789
80674
90028
56036
85716
76751
93456
72660
37906
66200
29866
66030
2166
97369
7369
59760
17872
11435
38801
97174
66770
32388
7774
44611
94915
24495
66202
21139
44874
463
63915
13405
17976
2347
98076
26200
94704
41016
88238
80091
7170
23685
15215
86672
15711
97909
9377
95127
88067
57239
70697
47910
5564
61072
31516
79531
96088
65497
24184
39963
11926
93340
97555
81058
18942
11001
37437
56938
60464
83560
68450
49154
23516
75543
10388
72297
89535
38965
61764
55204
11492
79710
70595
62322
79773
11870
51228
38691
78634
33732
59411
33512
53935
38726
88375
28151
4743
18567
61116
36964
87411
36846
70100
50756
83886
60249
11894
35199
61828
84080
70567
77419
77902
79958
47741
3296
49839
84030
2802
23028
71715
55645
24077
19949
84348
50018
46510
84980
53379
63136
12130
88449
36878
2072
52108
2836
45326
83184
49626
94072
39356
26412
80256
80011
31038
45346
38995
43686
20541
30552
84060
31935
40826
27036
35317
54676
55608
92389
5278
30020
78322
2294
39722
53633
23171
73250
1219
279
19535
188
89226
37227
22675
56500
38082
57908
20481
49564
45767
95865
68166
35473
26889
86722
91262
24812
5728
22056
47658
57392
9579
90605
93751
94747
78151
77816
13546
82605
20724
26564
89257
48301
9918
94844
97668
83495
91456
4057
69035
36234
96184
54337
13633
91284
2093
21803
23959
40916
62326
33959
62804
82346
72413
46146
51816
96874
41782
43852
52738
32087
23163
95441
14025
44405
48887
70192
94882
59881
68127
35879
44058
46373
79823
83231
3612
84085
8460
31699
14390
67695
81442
35721
77934
75828
47276
37374
49826
7566
67500
71293
70601
62646
8417
79800
58762
81962
41789
11231
28051
56563
80291
63902
35767
48541
28853
59501
75587
18189
58355
3930
9593
68006
78780
33866
98082
23550
67318
97993
68672
56295
360
69708
97788
35204
16425
985
47640
86823
81508
26696
44151
39706
5642
58233
67469
47016
50440
1415
73016
29136
28625
54288
59816
87248
47852
98834
26358
25813
5105
48135
63517
54420
25652
62085
30068
52417
66480
80190
98975
76384
1304
92783
75653
79056
92966
96271
57265
92702
54998
43705
71094
91122
78528
71255
60911
1410
9335
70065
44201
74039
38787
22768
23908
85060
84455
4721
66589
79420
75753
62092
33841
87987
77346
32582
95160
42021
94376
72428
98194
39056
26964
33602
50057
83354
79378
73782
86329
42253
52174
80722
79799
61300
58131
76390
29922
11733
7890
11020
60055
79199
23556
90901
72333
14262
46339
64
18904
91442
90080
80350
63762
47581
5580
60172
37647
5461
88853
33030
17899
38335
1824
28787
13482
49497
88694
77846
53301
8365
15275
27029
87177
92026
25042
39067
77581
11785
15877
92803
20822
38845
47599
38816
73676
85156
94572
35294
71434
63771
97827
26805
40682
80763
22569
72119
65044
94691
83634
31439
37552
90245
97762
3877
79662
18471
27179
12592
83472
68870
53647
4701
71986
40987
13306
62472
83970
83836
39423
38290
41567
63787
34941
46975
45110
71581
93865
52635
55872
14825
75990
55322
64383
48647
55902
92862
17804
42787
64549
68048
27830
39999
89668
20625
2974
81485
958
52900
33654
34313
37815
48307
47115
70646
15457
94277
40424
89894
41360
87326
27110
93881
40418
54513
40310
66738
59724
33113
68902
5983
51695
15552
60454
44939
30938
96387
29157
67248
52777
16210
93243
11538
78583
45613
96378
24512
2898
36240
78948
64752
63809
5640
54685
61450
52803
44836
49366
75966
17090
44367
49151
39135
1747
73123
92902
13453
54649
84205
59864
36066
74357
65576
6890
1829
67508
58712
82854
42878
4747
33140
23391
82817
43588
94647
93916
32028
74228
82844
82343
20032
89945
21391
14757
71515
91944
55213
25737
14587
93130
17522
46565
22942
33533
79658
8193
74578
21077
863
82995
62638
98429
73242
83710
99042
5692
43365
40154
34818
43534
31731
26843
91213
30696
56575
93007
4143
50575
67497
24579
88139
46929
67367
77090
48214
7966
72164
79996
36650
45729
47689
23169
18342
29911
86183
32915
44359
97328
1716
25052
17869
40288
58721
45327
3925
56272
80222
44126
71015
53824
7523
43085
12021
1015
76066
19540
9894
4413
56721
67410
29424
42702
14477
21369
49962
99728
37929
76014
3399
9667
36021
85985
98412
80318
274
80948
25666
7708
51733
27758
79611
62117
97452
18983
45998
478
33904
98537
7739
14164
25863
67076
64458
40316
38914
27934
5178
57040
67635
38617
74961
44284
69941
19640
6330
86345
92184
38803
29397
44344
38742
43492
96651
6144
42279
45644
36442
2245
8662
81915
60647
18173
82138
31664
73263
91132
73189
30036
42132
98985
94934
50839
6256
3413
37419
11307
34128
62711
62596
9356
86012
77900
53266
98329
80436
97302
74099
81175
40799
33421
63537
16145
18920
94018
94979
80743
32461
47567
99042
7603
67431
75438
25010
27124
72386
34041
15706
70777
52542
32963
18041
38644
41306
83010
722
55633
59794
44463
39078
52486
64396
98812
29058
94718
18222
89983
97008
87705
10093
95700
4998
82195
21988
95282
20045
65282
82431
22214
68958
73227
20763
12402
71565
34738
37558
25529
94858
45615
30974
41649
35350
57276
64625
37166
57377
78679
805
55693
80250
94371
35685
65482
39356
32639
12629
42814
49945
64023
42397
79502
49885
20657
1218
32955
72000
72581
76843
19607
41423
58188
74044
40190
94571
78455
36867
11153
56883
65199
70231
81642
8636
15756
94646
88539
33022
76567
36905
26782
98680
66585
3726
64474
68746
66922
89123
49225
18410
45980
41356
49258
13742
50387
30468
47377
48111
98671
48550
78079
26342
53590
33143
92891
66989
22752
58915
81824
37984
84538
41348
9715
45146
12132
96950
74425
13152
80454
35827
91174
31996
83451
15654
95067
36506
98800
51112
73796
67406
14817
18120
66132
91551
73977
33166
65935
91047
50441
24448
7517
39495
69586
23872
72543
68346
2635
62809
4586
6408
99899
32373
89340
74007
1451
6367
85490
57304
18888
67083
5886
62442
59167
68032
12731
95586
75648
14135
1197
1996
67246
77358
80871
27020
86132
4117
38426
47257
63839
3861
762
74920
94737
83714
47193
44839
34711
54177
52158
67095
30036
75797
2544
6763
84501
48561
55278
28966
23315
59425
10898
95191
76518
20407
29414
61392
1559
3075
93478
56165
21032
26759
17966
79415
70511
14555
5247
84996
40617
67802
59425
92498
4255
26111
12256
44723
9145
9742
59212
72778
57147
89951
6111
31474
64899
18415
8479
2312
92204
72074
61149
57399
74963
24265
20428
99707
74784
97369
44242
57651
61399
12304
52367
82206
1726
57658
79101
56857
33471
12228
8877
47377
88672
7787
81682
40313
32711
84755
54871
87285
82690
13810
43109
78562
45278
21632
92233
92550
88216
76450
95360
96311
76809
15467
43129
61135
40997
58217
60070
89882
60056
84679
7136
94463
80018
55014
45497
31052
76885
86814
5265
25304
29590
77096
16819
92500
7323
42056
50469
62281
83474
97302
22904
84587
8213
98143
47883
78777
33111
72875
14916
39335
29189
412
73824
97774
45920
17682
32070
61504
77552
54182
77411
64529
87677
56714
20344
12441
7932
65080
17001
7830
66654
1207
13049
73945
68777
72045
15275
37015
69658
69741
68268
6296
4507
52168
49598
42954
33164
60901
3165
65619
1871
73424
26108
47968
82083
64751
93962
99457
28119
98589
95059
66082
1420
33894
71902
40929
53186
73040
53677
75983
55573
254
93726
83691
22570
64461
10452
6628
13545
29492
32252
73554
4548
2186
79246
51838
725
71529
13187
97329
16684
63042
41479
7420
28837
71307
5504
1395
43197
58753
48428
6996
82395
20784
43184
82931
28225
17675
88413
58652
16646
31413
26835
43834
40057
97525
87789
54085
87609
9372
20413
36665
2933
66511
43861
52948
52855
58270
24836
25662
58730
37060
1676
74680
26826
52426
79001
34720
70214
40526
32983
53201
13304
1769
37140
36199
92337
59636
98853
12292
40788
51668
78777
88912
91445
52586
79954
76264
74685
98418
51184
18299
16521
66820
59371
43518
45547
49314
13907
71116
27113
69288
1858
65725
92973
32899
84581
38609
91223
81090
30844
92110
51775
86731
22776
9850
44233
74552
31036
6535
22924
16703
49439
997
91700
3190
55165
87147
16605
33952
66679
37575
91698
71428
78132
63347
42888
18221
56980
36536
64163
14256
60338
86813
72491
71638
59955
62482
67336
97229
61106
5426
82718
13777
22447
96905
11760
2786
31450
82936
67298
35970
3680
23961
29648
32806
55267
37440
13972
23319
24025
28858
36697
71716
23262
70697
23909
40658
99885
81348
6574
11696
8768
14289
61302
6549
24983
72374
67489
19220
70156
29254
13579
90816
24570
16912
76091
34426
38680
36157
69776
67989
67592
20662
68123
7727
50454
90069
98093
96440
46661
68303
20052
19879
85949
31384
50812
57834
55772
53090
81080
94499
70976
18847
46242
9210
41420
45837
70130
68219
99475
15218
97006
68273
91474
70992
25590
24502
42805
88027
26468
85788
13179
17485
37087
2872
63834
12809
34927
5825
28532
41204
62067
30503
74006
60860
71411
73014
78642
82272
84663
94255
34906
46493
59986
33299
54292
48791
23990
84922
63231
5473
63912
80583
1724
77228
73354
49818
20812
32619
2053
34151
9673
6647
61772
91871
19597
69528
67081
89790
65754
96370
88940
2616
15475
67680
48328
20731
38018
81498
50326
61580
96918
2826
88329
89211
80412
35390
25591
34954
71829
30148
46530
64713
82392
98133
13878
38189
30606
72948
56833
90017
13408
58458
49486
98787
18584
90601
84058
57167
48432
96526
49842
13655
64757
72753
95452
79988
20079
89825
66879
6251
27003
63916
19297
54494
16726
1272
22563
34831
94126
6439
16342
82477
21547
89399
80359
27007
87545
57666
96742
45344
20670
76185
48390
17964
22446
42727
488
32559
79622
88717
91861
3184
43465
90726
99464
47214
42511
5955
77831
55852
33380
60590
63092
41712
79301
57553
73818
5629
21200
40246
48819
62638
12291
24576
37497
9320
59594
13497
7919
86864
42239
41542
95737
68712
48881
4004
29124
32313
60872
69008
82376
91952
15614
27987
23121
34563
15310
58537
96107
65223
26921
69457
47596
37147
98470
46976
69236
56109
55247
79413
61884
33834
24365
95156
66351
26437
83856
90678
84654
77772
48104
59795
63348
49266
63564
65185
40163
45679
30786
89598
6994
99927
12511
70708
45791
32032
9577
90286
69151
69468
391
58500
61368
64017
81672
55603
554
2995
80438
47553
50109
50578
77182
66265
97767
63204
95223
53922
18529
18095
99149
90781
45024
42627
7629
61266
77903
97043
59859
21567
14387
65987
18522
21943
15507
22722
52559
65360
88962
5117
46331
16949
36366
31746
36279
30023
91088
62119
88448
22680
53722
57932
5267
80761
41225
12708
48287
12998
66101
6874
8385
55536
46320
55190
95339
69886
95683
43377
19034
35886
57835
84575
25637
44324
57823
21421
44030
5162
22781
79800
80219
82351
86582
22126
58494
74977
48159
48466
99089
37390
86794
94200
18440
83182
7087
3071
59673
94339
63378
6881
71800
64713
59902
19487
80847
86459
59475
28584
57815
98034
75630
90877
98468
52786
96643
21819
79050
81612
45276
90019
54116
90326
28398
1662
19049
81477
41785
1850
2949
34617
77505
36589
27256
88893
56817
46847
56204
72236
40836
21341
21643
68616
11458
22725
61177
76015
57258
35941
79318
98304
33289
32865
72056
47183
72223
47971
9536
58869
31532
48691
97557
99560
88255
39592
50633
21322
44403
89347
78589
69104
818
67957
5178
25375
47626
5906
39052
37070
10578
77812
80086
29913
82560
42490
17369
26607
9598
57553
50602
24220
3506
24120
49709
41119
66945
75376
36809
29357
53100
81913
72718
77553
96665
12676
43507
89049
10894
92045
86816
88076
28693
76599
6804
43592
59533
7277
45360
67404
81185
32928
34646
73436
52765
73126
2150
2049
49671
34267
62462
14647
65588
40138
79576
81309
66668
92990
64491
41837
93287
38280
88453
43297
81793
76359
35921
7198
96914
41043
65274
42680
47489
48674
67456
38456
61464
72228
47447
33720
46367
27567
9811
461
67035
80953
13992
97507
77997
5006
3495
97989
37437
33246
84182
17294
17489
76354
59056
925
57632
94999
65268
44992
91054
64857
38866
12038
16108
68431
2480
52094
71955
80411
17582
9711
69722
56031
42631
31122
7543
22549
41249
34826
24206
85648
25657
85140
48919
25435
75456
24669
48514
75302
43888
93472
51036
76956
57025
36224
72101
578
74481
50387
3672
12689
86267
99083
14682
52949
18070
86851
35855
54780
79748
20596
11355
34321
56120
18621
71659
3905
98256
45746
33777
88983
90051
36848
27552
86482
43888
20792
69310
30102
3998
38590
39024
81214
93395
49289
70616
9291
86941
47765
37666
14728
34473
64727
95258
55176
91657
86660
90089
90338
62757
93299
75534
22058
28406
36124
40587
81018
52713
77418
97806
57853
73879
57303
6736
6548
14463
54399
78686
72907
84494
60867
72531
70517
96695
24949
50980
12034
92507
89168
9370
8054
99961
64438
53674
61979
39400
19075
80567
53399
17237
21742
67149
17840
66106
16509
88556
99258
76015
88054
35936
6231
90222
9147
45892
13759
61212
77654
99274
54559
56560
64039
69351
78472
57247
27241
31532
97658
39678
71887
48194
38671
10766
66754
55674
89814
41913
72570
16814
43334
40893
36731
9775
52708
59143
40034
53826
65211
18794
14451
78158
26596
99184
5604
45494
36632
77881
11363
91918
6914
90653
35147
86474
65786
47228
45934
3057
37829
70456
6370
5255
15958
66553
6181
99775
37514
39422
3309
67863
23054
58125
83979
9076
41702
67631
48055
36343
97864
34545
99464
61690
22373
46312
78935
72353
36233
24041
97585
63581
63471
84696
69552
68933
85072
56360
37656
27554
62496
41985
12388
46850
65943
35431
8132
88027
99088
48819
32181
75956
81412
63951
12938
51948
73023
20738
22587
1143
13945
91815
12902
87060
21717
59023
26044
98961
22962
98268
22096
71657
62886
95563
25193
59079
64147
88447
23120
51312
36655
86655
31531
10588
96642
96492
66075
94925
82286
71694
7552
56400
187
54937
13326
52980
6129
41345
35006
82578
5885
96116
56084
51171
51026
33427
57901
69089
31646
45925
15384
30162
57799
8661
49579
15158
78661
5071
26119
9320
23554
21775
2095
61189
31937
46058
48455
72209
48334
7843
26077
13408
82433
94597
15132
12101
41400
6508
8203
92675
32487
75871
78212
2215
10290
15925
35514
44709
27199
65748
54067
27305
10078
67354
3164
71151
97647
59468
26334
24524
74653
31298
87152
89723
39600
87120
15402
55213
51727
28115
39129
61194
38447
86155
6689
6053
75844
80074
95439
62938
70660
95061
12688
6630
71849
53276
80405
1478
66260
39311
53409
68203
4977
2374
42599
88966
75611
1494
62197
20083
4836
91372
85074
86111
27904
92210
25831
17612
90670
13102
48278
96997
64543
83099
44946
17107
22825
57683
63186
39751
97131
84283
94224
91076
16258
16618
55028
97059
23313
48762
36709
99544
82850
4054
94550
21633
80908
65246
60085
92392
59795
28614
95076
60787
46420
29013
54219
6196
17642
88460
65737
92117
62594
99496
26184
16037
45415
53856
89861
94367
62216
90005
3522
7256
78436
29010
91675
49006
15964
62651
40674
7103
67923
25739
65855
53975
4833
71281
21741
4032
86129
93641
65565
20175
4557
3807
2997
14440
8751
87676
98097
86257
36985
21751
36608
18993
17317
21160
70994
33895
30275
30516
86591
75353
46182
66
99994
94492
8736
71629
32074
96499
34755
45238
90877
84010
70165
50691
66286
77703
63211
25379
35105
36828
71805
15707
1592
67603
36943
78178
94572
81512
31458
27917
9102
76581
14554
47889
70665
25993
74595
75315
14515
26834
37177
5130
78858
70847
49882
51435
14520
31894
88239
5238
57759
18548
35498
10637
68310
33107
50296
96936
81554
28667
34487
12216
4780
30459
42366
73158
162
39923
49938
46437
39335
95579
13469
37570
26273
35308
34185
72473
85026
14714
32491
40622
6868
93926
14871
55333
31423
81396
1136
56472
11577
34881
32635
68803
83419
18992
18175
88119
53054
17642
22986
30969
6510
33805
82662
30432
88698
55914
34504
53067
23268
94908
40140
12182
84570
52575
82573
83712
99483
76912
65581
91455
30337
3559
12106
83920
46031
61905
32525
73608
74445
70503
60437
71813
83631
478
18205
17257
81322
58452
26018
94846
82738
24940
38439
27310
53868
83549
12808
87714
25310
12888
25391
24534
1968
39835
79262
59983
35539
41022
51819
18082
15497
3352
79245
83635
84829
17927
64381
47064
99774
35012
90187
64405
69758
30580
9439
39884
93652
29234
51718
24979
28775
91421
67515
80126
94847
53906
36415
45871
50235
15481
98975
73640
59908
98917
91693
21734
93332
23758
97911
95684
14276
15394
63584
32090
67122
70475
78288
39465
17006
84416
6871
87339
56090
41398
91316
18714
31433
27378
89336
73719
78748
8455
26457
31988
52520
12511
47163
26386
23636
51812
57515
96960
48464
58132
82071
3584
4707
15293
13117
82439
19178
94536
67505
33156
74385
5769
9833
50240
82213
28360
27014
26528
5961
91462
15719
7553
70864
88881
1678
19954
97774
79111
3559
88053
1602
18460
7756
84615
92754
27259
99497
6348
59737
41552
10958
56103
70291
97634
43168
89045
31761
20921
1884
41677
64373
80329
81783
82092
48660
95531
24754
99922
12475
80655
37789
30258
33456
88256
363
65745
48385
65800
13489
99302
28071
90111
91680
47483
51264
55300
9595
45023
95230
80
89237
48975
76921
51621
14222
91158
25744
71324
63737
55525
12461
35674
90752
78454
5099
98436
27846
36320
93385
49028
65697
83607
22537
5382
75710
97988
9762
37006
82433
38324
80991
86846
1652
60735
88257
12542
36518
92350
53143
85397
13233
69029
75493
35107
42337
3085
56933
40914
53553
89956
27100
17553
57199
10842
56544
13791
40414
80981
35143
57347
19617
3717
70658
30728
91812
33749
71819
13117
98977
14995
49519
30306
81681
6788
62204
5782
36121
80765
82290
47213
56151
22207
13408
7321
97934
11726
82388
71382
49297
91504
17715
16403
74920
40937
96128
42087
10228
33376
61345
25792
6498
14959
20590
35111
28057
76857
69305
5892
19260
5291
47491
83368
31193
22940
29459
58308
98095
67560
16894
33381
92220
84975
17508
65154
46750
20242
54804
64635
11776
83006
59224
90990
56072
48298
1570
29309
47718
32079
13740
28813
1564
5047
45843
14893
66283
63552
38535
76564
10397
94646
73163
11367
13947
94516
85598
63498
59658
95489
38958
22087
56405
78741
94185
95487
9847
58509
70351
64935
33039
6749
25415
5614
20098
61691
68991
1701
45356
83661
67859
25211
69148
73048
47997
42820
59995
54672
40788
10155
37201
73591
3165
20420
39680
68721
63966
93224
91871
4010
42480
46092
51911
80253
15524
7413
47674
71023
79063
16941
33660
15975
61824
59595
71061
97880
86638
17735
39087
60727
28298
40122
55278
62881
51401
89
66610
81314
21910
1291
79064
53921
45188
81253
93156
632
38274
56055
44382
90219
47322
6541
89336
85947
86376
41541
83003
82889
99151
22961
6809
1272
70141
57964
46200
899
51648
89977
48042
99826
65299
32163
52963
95320
45685
69484
96498
5342
10112
81743
5147
69159
3664
27961
27992
97347
76155
59340
16835
49563
81318
67238
24265
67475
23465
73760
49819
66200
31258
86654
14116
45589
43600
70106
45258
89861
64544
85501
74002
2126
62243
56839
71646
54760
62871
6432
73527
45557
38966
82289
65284
45278
75384
30309
16486
4411
84204
32840
39177
94853
78554
73064
65910
44488
26608
86692
41568
50215
50865
99752
19458
33976
30764
65937
44830
26215
92698
57132
39893
48276
97608
46248
94563
65019
47051
75394
34008
6228
25789
13814
15831
75395
22952
68180
53571
78231
86350
99075
13386
57555
66549
99927
81008
5683
64960
47120
56955
53452
2156
63338
59469
49305
49195
18023
5758
89668
96697
9416
23332
90098
87740
54423
13459
79656
59257
8924
42390
34557
25132
4036
24046
74255
64068
75766
7633
90868
51051
25452
29299
881
30367
69795
64059
90699
36131
26691
59678
25380
3940
71510
73568
4796
66658
10760
48934
86884
30683
95471
96794
45041
95694
50634
80856
77918
96730
47280
56266
1512
9534
39621
18324
36602
42020
7892
23256
63594
41795
71730
49383
50650
2893
95926
23681
65334
12876
36863
70497
86438
47580
64287
52894
50862
97401
35719
84757
89297
15694
24086
91760
41558
28637
96588
96581
25986
16924
85990
97657
22290
99392
15116
58526
61533
6944
31698
16293
35267
25921
84852
56884
92232
21575
78999
70025
91678
62723
23731
76874
82576
84648
40957
74694
150
1294
44092
30588
97929
45285
53998
24439
3971
20556
75396
79527
44253
19318
15764
49187
74478
33871
80424
38643
20710
47310
61002
45623
51986
68134
98631
64377
76458
71789
80978
74598
93186
42194
86500
42626
90652
14550
89423
53435
27940
51943
50603
857
78708
49612
88252
81393
73883
38923
50093
2684
82383
12864
22062
60528
6434
6446
36492
65162
58704
9535
42243
56840
20908
51114
5682
65926
88581
22571
82585
92872
15364
40426
50963
99178
89937
89213
71452
26631
45497
88243
39950
21665
24653
6376
27080
13876
54161
14903
99784
55907
16794
61379
7304
41794
13587
11780
31001
91136
78503
25061
99058
21132
47241
2278
83753
54306
5170
61377
78897
19109
54350
51789
44926
30473
65074
8733
19712
78945
38250
18174
13099
26062
92506
31425
42014
9256
23724
14482
66884
17271
89567
88928
82502
11240
10855
2877
59320
69529
29866
55036
14599
22048
71463
40476
95096
30840
77546
1753
50146
9189
70276
79058
37786
88731
77655
45013
57037
11232
15235
54090
14679
96838
53835
49452
6555
19412
83697
32642
75366
7375
33646
94812
94133
30892
18737
2014
99497
43806
53970
61419
40300
95110
18501
73939
19794
41745
32159
29614
95558
44913
35243
55881
70586
53385
79900
15462
11635
17400
46028
1153
99820
50647
81238
71788
26480
62217
6016
51413
76368
13754
70563
48581
33008
88149
5925
1699
20276
79831
78312
51482
93201
13369
10728
99533
5584
15969
41917
48525
42340
40933
97575
44588
98894
37008
30548
64534
55377
44175
94022
32211
78383
99352
25024
46769
34675
98109
12
23783
92191
46983
69438
14690
72776
95573
93271
39044
53229
22084
47893
85713
45819
83037
13746
23673
7380
58411
9303
82477
32991
57409
53496
29413
18632
35163
35815
6232
19333
15868
3521
66873
65575
98078
42035
68295
42444
39195
75180
47177
15968
17615
64947
94421
35877
76898
4856
42651
13651
77747
31181
23218
8550
14367
18952
63226
91618
28992
67413
97332
18161
67754
76914
73854
58144
48769
65586
90711
89482
62906
73402
82409
93463
94486
40131
79688
2704
67756
3867
6438
74638
64988
35861
55258
74518
24858
52460
63457
65216
67330
3388
22091
87438
83959
85813
95171
42641
30986
22449
9182
54141
93822
14079
63481
83467
78008
61235
87230
14587
53321
8919
59268
99816
68511
13729
42809
99639
16588
21418
41049
4484
54986
33968
7489
70969
27291
62199
58748
53254
95312
90519
45562
36609
68756
15407
11444
24145
66907
97657
99948
56594
7781
16493
84207
89171
34154
35807
83975
74820
74959
24491
49477
8178
97952
53955
89821
25201
16195
60277
57186
36054
25256
81790
186
13501
96170
11511
8140
75856
49355
83210
13440
32787
55609
37326
44321
72540
93783
51386
15490
36979
24165
71275
80163
51279
44250
14758
21295
79534
76295
17144
31631
6595
1999
80615
27197
98285
7052
16432
3887
62217
74039
70304
23001
3687
11472
29882
72985
77020
24651
41327
75663
79349
79905
38880
62908
81556
93091
32732
38589
6763
24777
16934
73872
70360
72844
4241
2730
75721
14834
28138
18880
83391
59011
22672
89100
3367
4322
93742
9525
4945
93703
1046
70613
30455
15899
71991
59706
1857
36849
12273
77281
52233
80416
63277
24427
94207
37442
5691
40955
15776
71412
3782
50998
65245
2029
88616
51548
66110
40022
61415
7098
42298
4721
82239
18190
14362
48432
32312
92093
91191
22757
4870
81349
39377
87799
2560
96570
86386
2158
87971
40742
34132
37283
66346
3532
2708
25265
5929
46117
88156
50661
13052
64798
70553
83818
48066
1447
33229
74141
16469
97863
59445
96600
83705
18749
50314
42548
21384
49132
23036
69364
30412
78252
89945
21848
94271
33467
11228
93275
80255
10309
54958
67630
40595
8964
76967
5609
22376
38966
12170
87560
24532
76158
9880
72114
17064
47408
28200
88051
72639
21264
41930
43645
93293
62111
57017
2286
44035
24163
36072
73532
11817
81375
86200
61188
86342
27106
85849
6829
37635
27057
49598
8146
51592
92629
35169
45367
78960
84027
81558
76531
68752
17931
54832
70716
63592
93370
81520
86781
95559
62058
22419
46952
7225
60217
82199
18304
26985
60631
81694
33967
7829
85554
19297
93919
71279
18562
43052
21092
18625
58549
65931
92548
10146
24913
97397
15782
37382
34840
92707
27447
68846
62304
43726
95845
56035
9060
34027
40715
54442
80546
95172
39058
76621
30550
79215
83222
61730
81066
41553
95600
93279
69244
60895
2961
44719
3152
55494
16921
91621
58951
70789
60621
48668
55783
16247
89201
29256
70032
21290
46051
44083
19583
28490
87443
72169
99281
7047
86285
13030
17148
81051
68966
31838
58453
88588
63448
42552
491
66655
38676
96730
73200
91155
55710
27997
17962
44842
13388
8042
19162
4778
8069
56599
9140
72201
41528
46197
79014
90561
75364
26802
66187
19334
97662
9448
21646
80943
17297
8519
11005
82634
50507
88223
29195
15811
79492
68493
15656
51514
93053
44018
61085
60803
79978
17355
29938
37558
77441
83797
82945
49927
54570
20429
16877
26809
60244
65655
17831
58747
96101
72890
74766
94611
3021
60047
23344
82104
76129
681
64455
63419
34269
46398
49107
47414
99188
20058
74658
67374
3264
87298
90203
17440
83826
30033
41432
69973
6930
81743
59153
99760
60384
56288
25075
58803
51329
11792
85049
72376
67366
84781
5272
31278
63072
42805
56171
45739
84073
97742
69053
63910
9062
15833
84686
5328
16203
23047
23929
84831
38623
5023
10130
3639
72104
56875
22586
11038
1080
86862
58077
87618
38813
22410
94472
24975
20631
75480
59077
56986
95757
24191
33557
78176
73044
55440
60046
3246
31258
79836
49954
71555
68866
84561
30395
35429
14297
31568
78993
48130
81856
76385
62758
85062
78849
31349
70715
13566
16052
62387
44464
49407
49548
18239
15262
15778
55279
34779
83345
71556
33188
1789
3821
15029
79021
21508
38605
25489
63900
6213
15778
84189
41785
26333
37006
62172
37120
93875
16089
60258
28567
45948
71941
75071
90532
74944
72306
29340
20600
79050
15819
9590
93128
31624
70005
50426
56670
5956
69934
57673
66514
92537
97955
2148
14085
78724
1757
68665
21849
32701
61351
21961
99693
96737
16334
16708
61864
44213
74245
67229
23736
13056
64683
19500
55196
19544
99515
62601
82206
47424
76664
73522
92681
94760
61596
82794
18902
62085
67673
45124
24181
43505
80317
20165
49894
77193
22421
12397
77822
7386
58490
34792
87985
87391
66443
14381
90829
28033
43065
52107
42687
22124
15397
2252
74891
61944
21567
52809
80952
49920
81751
54952
518
11587
77894
70056
24564
31992
86669
77120
26049
70791
54161
63991
87829
52220
39140
79169
71382
16570
86960
60078
51066
97438
2189
90785
29558
96602
85373
63910
64802
77268
27104
34267
77005
53451
31747
39922
68413
96456
28446
92646
75676
24316
30116
91425
1544
69582
97740
3461
54880
14635
82300
69324
25282
42914
85672
12909
26508
79455
35791
13716
99172
62350
77873
92816
89786
30601
33039
26107
55301
87111
27744
1147
67255
24692
91772
96931
12552
64510
16548
21941
29732
25408
43324
61877
61961
99547
19004
3741
27641
4342
45330
90401
75296
54148
78391
24593
37208
21109
75655
51556
93783
63768
81105
48972
43330
75833
82535
48266
53157
75122
83673
28531
65883
64235
80165
38728
79159
59695
34049
98761
97552
14013
1588
39992
53760
29996
3996
46474
90581
54928
52365
4187
67143
11387
51813
22672
1748
6385
35993
59574
58935
81784
89869
59115
50205
98898
26617
41216
8206
42925
56251
10292
23148
93082
56088
55815
48554
2282
90266
76667
46766
70720
72839
48273
80243
71778
59278
67007
29868
41024
87828
44584
77907
22754
96886
38096
88460
73078
77567
35796
62029
4722
28229
85106
852
87613
55724
77963
3300
69151
55065
59683
97982
10094
79252
3191
42698
2241
12423
47343
18123
93433
31589
95589
49748
20122
96904
76469
84735
34552
78720
71943
64484
68641
7665
95812
50423
95898
49872
1196
54991
46283
74664
88610
23583
61183
8936
69188
92699
76492
84288
43829
20165
46537
9289
4031
98077
34706
9006
69400
94299
9641
52143
11473
98558
81305
30651
93026
98605
7535
63588
74801
5373
67850
88524
50091
18095
25094
74827
3187
25262
25528
17168
88854
37410
71095
47899
43872
25165
42692
70515
52506
99161
89314
57238
55474
6855
67341
69662
54014
47145
66120
82884
25755
75293
45689
39944
10969
69395
15216
7395
19363
9828
24411
69514
11037
49005
12128
81596
31100
78092
75259
7810
44858
14859
4220
65492
46706
90221
85093
20030
54348
42343
79311
58855
47679
28093
56478
51310
98557
17214
90415
91825
35352
53453
73766
97797
9995
90673
85938
46713
64172
61966
86605
58294
50827
39346
77942
17692
5301
13600
2590
24006
23068
76793
82100
57957
49616
4073
22346
36827
44077
92833
6054
25601
36028
72488
27794
43443
99142
51644
31375
25663
31691
78702
82511
46006
67007
89030
77765
19037
75036
54916
50441
24663
54485
35438
28033
98062
77844
74899
80043
71224
45396
98964
87243
11215
25312
22402
96601
10473
38705
47474
25061
73816
93031
84064
87595
27154
50998
79575
89169
68787
75512
82557
31813
25857
41834
7006
32433
10792
71542
88145
7076
73818
26449
16215
4306
15909
29365
52041
93706
14003
55658
53967
91745
7145
61995
33532
44614
75011
97891
42785
74718
14064
97751
27372
16865
79096
25600
74102
63015
15703
83791
64005
65822
2706
15518
58048
30755
47595
17300
38423
43901