41 32
4816 6464 3485 5 9515 4647 2725 7271 4779 2711 2019 4116 4575 6329 9348 8886 8203 8910 4017 6325 3884 1660 360 7234 7528 4746 9969 7629 5196 9373 4917 9659
2144 7294 3110 8532 8105 3774 7158 2686 7500 8225 9541 1073 631 7702 6998 9946 8946 3501 6276 8998 2250 7942 15 9877 303 5443 9615 6828 652 4187 1729 6783
8319 7686 1751 8813 1748 4742 383 9751 7312 1441 7496 2621 8677 7023 327 4466 3688 7006 8685 4205 5098 3406 8044 1818 2472 4171 2530 3928 8217 1407 5609 433
940 204 8734 126 7884 3626 8446 9578 1214 54 9402 8199 4829 4344 7570 2755 781 5357 5415 7262 6238 9350 9794 2560 2411 5469 5728 356 5540 5041 7154 4436
983 8494 5607 3878 2209 5959 6901 3515 7796 3181 9734 8183 1064 9937 8596 1566 7165 2312 6158 4463 6372 6545 9764 470 5873 4829 3005 1406 8790 5152 2694 7640
1565 1715 2142 6470 3546 6739 1143 4079 4763 3081 9754 3583 3666 2163 8908 6999 510 1366 7096 8345 6323 3169 6241 379 9733 1982 6539 3626 7922 2311 9074 6576
3401 5561 7631 2676 9371 3169 6093 4522 4685 2499 263 5327 7277 7854 774 8431 7686 4746 9342 5806 2794 2538 1986 2749 7761 9327 949 1080 4572 1390 7922 9665
8911 8122 6062 254 3832 8193 3939 1149 4457 4980 4098 2947 4376 3857 3534 8672 716 3235 8147 1083 5839 5233 5887 7013 1767 6844 4129 1124 6513 9096 1009 622
505 8428 1010 3201 1812 4491 1529 9797 4786 177 606 5645 2790 5658 3828 7030 288 8590 6186 8429 7227 6787 8656 3122 6034 2792 8477 1149 1266 3596 5067 6166
2231 9723 4913 6723 6472 4580 3822 8388 6398 4523 7844 4119 6703 1079 4827 6600 4371 8556 991 6831 146 7400 2547 7008 4615 2835 7691 9090 6836 8856 2622 6757
7340 1618 4801 4157 5401 3173 5466 632 4168 2879 6713 7720 172 8095 6315 815 2724 1460 8724 3374 2260 7461 5147 6980 7672 3905 5523 9559 7736 2791 6394 4649
437 8626 9938 9673 7293 1626 2096 1718 1904 3578 1810 1661 1886 8261 7079 4422 528 4269 7819 3891 1266 7517 7850 4839 86 7002 9931 8790 7772 6156 818 4884
1332 6725 9054 6706 441 7873 2231 1015 2178 2288 5348 7108 6380 7689 2371 619 564 8198 5621 9636 6012 9280 748 6541 6819 4177 5774 8278 6462 445 4690 6618
1279 1080 3687 9494 9223 3012 7997 9939 1106 2950 2040 9549 4188 8044 2827 7413 5325 7965 5313 7551 1345 35 4049 6177 9624 3126 5623 1452 7806 5497 9969 3420
5924 8579 4072 3641 7414 3887 9271 4420 5490 5063 5805 778 7983 8338 354 5222 6418 945 9162 4686 1355 8467 6298 9164 6445 1682 4407 3359 4923 481 5205 561
6804 2662 4610 488 7416 9054 5325 5536 3723 6349 6796 5826 2947 8918 505 8782 8395 3914 2491 8996 7490 4362 7598 7700 4594 1811 7355 3982 2983 328 7134 8672
4923 7251 533 6796 7303 8411 7060 7309 5408 387 9507 6562 4090 8015 6828 4177 164 8914 1011 7766 8956 5960 2539 4063 9886 9000 896 611 5123 2477 4235 9908
8272 3788 1421 2594 3996 6902 9458 9556 6475 5696 6786 7725 908 2698 8238 6984 8465 5203 5079 7402 458 9360 1899 3873 3011 4148 9033 1428 7791 2676 5417 88
9794 8253 1397 6564 1558 7244 6353 1356 7660 3828 7045 584 1272 3665 4524 912 791 7116 7819 5816 8094 8242 4205 5898 9898 5494 6243 7755 4586 21 1085 2450
2020 9536 5992 6718 52 2545 1116 8554 7007 8432 7227 5968 5393 4630 7637 5016 7298 7421 7689 7283 1696 2701 387 5562 9604 3417 7768 9236 1634 2888 9316 171
8942 9288 4495 6891 9309 6541 2788 7099 9637 3004 3979 5838 5409 5372 4583 889 9019 8642 3016 446 6901 2775 5587 7772 7329 6939 4917 9161 8162 8248 3689 1821
7075 2500 8166 8048 383 1903 5396 4129 9745 1314 5459 7547 1592 9605 5008 3798 9355 3094 3643 5041 4680 2558 7314 6746 7688 951 8788 9972 4613 153 390 2704
6456 3186 4713 3186 3824 3602 3577 9186 2292 7092 2834 186 8546 1214 6004 6389 325 4812 5654 2394 909 2171 805 8896 8568 1871 5408 3745 6100 509 2098 9242
889 4328 8347 7751 1330 1436 9062 6200 1191 2829 8604 9922 3822 9796 9152 6122 3074 9064 3492 5233 9360 1046 5839 8214 1675 2646 9123 6888 115 7630 4112 4617
1379 1546 1290 5725 1495 1602 3112 9870 1461 2618 9179 2405 4892 1518 3148 1172 5672 7015 6629 6369 2458 5417 6925 7732 1916 7514 2986 7741 7213 4265 7807 5902
8313 59 4687 7920 2796 9002 374 3444 4478 3265 4424 1880 5222 6491 2023 5709 9061 1894 9276 8504 7566 2826 9338 8215 5216 1990 2875 2183 1621 3489 439 7987
1360 9267 1539 2561 9723 3646 370 141 3276 1233 2522 4053 1625 9970 4452 9791 7420 4792 1823 1721 8791 1542 999 6980 635 1810 1649 9978 5317 5895 112 1465
2935 9117 6186 2152 4540 3986 1193 7857 5541 9112 1637 5385 5419 6108 5652 5460 3625 5831 5443 53 3239 2371 9271 1836 9339 6172 8095 8648 4438 8499 3463 2224
3678 2660 9101 9564 5456 3667 3299 3889 3186 1724 8425 3793 3384 5524 3514 6963 2602 7392 546 6537 6191 773 3304 6443 3951 8622 8770 9867 2948 8529 8497 8215
6078 2569 7518 2874 5505 2387 5916 410 3314 6251 2458 5394 1130 1718 382 9998 9809 3513 4722 7847 3727 5128 4195 8863 5332 6718 980 4289 1027 4247 2907 4052
1785 1704 23 1388 1327 9721 7403 7633 683 148 2631 6951 2963 8199 1683 258 9507 8925 9796 3709 1679 4789 7330 9708 3762 3871 9631 3596 2596 4179 7899 1134
5078 4945 3530 8150 5473 3493 4847 1422 327 1235 3021 8528 1467 9886 7035 7006 5384 9963 4736 3254 838 3696 4166 6538 403 4768 8560 353 5527 730 3600 4479
5795 388 6209 8560 7996 934 8675 8385 53 5041 5945 88 2523 7726 1045 5740 1264 1989 8161 1452 147 245 3057 7335 9178 4325 3943 64 8750 837 3495 7325
3314 4984 8588 8476 6677 6468 5185 3150 2782 1691 8428 7309 4532 6631 4025 9515 805 9645 8481 2844 7469 3083 5141 4146 9792 5545 9481 4776 801 3488 409 5124
1116 6780 2081 4660 7650 9424 7442 6430 3517 9527 5729 2852 6401 6319 8176 9162 4773 2857 9513 2408 8216 1778 6456 8233 2798 9027 9697 8882 9359 1690 4842 1386
7541 9622 8788 2566 1280 5537 2392 8415 9843 9741 2518 583 5753 809 4491 8770 4980 5151 9660 2139 2809 3077 2411 1518 3085 3603 2261 1827 7363 4881 304 2428
3709 1835 675 2643 6225 1011 4627 15 177 2180 8563 5192 3145 3109 6471 5743 5840 1108 2974 7127 2112 4439 5690 1096 5216 3937 7361 2591 1830 5691 2951 5416
5834 6823 902 1070 8075 9670 7829 6328 1185 5832 8033 2313 9461 6012 8707 8301 656 636 2989 6415 9559 3064 1831 7494 3878 3241 2122 8097 6949 6154 9086 5142
6599 344 5328 9738 5656 1774 3335 8188 229 5666 8528 5568 964 8688 1054 3512 3042 2688 1202 372 8201 631 6772 1600 1893 2774 8070 8876 9596 1886 2558 912
7203 4760 857 4710 6277 8073 3479 6768 7439 1859 6565 7278 8995 473 5156 1263 2802 8724 1346 7080 1480 753 8328 7182 6295 5680 2947 8093 6012 9804 5985 8735
6868 932 4593 6073 2485 6682 3537 1525 5904 377 1295 180 2883 603 233 7225 4221 368 5916 8926 6921 8006 3064 5654 4750 5933 7885 4230 1091 7817 561 470