49 95
5230 8849 2956 8387 139 585 971 6701 1893 856 3097 6637 8317 7742 4086 2359 7286 3710 4646 8080 3981 5220 7332 6692 3889 9425 1165 6246 1651 3414 9717 6434 4459 1251 1951 8019 2466 5929 7539 8165 8465 8645 2847 3263 5298 1294 7832 6413 5330 8008 3906 2305 6578 5454 5265 1637 8022 3329 8588 9055 4654 1665 8721 120 5939 8821 7697 5343 8028 5608 6118 4940 1177 4097 2024 587 4356 5378 4429 9472 1451 8676 4735 6131 3759 1276 6309 1171 1714 5129 593 5488 5172 868 3685
6569 1779 7868 4586 2016 3218 8313 4886 22 4143 7628 4508 5026 6637 679 8080 8977 7099 4051 4862 97 1838 1928 1171 1310 6808 1417 3226 1295 1358 6429 2100 1609 3369 7461 5692 7766 301 4531 271 2201 978 8974 8256 6955 3538 6515 382 2073 6347 6278 7773 7919 4039 3905 1596 9927 3303 9348 3166 46 4042 9900 3895 1539 4578 5427 4512 1875 6394 4776 8532 7271 4972 9904 3252 5565 4057 5703 3587 3504 2533 2144 3587 5237 1359 3334 2982 9215 416 4397 2199 999 5462 3870
5671 5258 1529 3674 3194 7345 5648 5633 3953 1895 6829 8316 9759 2594 9259 1563 7825 1779 6155 1300 2796 1400 3435 9630 142 5894 7704 3951 2050 7748 9390 2097 7491 1682 1236 7148 2202 98 553 7357 632 9654 7021 3633 9546 1247 9402 8261 2477 5688 1732 5853 5183 9408 882 2116 4928 2104 9700 3011 858 7170 6061 9394 3542 2743 3761 7794 9430 9944 4326 1667 1476 307 7369 4211 5685 9913 6125 5624 86 5159 2347 6459 2734 2145 7385 7170 7897 1529 7273 5919 1729 9279 4464
7684 9426 6320 9243 2141 1374 2066 8102 5038 2486 4564 3535 3457 7902 9893 7779 936 9389 6300 4948 5286 1075 6570 722 7948 6128 1479 3987 6828 5906 991 9748 2189 2226 7922 8978 7313 6413 9352 6304 2649 9458 368 398 7246 591 3846 3218 2567 1433 1491 8933 2718 6907 1206 7652 8628 8813 10 8391 432 4144 4793 6452 4716 7184 52 5966 4983 3846 675 5563 3486 7177 7639 9078 3670 8544 5722 9692 2729 9239 9858 9297 8566 3262 7099 103 279 3366 2211 8143 7915 588 2403
3426 4667 8849 7467 1050 4768 6118 7555 8136 1761 7180 5007 5749 8721 1481 6910 8378 7477 403 398 4994 6232 635 3130 4467 7431 8179 8705 1713 7575 9813 5072 7315 6288 5761 4427 8241 8929 3317 69 9346 2991 1829 2855 8944 9680 4426 9631 9644 1771 5086 156 2250 510 1487 7157 4266 2224 1253 3643 947 6357 9393 3140 8245 9461 2099 1444 6679 3372 6773 4003 2909 9361 4216 3382 953 7605 8754 6365 1701 237 9007 7042 481 2206 3555 3383 4613 2387 8681 2672 6084 3821 4712
4752 7549 5570 764 1900 5553 2841 2413 7517 7301 9909 7947 200 2855 5888 3136 7695 2748 5373 7630 3060 3295 9944 5626 1769 1161 8938 8204 3863 6882 4281 9224 3876 1860 9688 6715 7883 371 7292 4289 7220 2587 2043 462 2800 8730 149 6425 1880 8137 7552 9687 9385 2974 8007 8031 9643 1157 7279 3792 1186 2839 9469 2073 6941 1990 6235 2708 4084 756 6376 699 2491 6984 4763 7508 1470 4541 1584 5287 798 6165 8616 6223 7523 6716 4063 1222 1958 7108 3512 7716 2605 8912 9865
3550 9250 6192 7386 6374 1254 3277 6632 8802 4069 4523 515 4289 7771 8506 6857 9516 5267 8131 3616 818 3920 5600 9914 8881 7262 4262 8393 8806 2522 9041 3627 3554 8506 5311 6771 4705 6034 9448 1357 6044 6601 6107 3401 3511 8282 6412 8691 6131 3454 7156 301 736 6225 5577 1599 1319 1088 7551 1244 5744 9691 1158 1009 3217 7765 6390 9933 9333 3664 1012 3744 6369 2899 2919 5326 3361 8399 7381 3853 4214 70 156 1627 2263 6630 1709 3483 9645 3752 9048 8532 4210 4874 5128
6672 8341 486 66 9513 6973 4507 9589 6954 6219 4064 2746 7145 7937 2109 6857 6859 6133 3285 6892 4567 107 8205 581 6020 6792 595 9321 9556 7573 2239 3949 1850 1846 7616 9761 2976 361 5381 8021 6970 2516 3960 4157 1892 9625 4222 8781 3337 758 3522 9073 816 4248 9271 8095 7827 3302 8050 9040 6924 7963 4169 8391 2493 4086 1521 5388 5636 3122 2461 7051 5600 4747 3099 715 7593 5480 3657 886 1844 5580 1574 4981 3472 8391 1595 7448 3469 1165 9280 4768 5708 464 3777
1444 2301 2291 6343 3674 2474 1145 9648 6229 626 8310 2249 7222 8039 7978 2895 7634 4114 4488 2806 8939 8115 3343 8296 3965 3362 1952 3623 8492 4642 1884 7653 309 7991 6665 3882 9535 6207 1619 6595 8266 6146 3917 9544 2350 2387 9127 1854 4152 2991 4194 852 3215 5441 5163 4238 1221 1305 7910 5281 6169 7945 971 4564 8579 3448 213 8858 3709 5601 4842 1423 3201 6602 8258 1819 1070 3132 8223 3270 2953 4503 6038 1015 4133 2522 9028 5318 7102 2320 2445 2683 6534 2893 6461
6882 8129 750 2766 8790 2583 8178 6966 3183 4717 9565 5881 4359 6419 5067 8861 9012 682 4368 3661 7301 4960 3813 4154 3534 3326 5623 9632 5746 911 9949 9256 1470 755 6657 2436 5065 4936 8391 5149 2921 5549 4176 1550 3479 9875 7457 7057 2143 8792 6734 5210 9674 1322 5076 7211 166 5402 7442 5025 4630 6352 775 6400 6774 8320 2134 6986 7902 112 5477 1266 3005 2809 2782 9122 8505 8291 2069 2747 8578 9277 2519 3930 8213 8108 2252 1511 213 6051 3749 1688 7002 8394 1943
7734 4507 5697 3955 6762 5565 3396 9186 4857 6745 4244 8692 3668 2795 4496 3726 553 7466 3345 5029 3616 2293 9051 2634 1060 8254 4029 4476 7750 4363 9713 3396 63 2680 4612 5211 4279 9540 3444 223 2973 6985 5743 5385 8970 8083 1810 4512 6352 2341 7923 6037 8385 5400 3981 5362 9081 410 1594 4598 2500 9362 9494 2095 2042 6737 3123 6090 8176 2702 6231 9590 6012 1505 9156 5165 4592 8737 7357 9575 4711 8092 7277 5661 6134 8604 4453 7335 3514 2454 714 1427 1570 5037 3036
3408 7724 7735 8631 5600 582 1187 3976 6369 193 7639 3499 7774 3385 5864 6662 8801 3657 7739 537 6440 4609 6501 6828 6832 5956 4756 5925 1130 6129 1909 7328 9614 8590 2740 4060 973 5135 8647 2906 4550 5671 7575 8199 8457 2280 6483 1408 5115 4306 8201 6560 9372 9317 7129 7390 6337 2174 4031 548 4080 4931 982 4141 6544 705 9741 964 3727 6979 7869 4101 8841 4544 9766 5602 2139 8868 2476 8342 1312 8206 7635 630 1598 2062 1927 3352 9652 2660 1947 7668 8053 6780 4510
5420 9649 8264 1003 6317 1940 5350 1538 7719 2355 61 3472 3094 6695 3661 712 6386 4855 4566 7452 9821 7110 5942 6639 7410 3022 5666 4818 6944 1465 1243 5020 5592 7240 6148 9775 2900 1704 8840 8855 7858 4654 7937 3297 9439 4047 2104 4070 255 9999 6370 5910 3464 9738 1587 6629 5772 5267 5000 5918 9579 6429 9488 959 6962 9876 1631 8438 5314 4261 3967 5359 3727 2963 9815 2752 4489 9811 2925 6378 1043 6357 9357 7025 2918 2508 7442 3679 9833 9193 1775 9123 801 1179 8354
1516 6794 7891 7313 2150 639 8971 9149 4720 9531 4909 1518 1819 7460 8763 534 6469 332 7272 268 3817 4685 7407 4116 9282 4885 1973 4059 1657 9349 425 1684 526 8965 3578 2877 3116 6215 1676 605 6439 793 80 8707 367 4009 7434 7017 5368 3679 3185 8790 8720 1167 5512 7979 7518 9660 5167 614 6143 5625 706 1532 9174 1621 967 4242 916 2527 2649 1564 921 465 7902 5355 7993 5434 9708 7989 742 7043 3448 7699 8873 5046 4763 2098 1079 5038 9139 7810 2148 2477 8674
4474 1167 8511 1681 7514 2960 4473 4936 9434 2901 7322 1307 6637 1353 2119 3713 8114 7783 3433 2969 5009 9393 1313 9206 7866 1043 3936 1351 3589 9544 7820 3023 2445 467 2885 5830 197 4316 1252 5136 7887 779 3234 2029 2620 8198 6593 625 5139 5685 6722 9590 5641 2584 7424 8219 1290 306 3611 1560 371 7853 847 6063 3145 6544 3383 6840 6045 1092 8860 8223 6319 2403 7371 491 905 3152 6790 7503 2052 4760 9631 2454 8984 238 2260 3980 5697 737 2218 7046 3333 1399 2709
4258 6366 1745 7713 9661 2951 1417 7057 4888 9344 60 1861 2641 8961 796 2400 2456 9857 5602 6822 8792 6805 5870 1774 2001 6471 5123 7446 5170 1382 8626 6128 9175 7211 314 8627 9616 522 9856 6436 5947 7218 1615 9401 7073 5991 1907 4944 8734 4977 3581 8461 4459 2982 4807 8288 4942 8599 1772 2103 477 8799 8569 634 9977 1058 3784 9016 6430 3401 8117 7738 749 1300 4411 7446 583 4351 9237 6615 1399 4851 7255 9576 9491 5006 60 8504 7883 6073 7515 1833 5358 2098 7685
3298 1085 8413 1310 4735 3436 2031 3958 1532 9827 4452 5049 3279 4692 2608 6523 7996 9559 2628 3352 7598 8184 9798 9931 3620 6127 4383 7177 9980 8908 6070 9056 8642 5349 3215 2198 9499 6424 4900 7007 6178 857 375 3885 6707 5666 2656 3475 3418 5483 4754 3302 2106 4406 3029 7803 4436 1819 6833 1627 776 7065 8899 2131 4399 4161 3237 3591 3977 3605 9419 5964 3416 5315 6812 2980 7242 5906 3525 8714 2006 2291 5511 9198 5744 6477 5493 3056 2965 6498 5958 8603 9538 9005 6929
813 8114 8213 3745 7178 306 1937 3400 9489 5223 135 7068 4533 8433 4278 7141 8960 4560 9372 8451 9144 2026 9645 7075 9114 788 3518 34 8077 7719 5092 9862 8006 5464 508 3121 9490 3099 8064 1562 364 5252 9026 9909 2902 8716 4182 1187 885 374 3730 4558 8730 8900 7112 6980 2721 7698 5227 2249 1421 7580 4076 6516 3138 2309 7031 7280 1451 634 969 5032 1853 8089 8582 4371 2661 4112 3279 8585 6025 7649 623 245 3893 6720 3191 42 2376 1486 4162 6552 1707 6876 3839
6397 9418 937 3180 9097 9839 9109 458 2232 91 550 2989 4917 5640 5869 9293 948 5097 437 1317 1215 6002 7211 9406 3142 4794 6230 6777 475 2085 6874 972 2779 4213 8155 9279 5542 142 4598 2796 414 6329 8993 8911 897 5917 7866 4122 2569 6076 3073 4230 4841 6040 8207 5015 1970 6344 2058 4965 5033 5368 1623 1620 756 7420 8062 9859 9374 4840 6260 7608 7485 8216 8441 4781 1395 7852 4603 8993 6896 2539 7537 8712 4328 3335 64 601 9144 6931 3104 2109 9402 6676 2690
846 5051 4930 542 2300 425 9600 1455 5342 5200 6210 7529 1984 890 3847 3633 2524 8500 209 1188 8830 1355 5463 9831 9086 4530 1988 8747 2473 9697 2827 7689 6975 1780 3887 4892 4769 8183 9196 4080 1696 7805 4630 1593 1534 2588 449 1247 8028 1380 4043 9541 884 2764 8378 5808 8126 7490 4753 7810 5135 7036 8970 8933 1067 5493 1373 7566 8586 8749 6124 521 6785 6061 7297 1432 64 6781 1634 6595 8237 1970 4905 5848 5476 5025 5852 2199 8151 2388 2261 1981 8115 1550 2954
2010 9238 1491 9599 5347 3055 9986 5575 4013 782 5881 7885 7960 9207 3915 5085 3018 8562 5198 2319 5924 9908 8089 4698 6966 7574 8493 2281 1287 6424 8262 5716 951 3111 9678 5227 6308 5245 3523 7733 5635 7945 3286 7108 9401 7833 7313 4963 8267 6605 9774 8179 9393 755 2823 1068 1987 6413 2371 5506 4609 8563 4885 5855 680 8292 3328 6194 2611 3991 3932 1824 1113 7343 697 6149 568 59 9495 1688 6534 4034 1722 6210 8556 883 482 1802 9598 234 1086 5527 4656 9915 5370
5539 8637 2729 595 5765 8160 6149 9085 2394 1880 5328 2139 6529 5182 9566 2046 4115 545 4927 3125 713 5195 8733 3420 2391 5865 5229 3476 8164 2235 4743 572 5829 2728 7645 2023 389 1788 205 516 8510 9318 4950 4305 4323 5176 8505 2823 6708 6799 8179 8956 9714 749 4389 9173 6843 6878 2384 8388 277 1517 2269 2580 2984 3006 1277 6067 5857 5234 9902 4358 439 3090 2790 1553 6098 2911 7196 3102 5092 519 447 6975 7634 4482 1534 6150 6996 7374 2053 3854 1222 7770 7759
6858 9970 4727 5679 8717 3229 7744 6104 4204 8432 4193 108 9349 2575 5081 8046 9589 5453 8791 6603 9930 2327 4273 9153 8008 7476 6368 7887 9904 1788 9000 7326 3622 8662 1042 2030 5852 5127 9723 3372 3883 9301 2061 623 2851 8869 8615 661 6762 6948 6794 4414 8512 5740 3691 3961 6551 2948 9213 3409 6952 5199 7032 2323 2178 7821 1149 8387 9034 2648 8432 9461 3928 7948 4697 9144 5458 2701 4142 9618 4287 9228 5395 4522 7560 3435 1256 3715 9182 4616 9522 2624 5999 3716 5843
6294 26 380 569 4556 1784 312 574 2660 6432 2379 9896 8423 9999 8014 8302 97 7677 811 7121 4382 8439 2091 5411 2844 4949 2976 1946 537 1228 7086 4313 6158 6977 4032 3038 5983 5205 7836 9000 9561 6360 6408 1905 9164 8032 3462 8482 2668 3456 7540 8552 626 6364 1611 6995 1997 7776 1977 8185 1570 9477 2529 6217 2080 8921 3312 7373 3327 3870 7603 1374 4506 1136 1364 3451 543 6432 1390 5697 3644 1350 7641 2303 4342 1613 605 6851 8074 834 8148 4339 8785 1689 6051
2025 688 6254 415 1622 998 2980 7685 6780 8838 2904 8373 6663 6169 4585 5173 7365 6844 921 7174 1598 8825 9349 550 6072 7254 1466 2382 7193 2760 8025 3338 7504 857 5186 869 8837 6204 5457 6313 7601 5243 1430 4011 1178 4511 8616 1640 6263 7916 612 946 9206 9277 662 4727 1154 7007 685 4183 7712 9977 8644 8774 2141 4910 167 6235 6366 6720 3115 4714 2956 2367 2832 1400 7563 8760 4084 393 2337 6440 9928 2626 1584 4093 3633 2606 1912 7095 275 7897 8790 3350 3917
5029 6091 2746 9362 3692 114 1413 1706 4206 7674 3382 4322 9676 321 8277 9074 2424 332 8637 4314 8290 8318 6116 666 6697 8561 5213 413 9701 5295 8770 8699 5774 6432 8829 5271 3741 2088 543 3418 4004 5356 9181 5717 579 2911 5400 6837 1288 2044 2495 6550 7825 6120 7751 6990 8837 3666 8604 6806 4883 8923 8022 3427 9900 5595 1451 5159 878 8625 8087 8508 4563 2675 2234 5194 2559 2249 8548 2800 6477 9244 8590 7923 8859 4579 9624 2431 3892 6060 5883 2752 2710 7235 7708
1909 6717 7434 8624 7216 7969 2127 9525 2931 7853 1793 6357 3219 5362 2826 9272 9285 9519 2569 3579 7456 3903 5404 8390 6509 8793 4600 7711 6114 4850 7380 580 9618 2776 9656 4917 6806 1240 9684 4981 526 1453 465 173 3593 7830 1455 2994 5855 5782 9659 5515 9012 2127 2071 6398 4138 6784 7396 351 287 2356 9235 3421 8399 5322 5330 5562 3988 6102 8680 3876 2997 6240 291 9750 3798 7243 4675 7194 9979 5181 7817 4806 6525 3231 7914 4280 8847 4668 9673 5139 8192 3854 3268
5317 5169 2367 8469 9081 9392 4077 7388 3409 6015 3749 1874 1046 7798 4607 7478 8274 9149 9588 5009 9355 9835 9533 4004 7618 2586 4109 7564 5725 5115 1355 4631 6194 9261 4782 7522 8676 2847 1513 5656 8303 7896 336 1506 4286 6107 6586 3841 1942 2942 5396 2152 4631 8551 2034 9641 9441 6315 1791 4774 5928 6244 1198 3080 5021 1645 9917 6666 1418 2314 2139 6249 8126 4815 152 8364 8356 5592 4264 8803 19 9493 2230 6595 9434 5799 8899 5049 3497 3303 5079 478 523 3629 7119
600 1287 2759 2258 1770 2920 5381 2025 7733 6126 8230 7312 2920 4659 12 1551 148 4447 1804 326 3367 9659 9506 5340 7389 2760 9049 2391 616 3951 5342 5635 7101 2579 2251 3090 7915 2284 9788 5109 3566 8287 5152 710 6301 5471 2883 2640 820 6688 8714 3574 3969 6538 765 6007 3580 7909 5061 5695 462 2346 8621 1458 4909 426 1742 6839 6183 1432 8798 1231 573 9373 1318 9559 1240 6118 9349 5338 3502 3609 6032 9718 5350 6983 1416 5093 6387 4162 9270 1381 54 6731 3523
9625 7215 1757 3104 1290 6885 9979 2229 7391 4428 6659 740 3888 6716 5682 1489 9365 2736 6128 4589 1803 773 7475 5524 9392 7612 8048 5552 2329 4559 5274 4229 7416 3457 8308 9713 9721 916 562 7498 3402 2127 194 5616 9499 567 5281 2046 7434 8770 7862 734 8005 3299 1584 3823 5566 8244 4922 9089 8246 1687 6550 9004 1763 3512 6009 7874 3777 8982 8173 7799 6762 6095 8895 6838 6677 8449 1249 924 1390 4917 2204 257 9858 6298 9233 6052 2837 2377 2406 7138 1830 8364 2680
2578 8021 7967 5400 2797 1186 1436 7888 4364 6959 6749 5072 5123 4947 7220 4522 4270 9437 484 9317 6992 4854 9865 4920 5308 4611 4363 4710 2103 6654 4881 3898 5540 2175 2109 8185 1817 5022 5731 668 9495 1775 7651 3477 6124 9632 3486 3724 5509 3493 4022 6013 6136 6017 48 9988 4725 5577 6474 207 5769 2595 1345 8217 3454 4906 2416 5487 9111 6061 7404 5869 1042 6831 3759 2661 3924 2611 2630 8920 2500 983 818 7161 4791 712 8889 6927 9594 4322 5060 1299 4961 6716 8560
1392 2688 5815 9340 5468 5012 4751 2954 7539 7396 1490 3526 5457 3235 387 1808 4278 4307 3750 7476 4853 2741 1291 2572 778 1790 1808 9985 7704 6680 2289 7541 7227 5891 322 7536 7549 5034 6483 7544 4531 5567 9879 4885 8565 3965 1728 3855 6008 7888 9506 5630 2534 8693 3806 6728 9873 8107 9382 5945 7496 6326 771 3481 4341 732 202 1801 2972 8613 7593 8929 2631 9365 8019 2621 4009 7796 8118 5435 759 8195 3071 1671 8765 4336 9417 4637 4840 3282 3315 7574 4584 6888 3246
6255 1853 7295 3161 4924 5909 8243 6976 1692 9051 9101 8371 5322 4392 3182 3823 2589 581 6851 3901 5006 6636 104 1109 785 3462 2939 1726 2652 8139 1072 1624 6064 8321 3183 3849 1665 9934 2911 7627 9408 421 2204 6909 3309 6402 6338 960 309 1738 3825 7426 7364 5869 1205 6140 4975 3614 6702 9091 8537 7757 9389 4229 8611 1222 6496 4791 1261 1653 7661 840 4684 8405 1702 6901 3594 8334 4427 6893 3908 3407 2256 90 858 1364 1073 7427 1311 5815 2815 2809 7509 4801 1815
3268 495 9894 5984 9131 7905 7952 4464 5278 7865 4295 5239 5456 1302 1125 9408 6352 7283 6430 1692 9269 7041 9141 7668 4284 1452 2321 9787 3301 3570 8104 2700 1782 4461 8459 4087 9010 8969 7528 5860 7649 8551 1414 4017 8948 8109 3046 7288 433 7104 9458 4880 5834 7932 268 9644 9061 1211 4427 5746 1952 4682 5749 3737 1159 5459 9987 6323 5098 1426 5444 4660 7068 8968 8441 7101 825 4742 1209 6313 9795 5725 3132 8455 7418 2053 7130 1759 4859 6597 8728 9065 6961 3200 8001
130 3881 6615 6424 6954 2757 1168 4228 2599 3961 2855 6636 9511 9742 271 1090 5748 662 815 5409 9245 1055 7454 362 2009 7106 7539 8488 5745 472 7256 1230 2910 2896 309 8173 3177 4688 4659 5387 1169 6739 3814 1312 1987 236 3744 4375 7668 2994 279 8041 123 6797 1527 5857 669 3064 3701 33 1573 3640 9439 5155 1934 8538 9034 7190 9274 5221 687 7445 4140 9726 3741 7724 7383 9671 427 8011 9507 5054 8271 8512 7594 7530 671 2831 5748 4457 449 4101 8236 1370 3302
2231 4013 4036 4128 9928 9168 8718 3563 5354 5583 1004 632 103 7066 3132 8775 2736 9803 7791 6506 167 8193 7311 1694 9517 9221 3443 4336 2468 1208 8485 6667 7164 3520 5298 8979 2460 3006 9738 2909 7561 4772 1172 5570 8151 4087 3857 3453 7190 8252 8874 3509 2017 1839 2207 2240 8667 7716 5217 4996 6760 6894 4852 7840 4871 7309 2614 242 1356 7323 1666 7288 1936 5409 2703 7976 8547 6682 7992 7936 8663 3947 260 637 7533 6752 1294 1733 7772 9563 2748 4981 2702 8828 3308
8668 9393 8552 3610 7945 4549 1053 2250 7962 4559 6235 9143 1847 829 6265 5326 3500 9923 8249 897 968 4600 1340 6659 7347 6738 8969 7311 1327 1048 2337 6830 1874 2517 2842 1440 7654 3011 3904 6750 5836 290 2353 4425 7375 6157 5562 6274 3395 8242 7498 3583 3887 8845 510 1505 6653 804 3887 8011 5143 1537 3391 3697 7502 7852 9605 4982 9577 7120 922 1553 7094 3880 3714 4262 44 6201 7539 4494 1847 3556 2366 6924 1368 1959 492 1137 4782 9014 6635 7001 414 7376 8879
9043 4165 851 5939 6580 3200 5973 9649 2072 800 5168 4951 3381 5670 8758 1218 2692 5247 6976 1659 1842 8576 7786 1778 2596 8926 9106 3582 3231 7947 606 40 9780 2081 3136 2399 2296 8713 9453 8346 9458 5971 8045 7550 4721 5671 4916 3526 250 2057 4111 1689 7517 9612 9841 367 6076 9310 9437 7640 8042 4398 4871 6230 9699 7758 826 748 7045 64 9248 9790 7709 9727 6981 4293 5508 1182 9359 3759 7448 1595 6560 3746 8869 9384 2115 4186 5345 4683 4749 2378 3451 2143 8104
3969 2228 5686 8347 9232 444 1673 7837 2005 7156 6639 3268 1128 9078 66 1654 6264 9913 7615 8143 3754 8973 6075 3111 465 9855 74 1585 3595 7803 1378 5757 5035 2914 3078 5873 7809 6946 6405 2092 9434 280 2541 1816 9529 7449 734 2249 5714 2393 1221 5225 7272 313 4574 3251 4992 5322 3592 1403 7352 959 5146 74 2044 8379 529 9263 7500 520 8079 4649 6946 9686 2825 3727 4921 9591 8000 2406 2529 7036 923 1239 5393 5146 783 2546 8216 8806 1771 4521 3597 5051 6508
2676 7134 8560 2181 2692 655 8497 8741 5594 5047 2995 8752 14 2144 3190 2933 6303 1113 3569 2711 6369 9060 5167 3566 1381 4621 6401 755 5452 6445 720 9476 9394 6239 9085 7907 2474 7473 2764 9660 1889 6837 8754 8161 3451 3761 986 6575 3411 4079 241 6503 6104 6151 7652 8933 3567 8275 1903 7860 4679 7146 9275 8687 1747 2705 8460 3410 5003 8857 9995 9923 5578 8604 9722 1037 3300 7331 6802 5076 1634 9437 322 2758 2331 7455 1381 2136 6203 1248 6556 5874 2741 9798 8965
7926 8253 4548 7552 8321 2563 4326 7382 8969 3822 5226 4911 8885 9212 5423 6277 1417 2665 8344 5607 8620 6605 5989 1632 5738 4763 8036 4260 698 6618 890 1812 8125 8098 8642 5927 7441 5197 8056 4718 5277 8535 6998 3760 1217 7402 191 5215 8023 6721 403 6246 2127 6367 1756 6395 595 635 3728 8261 6409 6887 6879 5292 4637 6161 1248 964 9315 2927 1623 5587 901 9707 9729 4308 6362 1064 4216 6047 5411 5516 8488 4365 6016 8013 8246 702 6776 5958 3753 1290 1296 6308 8332
8855 9046 210 3117 5097 2916 5212 7038 2380 6284 3900 1939 1460 5732 5205 4117 1984 7925 7262 4925 1899 6127 5790 5733 6312 1832 3552 1927 771 7636 4734 1600 1249 5849 6312 3321 4068 4611 7948 1649 9429 3022 3213 1294 4762 8687 4036 6203 997 447 7540 6644 7611 6205 5337 4904 8414 5558 4171 8658 8823 4042 3450 5408 9898 6297 6712 1479 6769 4465 301 1577 4728 9582 5536 9151 5074 5233 3681 7827 4297 1015 7335 6361 5571 9942 8988 1260 9770 8221 5356 9023 2230 1053 5428
7148 2107 6946 366 9539 5344 9902 6171 2380 5971 8624 9585 4619 9561 168 5584 558 2820 5939 4747 3454 5320 2379 3269 3322 6745 8510 9380 6460 3630 1120 8836 3472 7463 8696 2527 4288 4752 451 4995 1948 2537 2415 569 7937 4076 2700 3691 8476 8562 5876 9504 4637 8231 8620 5328 4567 2633 4036 8550 5388 8167 2187 4056 99 5998 3322 8643 2305 6000 8899 9688 6370 2256 7387 7810 7674 6126 6841 2732 3560 12 7402 5397 7771 6795 3032 4889 8986 5720 1691 1257 4526 2623 7103
8509 9221 8514 2498 222 8130 1776 8141 27 7806 4601 2920 9064 3012 6496 7129 1400 5252 960 8978 2185 1532 3596 3693 9271 2356 9968 6100 2262 219 2387 2537 8486 7337 5892 7433 1169 3868 164 9660 9385 9206 5417 7351 3333 1663 3276 6113 520 2192 8748 1069 8187 9827 3434 5792 8607 1007 1116 6075 911 2499 5060 5467 1803 4078 2247 5365 2442 596 9625 3484 5435 9005 9305 3138 7485 3759 8992 5222 3563 1469 9121 6828 1749 2679 9846 4110 1644 1636 7709 9186 1208 5803 8572
3852 4956 8786 5859 441 6076 8370 5987 3042 4645 5406 3451 2907 6849 3613 5128 1527 7115 2493 7642 8553 6163 3783 7811 6536 2056 3165 2 8108 8879 5301 7320 9808 8688 4169 5258 5850 4654 4355 9256 8691 3321 564 1390 8147 416 604 4183 5988 2875 5443 579 1532 2853 5820 9677 6090 9890 9446 3587 1054 1956 8208 6868 8483 4628 8249 9402 4404 9690 7351 9658 8956 2989 1583 3738 1495 2554 297 4953 3497 6943 7715 5083 9756 4281 6563 4471 216 3267 6994 8040 5184 7937 6151
2994 2677 6552 8550 7067 9708 7577 9210 2704 6662 1945 6047 6169 7208 6818 7106 4891 3015 420 5375 6910 2745 6598 5858 5808 6259 2135 3966 8613 5897 5657 3036 7940 6060 6816 7835 4442 3411 3076 3261 2366 4762 8421 2921 5129 3820 4395 6190 2629 8567 1323 6426 8093 4460 5917 4050 2723 5463 5648 603 5529 2850 6166 3394 1179 7690 5924 6440 6152 8543 1937 5705 8483 5934 4612 2866 6338 4137 4559 7627 3482 1706 434 9108 3111 5050 9586 9742 9814 1401 6345 9388 7873 894 386
5176 465 5053 9854 8579 5587 9991 3530 5484 7677 8491 9090 6145 8392 8373 8761 3100 9750 3268 7853 6770 6600 7354 880 9660 4469 2623 160 5590 2672 4342 3114 2619 948 8616 3245 2448 1858 1555 8243 2147 3857 2031 5631 4263 1037 9101 8853 1158 3980 274 6410 8366 3762 3390 6238 4361 4717 2496 7013 2553 9479 9486 9543 8031 450 2503 4313 9409 5355 9494 9965 4023 6540 7103 5653 9187 5486 3127 1093 8314 5729 8561 7370 9293 5443 3126 1811 183 1866 2715 5552 2475 7324 5924
6633 2049 1472 5488 6915 4833 1494 1849 6702 2377 1923 2628 331 1878 4847 2262 6263 6175 2889 9589 8833 8428 5490 6842 9610 261 9629 7892 2194 8144 4901 6829 9498 6931 3044 666 4338 9945 1471 5008 3151 7938 940 4521 686 579 8742 5627 6619 8821 243 9317 9856 5111 999 195 6134 5152 5826 7987 9298 690 1488 1475 9230 5270 3591 1011 1187 5863 99 1582 1637 6152 9107 8442 5590 9586 9222 646 2284 7286 5550 644 7245 8755 5769 633 3694 5154 366 9939 9728 8764 8195
4128 3362 9827 5464 3150 7476 3720 1902 4032 1784 5671 6622 1238 6474 7082 5891 8670 3636 8073 4603 2673 816 5884 8353 8259 4546 8612 620 5918 2316 8860 8794 2344 9934 901 6575 9968 8526 15 3226 2878 3845 7200 3560 6674 1298 6554 229 2339 8189 5282 2783 9689 3012 6036 1771 3093 7025 8741 3058 8448 1337 2415 1321 8407 6652 4138 5021 8035 4778 9873 1949 384 7010 6236 4634 2814 2115 7005 2317 3931 642 5852 3404 7607 8706 7598 3103 3346 9307 803 2288 9856 8783 9719