76 19
8277 9538 572 4898 3155 1141 8301 7642 8600 3784 182 1674 752 1105 5862 9401 6428 7314 2357
9002 5175 5576 298 1090 7356 5746 3070 5133 1876 3122 9155 7095 664 3398 3244 4584 5227 8129
980 8545 9127 9878 3064 2875 2109 7313 2048 1947 581 7585 3393 5864 7198 1647 4439 8043 352
5625 8112 2457 9276 9935 1286 1129 8983 9612 9222 2471 4556 6545 3069 6484 1181 5395 2425 3126
5361 9241 9416 7662 946 4577 1825 814 9093 2486 170 687 1392 4966 2805 602 4108 8051 5775
4806 2209 371 647 657 2091 1050 2194 9736 9244 6107 8229 3717 8009 4101 7218 5040 3939 3918
2601 8849 2866 7454 6513 2154 9917 2933 1239 3441 6508 6981 720 9010 4085 9041 2760 9350 3112
5607 8768 7023 1776 4558 5435 4813 16 2745 9397 5581 8676 6204 6208 21 8646 1415 746 6694
4519 4475 5266 8154 8868 4577 197 486 5639 1497 1269 3852 8922 256 6150 1481 6220 2021 6857
2406 2264 9171 4873 8365 7854 1024 7194 6222 641 9502 4414 1853 8301 4905 8674 6627 3440 6014
4031 6547 4740 1379 737 7678 2002 6362 4231 5770 4914 8750 1628 6216 6065 4456 6068 3864 4873
1645 3500 2814 887 1181 9012 3197 8881 4082 5209 9543 4677 99 7873 2933 523 1681 8515 889
884 1056 2817 7945 5482 6609 5883 7070 6301 3662 4511 6479 6371 4475 9418 8795 688 5413 5952
3579 19 6901 9466 4396 6364 2685 7770 6150 8872 5817 6932 1163 7027 7061 8580 6447 2431 7049
6769 2963 2090 4286 3597 986 1715 3299 7329 5984 9643 5156 1862 5978 6926 9674 7040 4200 2975
5635 8791 2424 7627 8679 2319 2341 6728 1113 4690 8218 2341 6040 5458 1067 2201 6775 8740 9285
8173 3916 4083 2541 217 2078 5917 4363 2552 3473 60 9766 6766 7420 1640 9796 6525 4308 1456
1766 9314 4569 717 12 5658 6757 3098 800 1697 2953 1688 1865 6793 4239 5071 2387 6135 6755
7588 4816 3394 1945 9610 675 9354 1881 3004 4964 7318 6331 7993 6454 2687 9289 7736 9922 9628
3138 7282 6209 945 6364 7258 9134 7213 7151 5918 20 7221 9182 9262 3792 7709 996 8210 3695
6366 9073 7325 2495 3782 1520 4077 4169 1129 5029 5984 1468 771 6164 1209 9927 7663 2832 5413
2131 2557 6902 3360 2882 8988 1810 4972 6447 3197 3805 3223 8726 5603 354 1170 7442 9041 4233
9652 5739 6187 7177 7678 3386 3173 5170 3482 1597 5354 6713 9149 5849 5278 5692 6483 6051 3031
6362 7194 3466 6310 1193 9713 6943 7004 3109 4335 7811 8088 8164 6466 4981 3393 4399 1507 8539
4620 8607 5476 5412 4164 3172 5264 5319 7158 8411 4223 2688 1208 7544 8871 3959 1065 7578 1613
5694 1020 9476 866 2755 5300 5077 7760 2026 7615 2231 8376 3461 1797 9660 7878 3720 8256 6517
9172 8120 4141 7669 2629 2884 4544 8649 7777 8803 2145 7077 6315 3553 8850 530 8283 5699 494
4111 6271 9126 9170 1510 698 9744 3923 4918 8215 7985 305 4271 7513 2347 8294 668 7750 9958
3870 4513 8591 2642 5235 1480 3255 2014 5898 4703 2058 7884 3443 8478 2869 5070 4831 5143 9287
751 9315 4663 706 7923 1058 4406 5486 2716 2035 3649 2692 260 1418 6772 4813 3514 2094 1449
379 5373 9794 4566 683 15 4728 5744 8434 3528 1224 1237 2520 1318 1067 7566 5696 5526 5002
8787 664 5838 6840 8978 3569 3465 6232 238 2907 7353 9355 1715 430 9087 705 1893 1935 7106
6358 3149 2310 3586 728 185 4763 6659 9987 9379 6814 968 6972 8378 2056 6955 3506 7147 8392
8064 1366 4143 344 4364 4232 4483 3151 3532 5340 9366 7285 667 383 7853 6828 6066 7840 7510
4239 7683 4915 3679 6034 1019 184 7942 4118 7428 7831 8753 7537 480 6871 3620 9040 7158 5908
541 2972 5461 5734 5434 8530 5648 7376 3534 4024 9786 7315 8357 7689 6111 3223 6686 6660 2668
2028 7923 8322 8544 2222 3237 3957 3477 7661 4739 5371 6536 1302 5005 1193 6431 3808 8760 1355
4286 7189 1376 5110 5919 5869 168 1834 1938 7911 8965 6530 923 4860 3893 8935 4018 9626 7708
2611 5635 3069 3140 3487 6882 7916 4998 2384 8589 434 6762 6918 3556 260 9647 1573 2726 8905
8884 9943 2932 6310 1465 7749 6799 3171 2748 6362 279 7072 9554 1138 9861 6859 6944 8271 3068
5439 2958 6050 6775 6430 7518 3355 285 9461 6532 6707 4947 7793 4586 6365 4745 7802 9764 2101
4046 9392 5503 2375 3834 8293 4958 5653 6093 7196 6394 8642 7322 2376 5629 2158 6890 6218 6303
9526 1477 1913 1402 1009 1974 6153 1265 7335 3459 7565 1906 4037 4261 3274 6238 7247 1824 5398
5950 6930 2946 3269 6637 6786 6178 5741 1709 8572 1403 9999 8916 1522 4274 1312 3545 5774 4748
5797 32 6724 8604 1119 940 8159 7204 6493 2633 9258 9263 7184 5990 1157 2072 6956 9801 4771
5367 1570 5964 4918 1332 8105 8811 7763 9631 3512 939 4599 3160 228 4312 6575 32 925 2006
9517 1689 2107 5518 6491 9275 3818 9412 7089 557 3297 4466 2624 82 986 7821 3057 6491 701
7755 2640 6001 9643 1628 8186 3546 6103 9075 4628 5045 1890 6083 1339 3339 4161 7402 6280 9957
5685 1437 1784 4224 4919 1845 8881 8253 1954 2494 7679 7543 4512 9845 17 9489 3552 4299 8925
3164 2811 7898 2319 1943 6334 8173 6038 185 1636 4255 9398 3876 808 5431 8740 262 4169 9947
3453 7894 7260 635 7801 5343 2026 876 83 887 2382 4113 9723 5827 2770 713 9660 2939 6144
6436 5620 2891 4725 3793 1538 6340 4274 3402 5929 5385 5576 3658 7102 1401 872 7957 9764 2438
2403 2441 3097 7261 2316 9216 8101 729 8475 9351 5489 6029 4027 5750 8142 8638 764 8391 8492
5047 7602 7786 9916 8644 8383 1859 3421 6025 2771 2939 1562 5622 5019 3308 8242 3149 8192 168
6767 611 1726 2287 8231 64 2303 6845 345 733 8374 6792 437 8919 9094 8125 2442 6506 1513
9966 8192 6131 9568 8079 3316 6866 9791 2892 6918 5598 6088 1314 7578 9056 9953 5683 1690 5501
4667 7642 5995 6192 5185 1843 12 7528 220 9561 7623 8566 2510 5359 8633 472 3082 4697 3554
4662 8087 8850 6524 1865 1990 3954 1751 1755 6215 676 9564 6294 5623 3652 3926 3661 5298 1399
665 5122 1015 395 9947 8285 8166 3403 6662 7043 1597 3960 8436 2810 3716 6766 1213 1058 8736
6774 5412 1667 6123 1228 9605 530 451 3405 2942 8566 6908 3245 9376 5900 5003 3573 5852 9208
70 1245 392 6613 3245 5615 6965 7057 869 9095 6416 2043 5002 2007 9768 1239 8491 9317 3683
1209 7930 7588 9646 7004 557 3876 8803 8602 6902 3774 4156 7663 1213 2661 678 4178 9882 2974
7155 8827 2499 6727 9914 6600 2380 4664 7565 6027 1999 936 3374 4578 5838 4449 5889 6624 9547
7421 4532 6471 7123 2190 9037 3310 8068 8051 1204 8824 7666 2520 4854 7824 9032 5567 4513 7813
961 4050 1727 9823 4070 1647 423 6839 8093 1625 1817 685 8300 9271 771 1037 2085 2437 9299
6392 7358 9716 8142 4782 4959 2025 776 9322 8778 1503 9308 5877 8982 6951 6176 7482 6213 4638
1070 9461 1149 9683 3126 8462 5064 4450 7239 3129 7072 3441 5599 8356 2655 5644 9277 3282 517
8782 9926 1902 2689 6838 902 9285 6096 6187 2148 1717 3211 3608 204 191 7586 8978 3152 8665
7574 5079 6960 8308 4971 7723 3381 7746 8885 3346 5138 5944 5838 7604 8602 5537 392 2989 9960
2642 133 3358 363 26 6037 7181 8234 5068 215 3066 8413 3785 3792 8107 7196 9348 6371 3211
813 9361 6653 5331 2541 4223 2377 2955 8841 7668 312 3665 6872 1117 5039 2066 9848 4539 7550
4649 6671 9704 8933 7112 9016 2219 3737 2485 2600 4372 5268 9412 4952 9396 7967 7479 2160 9014
5747 9699 5459 6727 6678 9518 9900 3717 5102 3022 2230 1295 6346 9423 259 4400 1560 6153 7044
482 1388 8602 4639 8934 8474 7666 3333 9836 9769 9671 1848 7358 3904 3596 5267 1192 1491 1958
4171 4608 6150 8688 1452 8920 8313 1947 4252 8451 5460 2475 3405 6901 9219 744 6059 7008 2804
2413 2608 4419 6536 8312 2324 102 2380 7163 5236 8820 4205 9693 8063 1569 4059 7341 8133 7452