75 60
569 3092 3613 3674 5777 3109 945 9904 9885 2706 8809 4685 2077 9163 9096 4232 7653 536 6927 2562 3167 6349 2527 5711 3793 7198 9470 7239 3415 7247 1764 8242 4366 1434 8960 9132 289 9202 7859 7936 1574 199 351 56 9705 7746 7827 5999 6895 551 824 3996 5597 6743 4649 8375 2104 7830 8893 7040
8391 7545 4036 6741 2788 4045 3804 6220 7421 4827 6075 8889 5336 926 2867 8013 3085 6813 7485 2916 9245 6768 218 2068 2281 1566 3165 4054 2896 9902 6793 4713 3507 989 8236 6824 3373 4158 5659 7507 5343 4688 8294 9819 150 2492 6657 6707 2242 5896 7356 9719 3616 7587 3882 3518 5652 2157 3223 8818
1669 7808 7501 8609 5305 1278 6889 5162 7614 9955 3584 4532 3759 921 5637 8723 323 947 1006 6035 8586 5710 5326 9044 3707 2236 8879 3160 3569 6345 3783 330 4831 372 452 8597 1736 7254 7026 196 343 1783 6040 6467 9641 6491 4957 6771 3941 108 7280 4813 8976 4462 6379 962 9404 1547 4083 6117
2205 5816 8787 4424 47 8280 1967 198 8546 7680 611 3325 6000 8300 5385 9987 6257 4681 4324 2996 2651 886 9007 9112 481 3155 9269 9293 6319 1866 6183 1754 6524 2466 3055 4747 8519 6460 7737 2841 1726 4781 6176 5376 8345 2125 82 7657 2197 5541 6902 6760 8331 1993 7756 6512 8590 8517 6521 600
4173 1895 3986 8585 6362 2969 6698 4294 8373 4466 3261 477 9276 5967 5072 2198 13 5070 6097 2021 8710 7694 1371 638 286 9113 9540 3585 5981 8712 1832 1889 8816 7676 5718 1210 5915 5218 9594 4751 4133 4863 795 4301 242 4346 5626 3609 4302 5984 238 1950 8288 9155 4420 1517 1985 2324 3806 4521
2540 1376 9727 2961 8324 4822 9603 8600 9253 5121 7494 9362 1571 5684 8135 7907 2760 5969 4122 9266 3786 2326 7586 1338 7248 3344 2317 8326 3830 5405 3816 2426 7881 1824 6047 6945 4308 6657 5045 163 8120 9844 2405 8518 3279 7119 9681 765 2802 9391 2470 3198 8672 8531 502 9866 7885 9289 5553 5462
423 2329 7704 7999 3733 3862 1122 9803 1321 2293 6833 2567 4569 6478 2645 7694 6735 3256 1187 4044 2683 6894 9942 2211 5739 8932 6311 2097 7049 3670 9633 6311 2070 9115 434 1432 3286 1638 7542 8708 4785 8212 7081 9415 2284 4579 7078 2241 8960 6783 473 4963 8324 78 6927 2423 7555 3731 7806 219
2219 1383 3773 2610 1123 4308 8767 1762 5869 4202 807 7165 5904 6338 3740 3552 215 9613 5814 3010 8335 2107 3473 803 7260 8367 5449 256 8112 3232 6939 700 4795 3263 4416 6911 889 3443 7956 3287 3446 7327 5878 8351 9059 5614 8765 7294 9901 5813 9301 5693 4095 9449 810 8366 6735 3052 5568 2375
7636 4282 7815 7134 9615 2840 3257 8141 3404 6013 2972 2993 1348 1591 6460 3256 6247 1757 8357 6868 5490 2086 8771 3534 9711 8962 9994 9390 568 1410 5105 3128 1441 366 7751 7845 2589 7673 3850 9695 826 2088 6685 7041 26 9411 692 2207 970 9432 3638 8794 6051 8004 436 2297 7465 2050 7361 8882
6024 4153 1669 5132 1727 26 7627 4948 335 6973 8268 9051 6367 7780 4007 4796 398 9151 7964 1250 4164 6550 9108 8331 3136 1412 7232 2600 5790 3886 2763 9461 9705 5376 8963 9315 831 2582 1702 5796 1640 1853 2967 4273 1131 2907 8847 556 5870 1710 8606 6011 4804 2068 8129 3709 8622 3022 7797 311
8081 4601 8065 7909 9812 8434 760 6555 387 3033 6515 3630 6960 2123 5605 8749 7451 9617 5557 6337 6002 816 7931 7854 2927 347 509 9034 4677 2295 6222 6964 1309 6809 3369 8616 4557 4078 3591 5973 8772 9427 2139 8659 5179 6893 1544 7123 9534 3364 2159 1367 4348 292 3118 9567 4835 7725 9501 5286
6822 6379 5027 1998 5144 8815 7286 1820 9571 8702 1774 2855 3251 6025 1588 6075 1559 1351 9364 3092 1948 7476 2785 4600 9862 2274 9186 5996 4313 9979 3867 8049 6285 1314 773 7570 1256 9738 6044 9571 9651 7639 4251 5450 9850 3041 7973 1653 6785 9758 5109 2391 8797 3703 8828 3116 4734 6097 9324 8498
3268 4325 958 5556 3829 4191 8539 9302 3455 9377 282 871 8926 6339 3895 1379 468 5134 9936 8676 7387 745 2083 1801 163 3386 2094 7238 7177 1740 2915 7182 7803 4461 5467 6701 529 2940 5544 7013 8239 1812 5354 9284 3739 4859 9842 9273 2751 2800 4078 2789 8230 7438 962 1518 4128 8459 8026 291
3171 2190 8648 5037 6227 7587 300 9671 9589 6481 6255 2234 2647 9378 9640 44 7048 2312 2569 3366 1538 5952 119 6434 39 76 1283 9078 4870 8361 6607 9041 5336 9567 3468 5793 1110 316 4281 1473 6033 6527 8451 8767 6933 7543 8964 4640 7958 7941 3354 8955 5775 6500 9903 3731 1457 9911 9726 5162
8464 1914 2791 7536 1242 2843 5929 977 9698 6986 3279 6312 5697 192 1975 3949 3997 2781 2451 5085 558 2885 3702 4219 9238 5468 2428 1726 9788 8541 6324 1107 4301 9754 8928 2857 7972 3186 2638 6317 2324 3956 7646 7646 7231 4803 2378 1439 1024 6373 9111 162 6079 5584 1346 1183 2749 4503 389 6207
800 8905 3334 7923 2739 1321 2726 7028 9024 7543 5020 1823 2502 6008 3778 7755 466 3696 347 4421 4193 9197 2614 2101 7956 6164 5495 6500 782 7992 9190 3612 7595 8659 9930 9117 2728 8632 5617 9802 5038 1199 2191 6749 1797 2132 9916 552 463 9230 7221 2950 6808 6932 1862 8622 3530 7842 6170 1421
7667 3967 9840 1740 19 287 1996 6977 3478 9880 5587 2812 2995 8284 36 4309 1584 4106 2578 8127 7941 1115 6481 5461 6035 2877 3555 485 3751 6300 5877 7708 6082 2329 7454 1754 3810 9896 4765 1034 9450 8884 3634 7223 3091 7225 2701 623 3542 3529 5711 6908 5668 5092 5715 3345 7032 2856 5712 7672
3289 3709 9755 1476 2244 8332 8423 5250 1488 9089 7676 1384 1905 5472 7199 7668 758 1499 1167 8163 7681 5578 3945 1149 4094 9848 3509 5163 3186 2575 3249 5945 4225 4048 667 7407 3138 9803 3633 7759 6524 3301 5157 2193 7089 9734 9956 4054 3741 9330 8567 2608 1592 1465 7953 4180 8160 6048 7657 6398
4954 9620 3447 2031 2128 1563 3172 6129 874 2680 3177 3379 5665 8699 6842 9530 2408 9352 3975 6745 1448 4613 2243 8479 5794 6939 9009 7625 5096 68 8625 8794 2198 5430 984 5023 6541 4175 936 2330 8584 5043 9083 4909 565 4523 5779 3969 1072 5103 3051 1054 3280 2701 389 6760 6150 6110 8881 7944
25 3715 2477 1259 5849 3137 2883 2188 1241 4097 5246 8705 167 2949 1471 8873 636 1551 2869 6639 6072 7978 9683 6397 3856 2658 75 1549 7577 7284 5977 7899 1043 8314 1668 2587 1959 9311 1706 5863 4846 5144 4224 8580 5357 6364 3045 8327 9366 7250 2570 2509 2506 8929 2983 5233 6723 1469 3444 8034
4910 1578 4492 9908 6077 2294 9699 9695 7246 9540 4971 4613 80 2023 1542 4575 9103 487 8042 608 5696 8189 2436 6984 8813 2304 6042 26 9668 6577 6261 9560 7707 9078 4224 9502 5049 8015 4150 4739 8795 2894 3583 5938 4521 6976 1040 9953 3885 2846 5382 2516 6735 6936 8403 9511 7548 3496 3223 9073
5123 4187 3308 5162 6908 9857 8717 3430 7754 3046 28 474 5086 3587 2655 4955 5372 7492 1266 3810 9745 7592 7753 2256 2156 3200 2947 5785 7465 1057 1048 5683 625 7093 4467 8265 8631 1037 4776 7307 8335 8683 9157 6793 419 9455 9085 2293 4694 9157 7479 3528 2596 1733 3344 3700 7494 2834 3390 7731
5465 9382 182 6792 1388 2745 5041 3405 5383 256 6862 7744 4198 537 2479 7751 7352 7640 1498 4684 5505 5263 5386 2486 778 9349 3189 622 2793 7174 8427 1538 1949 6253 5159 5583 2748 5212 1163 2866 4450 3735 1051 5930 7302 2209 6592 4856 7251 8320 5178 9089 7416 8271 9859 3607 4488 3272 1849 3512
9942 4635 2808 9481 8786 3086 3125 3014 2792 9196 9821 1990 9562 8550 8810 901 8324 9332 2273 9735 3659 1939 5456 8857 2458 4371 6535 7464 8635 6718 9602 3993 8248 9099 3403 5022 7745 5379 8178 5329 6099 5517 6580 8571 1838 5084 2346 4836 8106 1669 4181 9773 6471 9475 7437 7480 8320 3095 8870 9530
9606 6294 4445 3732 7408 3183 7844 1882 7028 9814 667 8842 8759 8130 7810 3392 3270 2091 499 3758 2893 9039 1563 6239 1976 2379 2842 5365 3655 8419 1512 9871 8204 6681 6044 6278 2433 543 7380 9783 954 298 2434 1054 6243 9671 6652 1571 6895 107 418 1518 7465 527 256 5097 6990 9693 7429 8002
4161 3992 758 6392 4464 4598 397 3380 4576 4824 5400 4578 4283 9804 93 6878 9167 4532 3503 2682 9326 2526 7097 4530 2561 1588 2027 9809 1817 5761 4539 3531 3760 7272 8380 5837 4237 1106 4852 1816 5664 7997 4985 3487 8549 4109 1327 3477 5519 1214 8890 3374 9575 9446 8641 4228 4342 562 7484 3611
3025 724 8474 9335 9183 8690 6394 8488 5407 3424 4506 6892 9545 2037 898 2254 4642 5243 889 1009 4236 8392 3525 8059 6302 3154 9679 2316 4196 3878 4870 7137 6165 2873 6546 2262 9275 8843 8074 7357 450 6557 5969 6607 3074 4365 4792 8809 3820 238 6179 8758 5465 515 7707 9968 9443 8770 9810 1513
2625 5480 6644 5138 2204 6570 2990 5894 3562 3594 4322 3938 1740 2975 6058 8950 4711 174 3694 7680 8824 652 1800 1300 8158 1803 8903 193 7994 6736 944 4573 3385 843 7652 1621 1309 1969 9605 5278 400 3491 1419 241 2908 8651 3880 6795 8267 7759 5772 4721 4883 2609 6621 6784 3243 9838 7458 8960
2538 9164 4996 669 4812 3128 8368 9316 4964 959 9111 6187 8879 3296 2085 6486 9198 7627 4855 1569 5392 5103 890 1897 3521 647 5741 3821 759 7149 7281 5954 6684 1191 2687 4882 5572 223 1023 4346 907 2939 6983 1271 4408 2309 1768 8283 1232 2366 1314 8575 5758 5629 4307 3527 7658 4496 8293 5494
2817 3534 9914 6839 1889 1903 2845 9040 2444 7688 3952 6907 5871 9573 1164 9780 5556 118 6662 5335 1501 6204 8458 1337 7492 6471 1027 1280 1842 5972 4905 4614 8080 7782 2618 2073 1954 3036 3330 2094 5587 657 6981 6562 9289 5993 5554 5773 2975 5229 2204 1784 7090 4471 7203 643 1761 4798 9217 1473
3357 3693 6782 9896 5292 5110 8940 6395 7570 2533 8642 2889 9035 9005 7429 3825 4087 2171 4965 7156 7397 163 254 7523 4580 6059 2381 8465 7533 9473 9391 1666 5077 4659 1766 4302 4647 5333 3588 9482 7558 2387 4370 4835 5510 6992 7498 4450 3151 9287 3453 8668 7203 9450 5075 5422 3103 5233 5194 2715
9320 4713 7924 1050 9125 7752 3518 2735 1170 9379 8856 5354 7833 8875 4945 1319 7832 1907 3533 1879 1001 7306 5314 9751 4173 4000 354 423 3121 9279 8405 3667 8079 832 8948 8396 753 6005 4339 2585 2439 4915 1979 445 5250 1030 7883 779 9691 7459 1841 7484 2081 704 6602 4421 2037 3571 9071 7643
8393 7115 1655 1340 658 4467 5802 5554 5147 2144 8173 4771 7032 9430 3596 675 9497 5919 8761 9843 7774 5526 8883 592 8562 5419 8807 7264 1471 3208 3563 9741 8320 9329 6439 6751 3864 3724 7206 1054 1496 8634 635 6358 5267 7824 2655 186 2406 7136 6527 8421 4566 5519 8107 1705 8963 4964 5595 883
8320 1630 296 806 3356 9168 1319 7217 3204 9343 2764 4633 5122 6256 5645 7727 7391 5162 4425 3202 9862 849 5206 176 1019 397 7088 3389 3016 4837 7948 6423 3770 9858 4834 9253 9192 2484 8073 8764 6390 1439 1859 5592 8846 9587 9527 4575 5630 4553 8162 392 7084 9853 2053 5945 5251 6472 494 3901
3150 9968 966 8157 8029 1255 1346 8459 5748 5331 3984 9903 3988 4912 9828 936 2716 8979 4598 5948 2564 3814 134 223 6111 6351 6587 1227 451 9058 6907 7371 1896 6246 2069 1420 534 5461 1240 5101 854 4206 3727 4236 6783 2158 213 4261 3411 1544 5005 7740 5367 4003 1686 7283 7145 6802 4684 3056
9761 8189 7933 4411 8199 913 6660 1622 6410 1798 9441 3579 31 6586 456 7877 9310 4513 5615 6261 3624 8246 6301 2 7943 2642 3239 3099 3086 993 3335 9766 996 4 2157 5793 938 111 6477 6912 6316 778 3004 5677 1398 4826 1098 5009 2892 8049 5634 9762 1204 2495 1026 7855 35 429 9592 7443
2332 1781 3720 3356 9942 219 2930 2957 5024 2069 7394 5355 8609 2381 461 2202 6002 2722 9776 722 4263 4139 265 5103 456 6557 7144 7131 3331 3620 7715 8655 9471 8747 7346 3506 3731 2715 588 6269 5411 9587 4879 9795 2215 172 8020 5787 9627 2962 5343 443 8832 2158 8150 5304 8955 673 8797 9527
8405 4611 1628 9766 3881 8741 4224 6612 9008 6481 5243 570 6194 6492 509 9281 2586 6335 9571 5669 7377 3394 718 6872 2754 733 7672 6006 1626 5196 824 9916 1973 2530 7589 3359 3878 2878 6643 8651 2601 5312 2709 8929 4270 1525 7049 4182 7424 1917 1597 8090 3496 3132 6593 8199 5151 347 5529 5773
717 9045 6443 66 9680 7807 443 3261 271 1652 3666 8230 6354 156 6443 121 944 9249 497 4533 2222 9022 5799 1444 7311 9100 4964 1584 1756 313 5585 2777 7714 8282 8355 9253 2162 9654 6028 776 8502 8243 6638 6396 4063 9843 8423 3341 8832 5024 6348 4008 2674 3611 4155 6782 3518 3889 5696 9570
6229 4219 6339 40 7111 8155 79 2414 3823 6929 8007 4456 1043 773 9655 7924 4221 4062 3340 220 2258 8278 7227 6563 3174 2784 7318 4969 5244 5067 7742 6559 9370 8835 2016 2671 2072 7290 4008 6915 8314 5771 8779 3406 6014 6109 3789 8801 4182 6868 9659 7602 9553 1446 944 4110 1777 2452 7547 2498
2797 6939 7907 6359 5573 9965 2518 8517 5167 6711 6449 2184 4281 359 3892 1963 5239 6415 7034 8126 3824 5564 6042 5221 2084 3096 9293 259 9942 6519 9926 2583 2451 8120 8671 5416 9402 202 2961 7187 8937 4820 8849 6564 3278 7642 3609 1171 3118 8344 2133 920 3405 7783 7968 6272 5477 2884 3072 1880
8018 8001 8304 8326 2847 4099 167 1767 3344 8272 2679 1424 3205 8449 9101 2445 9421 6794 5419 3893 8978 7886 9136 5436 7984 1975 6165 151 1528 8041 144 3455 4178 7545 9623 5891 7411 2870 2491 5533 1105 8336 1246 129 1715 691 6481 5560 9284 5594 8342 9838 5079 8852 7426 4812 3307 7042 5054 4270
6800 7038 4459 2898 6316 6951 825 1588 3939 6820 4121 7989 3882 6126 3129 4200 4826 3031 1847 6922 5727 6882 2064 2133 94 7474 9750 5889 3137 2889 5852 899 5471 3710 7717 5933 281 3900 391 403 5131 1062 4326 5586 2266 9500 3175 2475 6626 7410 4940 689 5022 395 5107 4773 9997 6219 2678 9454
7490 4721 1041 7874 274 5781 5001 4596 5158 3141 2642 6053 3690 3550 2681 7119 7196 8795 2034 5394 930 8654 6526 3432 174 463 3472 1969 2502 1327 5885 9354 2452 6457 3081 6192 106 9389 5837 4582 220 4920 8871 726 603 4064 7884 8681 9770 3030 7278 3572 6856 7676 4146 7482 3852 1879 4765 1446
8891 4479 4407 7783 9743 70 3370 8605 8723 4858 6217 31 4139 4091 6408 559 8375 6287 9018 3772 3382 7270 3876 6420 5004 6985 7406 2615 8310 7605 2061 6937 4131 8585 7361 7448 8121 3166 1426 868 1866 4536 1140 4254 3692 6034 7217 7729 5353 493 5692 8432 5762 1908 292 6563 7677 8076 6117 3699
2636 2125 3972 9204 3049 6451 7293 8394 5417 1050 4730 7735 7263 5357 8267 7296 4333 3487 1495 1099 6395 8426 9067 8383 7448 8236 543 5829 5134 878 5600 2312 7203 1095 7321 1360 9474 7754 7349 8244 2110 6317 3020 975 9050 5761 2867 8594 9486 9407 9271 7096 8020 7922 7856 9496 2989 9410 6973 9577
9829 6638 7982 9564 9466 1191 3389 1051 1756 270 5027 8290 4426 2931 7294 4544 9118 3393 4337 600 1384 4823 9457 8133 2241 9522 2258 4247 8547 907 7017 9857 2406 7898 6046 6760 5880 5927 2353 1641 2398 3292 6775 4402 9443 6656 9250 1803 3788 9592 204 7769 5314 9235 5266 6436 3997 8375 9085 1410
1440 9158 3771 6689 3774 4571 8216 8300 7093 5877 2627 2743 3729 4926 856 2220 3584 7704 7395 7415 6730 9368 3100 5471 2355 9883 9821 5345 3221 4218 509 5212 7179 8128 9774 6204 3156 6267 8859 7234 6049 6275 2271 1628 4375 4872 1227 3481 7543 7972 7594 5992 8294 4637 8 3820 6610 5836 6065 4038
6375 2691 5984 844 1731 5315 5097 5128 8112 1675 9448 3063 2969 9314 7554 30 931 5793 5836 6661 3090 7154 1076 9998 8774 8175 7531 9934 5885 8570 2843 6019 8844 2263 4872 1049 1056 1935 5951 415 1843 871 4366 4074 4073 8006 9806 7983 7610 9849 269 8991 6680 8653 8216 4188 3 5862 445 9791
8094 1307 9937 496 903 269 7320 1701 4285 3103 7808 4651 532 4853 724 5523 3628 6913 9009 4414 4179 229 4838 8774 4766 6169 5349 1707 5864 7340 9543 1263 4507 3356 6387 5863 5555 1961 4955 9317 3636 2215 8737 8036 2487 4497 6369 3977 1442 1354 1646 466 407 2981 7716 202 4938 3356 1689 4023
2957 2830 9699 7801 843 3574 8098 7202 4350 3711 9334 9041 9699 517 9474 9949 2658 7779 7529 2083 8662 6233 2047 84 3614 1399 7582 249 3843 9820 552 6397 6341 2545 499 4882 9973 3297 8270 1798 883 5787 6479 9717 5691 198 6568 6613 2380 2633 9992 8179 5937 9542 8917 5942 6157 1445 2280 8714
9505 1841 7121 1980 5215 2928 106 1527 2339 7455 5674 662 6236 3863 6340 477 6327 5789 4247 3276 8795 481 5572 1247 7840 523 4387 8749 5100 1029 8405 640 9226 3778 8352 6197 2531 188 2066 321 113 4402 93 3800 5852 4645 7090 9925 4887 3957 4323 2948 8629 5108 4989 6997 4064 9443 9916 3638
1342 9076 3250 2551 6099 2293 8956 455 7720 6363 8622 6530 9703 7120 4491 5300 3471 2177 2371 2108 4177 2682 4827 4944 6968 6062 4187 2778 56 5823 5549 8327 2310 5570 37 630 3533 557 8445 8424 1492 1817 9507 6281 9349 3465 2637 1028 7801 2932 375 5432 5886 6984 1570 2267 9749 2528 5618 2158
4971 1750 9083 6562 5046 2127 2230 2666 1152 6080 1126 4436 3678 8233 5544 6888 4234 49 4556 5532 2374 889 8330 5506 3226 1760 7662 1837 1627 5858 223 3947 1943 7018 6948 7966 8623 5467 9622 8731 7830 4169 1641 23 931 1318 4807 936 9292 3058 3327 3181 9336 9677 4495 9250 2216 8512 8593 2078
2435 6606 3334 1649 9678 1761 8360 1646 5384 4677 8550 4522 347 9597 5260 8011 7423 9950 5438 9056 3577 9342 4085 2332 7677 3099 4922 314 4699 9845 1100 3224 9901 7259 2287 7032 3485 1815 8300 1802 3237 7766 1765 1659 1837 4054 2002 9427 4220 4871 3062 5216 3912 2558 6803 1814 1490 4074 4735 4838
7042 6004 1041 221 1826 2072 9319 8840 6462 62 2366 1997 1439 5065 4192 9859 4874 1826 6616 7024 8625 5720 5937 1171 6937 7105 7361 4397 4633 3051 4622 9740 9172 5509 8600 6061 7194 6224 1236 1133 1933 5384 3310 4931 8986 8726 9845 1058 5720 3131 3400 3964 3979 2977 8902 8655 6371 6415 9058 573
9177 536 144 470 9113 2939 2434 9127 8055 8577 9963 8806 218 9183 3825 2617 7084 5541 6873 3357 4127 8493 1078 286 2215 8572 1762 7946 2083 7368 4007 7696 8478 5510 5392 2783 6957 455 8704 4965 3314 1828 2201 2758 5898 2715 4480 1494 9797 4031 2251 2341 1724 4814 6491 4314 7478 5452 4863 2523
3866 6048 528 3271 8181 8573 1505 4897 8480 5762 552 4837 8360 7758 1052 2684 6500 596 1407 3806 4288 2961 6649 1395 4101 8321 9299 3719 649 3172 9791 9433 9982 5641 4619 7136 8560 3505 7719 5386 7215 2135 9419 2986 7678 3291 4251 8305 9032 1827 2842 9706 2316 4203 7223 3533 487 5009 1172 3418
9949 4261 6934 8454 2196 5324 2275 8782 3469 8368 8629 1397 9550 893 5314 3441 5279 7469 2856 6114 2166 9021 2026 370 4887 9238 578 4418 2124 5986 215 2710 71 2411 7204 7500 8792 657 1188 7102 8972 7994 6115 1834 6231 5212 4630 3536 4637 431 3665 3211 5623 2469 9869 6733 9370 8659 2715 5540
2334 13 6613 9914 3903 7654 6262 2882 3701 7074 2263 2169 7982 9468 7609 7331 8957 8216 5917 3400 4564 1765 2665 2932 4387 9774 7770 7187 4598 1459 8575 4200 9966 3971 4917 3231 6848 1293 9386 728 6635 5210 4719 2739 6351 2147 7549 1639 6778 2236 4116 7414 2044 9756 8338 8965 9440 8342 57 3729
7734 9561 8256 4487 8560 6333 2738 7691 5477 3177 1020 5999 4242 8200 136 9492 5817 2266 5632 6531 9178 6941 6996 1507 2606 9160 1273 9406 7900 5315 1885 7866 5557 2922 7894 5390 6535 463 7414 8030 6030 7763 7829 3369 9530 7315 737 1629 4761 1249 5234 9637 6877 889 5892 2123 137 7474 912 1934
9085 8403 485 8018 738 3813 6480 5652 1550 7869 2441 9033 8366 2978 4032 8122 3708 2743 6419 3759 6741 5499 246 5210 4231 9849 803 9233 4154 7330 8919 3170 3969 6336 3507 8906 4988 7688 6329 8537 2649 6036 6076 7608 1855 5234 4713 681 6262 3821 2057 9473 8384 7394 6932 536 2458 5344 6846 531
454 7883 1709 2639 9245 204 59 6224 5304 8305 5839 8372 7580 7038 9215 2350 4800 4685 6842 2070 6861 1814 7470 4129 8733 5034 4478 8966 4299 1824 6380 9978 5796 2136 9834 2379 6799 7081 9070 7350 9060 9975 2799 6339 1142 7557 4702 4291 4130 2406 5763 4326 3485 1401 4909 2618 9442 8969 4929 1636
295 5168 5057 9801 1352 7788 3518 8982 5103 333 3896 61 1260 3656 9286 6031 7920 7586 5793 3629 8350 3787 355 8063 301 2432 251 2036 6442 400 5103 1626 1315 4664 7595 764 3043 6565 2336 6772 580 8340 1299 4879 8214 2528 4782 8152 1151 5881 1322 986 980 9792 7761 8348 7441 3218 494 3932
8861 709 3741 4833 5654 1816 8283 7402 6325 7095 2092 1714 7549 3724 5581 8654 3519 8059 7173 4368 6561 6594 3227 7438 8098 8329 3005 60 877 6673 6393 5845 6817 340 7369 1409 1228 9017 2464 7089 1954 8836 6811 129 9697 6312 370 8350 4289 771 6013 4226 5483 1985 8350 3310 3111 9993 6440 6245
8472 3946 3321 1803 8524 1539 5932 8319 4501 3352 7655 5681 7793 9213 9310 3978 3795 3176 8470 4543 7964 5168 4487 6787 4683 5158 8760 2349 576 972 8936 3814 2490 5639 9617 4862 5178 2915 4012 3142 6921 2676 9925 59 6131 2935 4501 254 1646 2074 8740 1172 6818 6648 5347 8016 4488 6763 4461 581
9045 3912 2210 3573 5234 1795 6376 4281 8718 8295 874 3724 3402 1003 1764 8275 697 395 9849 3566 670 3127 7750 8866 1815 1841 493 9730 7010 9568 3737 7987 4813 469 40 5820 4111 5538 4000 7905 9270 3658 5660 5500 480 3383 7183 3742 6480 4521 2467 2600 853 9356 6863 6811 1946 7481 9365 1371
5982 3804 5261 35 1952 3537 5264 1418 1092 8547 7977 4868 6337 5971 6776 177 5582 8761 6116 428 284 7820 8625 5425 7305 3734 4506 3527 5154 1969 5592 126 4230 3080 2494 7215 5613 169 1658 6620 2938 8281 2686 7600 1667 3089 6562 4207 8895 7300 9188 291 4642 4922 8973 724 4762 2312 7074 4600
1126 85 5802 2001 5543 8554 4749 46 6131 4412 2602 7736 9331 8104 9474 9782 4595 2543 1868 6397 5178 5755 7252 9574 6806 4259 8716 9387 8577 2902 2026 4905 5030 8201 1676 9351 4629 3673 4536 1955 1933 6136 7263 3405 3486 1626 8477 3681 8085 1685 5100 9550 9904 1369 5478 4454 4935 1293 5797 744
3760 3498 4444 3018 5231 5270 2533 3639 6244 9221 6431 5611 9828 5908 5997 2685 2036 3864 9780 18 4211 1449 6631 7170 5033 7434 2345 167 5120 4896 5997 9073 34 5673 1095 488 8750 4147 6816 4159 1030 4362 5483 4035 9271 8530 1838 7799 6633 8802 4087 2990 2865 4385 5152 1940 4565 4501 5520 3031
1805 7680 9883 4147 1977 499 37 5278 4129 6341 4486 6340 59 6859 2678 8396 5405 4448 7206 3963 5697 9533 128 2826 312 3299 3645 4674 1195 8269 3950 6849 1801 4330 8141 6073 2553 7157 7162 6601 4488 9270 164 362 242 8155 9391 8869 9822 2954 7693 8149 4090 3724 7991 5967 164 4588 2378 9774
7957 207 7227 3379 7485 6496 9413 6008 6830 6550 1289 9723 3746 342 5843 8000 3644 6542 8785 27 791 7921 5623 7973 7907 7296 3270 9994 3264 5468 3606 9229 1061 4070 7562 422 3976 6860 5118 6255 4621 9482 5246 2876 8103 7331 5174 8241 2706 2375 1141 4014 910 3754 4531 2606 6156 1527 5416 3287
9520 8336 2815 5912 9294 8498 3573 4451 7753 8255 7812 4129 9615 9409 2337 7050 9533 3380 9405 6774 2305 626 508 712 7560 5930 1188 145 4835 3720 6648 2405 3350 3723 6694 4816 728 8171 5702 9415 8299 2727 4915 7143 9158 9544 7272 648 5573 248 6048 5760 6721 2160 3094 9430 8497 5998 3750 7099
1606 7469 9581 1798 256 251 227 6326 6693 1913 6129 3765 5683 722 879 1167 2493 6498 547 8929 8204 449 7950 370 7798 2635 6672 3533 3131 7140 5505 9854 5585 7905 9436 4800 8912 2876 9012 967 1905 5562 7657 241 7848 8708 5056 6412 6066 2136 2748 5639 9501 7967 6675 8945 101 9178 9864 147
5496 1028 2490 5676 6980 5715 308 4354 2882 3854 8248 2803 642 2527 3389 519 2781 1233 7694 2441 1613 3076 6873 6349 2109 2143 2751 4220 7093 2706 8490 9829 5370 5662 4504 3372 5969 5666 8806 3872 2628 4903 9763 4462 3044 4315 3543 4665 5711 9779 1002 8681 5638 57 7753 7213 4284 6050 9158 175