19 29
8338 8211 5502 3232 5972 3461 2432 1780 2993 579 776 9320 5916 3301 1316 5284 9835 2799 8041 3074 4619 1541 9937 950 7120 3361 7745 4230 9763
5561 6905 4033 2964 4290 9258 4326 7378 4947 6183 8261 177 2912 1824 8993 411 851 3599 3594 1188 6927 7799 6844 7542 92 9905 5884 3035 9435
3408 1246 4712 4121 587 8058 3861 2470 8129 639 521 2199 4151 9838 1864 2459 587 6039 3473 5350 8953 9767 8664 7872 7501 9261 4564 8966 4476
9879 9501 81 8167 3741 202 6835 9691 7443 3745 211 3487 3841 192 8761 531 256 6053 2736 7547 828 8773 7499 8486 2586 6579 6600 198 6382
428 8668 1761 7246 2786 5421 239 7161 3272 3086 9874 8066 4385 3155 1302 9511 1660 3994 1466 3408 3305 7883 1051 6664 3209 827 141 9365 3215
2338 2235 8873 7847 7937 3360 7991 572 6169 2998 2131 6015 2801 2535 4869 2976 8725 2394 5051 1312 6493 5040 9576 1941 5578 1377 4026 3609 6799
365 670 3769 3286 5849 8646 8360 516 3912 3983 5420 7380 9225 1229 4734 4438 1049 5837 8104 7145 7980 712 9120 1598 5013 4058 4421 860 4063
9462 6317 752 5806 8436 5109 7270 931 298 8920 166 8854 862 6779 4651 7085 2054 1191 4360 1770 7604 155 5948 9298 8610 125 6138 1264 7638
3798 4532 9135 158 1298 5891 5155 6576 952 126 6469 5690 7590 8401 4153 734 109 9380 9877 1194 882 3760 446 1942 7116 5250 2241 6239 8495
3958 7913 4664 1716 7902 9459 1906 4362 5207 8226 8350 4121 1632 2660 4120 3454 8300 3947 5646 2300 3733 1415 972 7408 20 5731 674 9490 1205
6309 2673 3823 2320 9746 1404 6982 2422 1112 3677 8119 8465 5043 7306 9269 2441 182 2278 6815 9413 662 4857 2459 1572 7561 1823 2320 6125 9124
4951 4273 742 4837 8324 375 5454 9925 6459 8861 9291 3693 5710 8540 2550 3435 6770 6136 9437 7911 5690 8531 2733 8998 4322 7037 9197 9166 2950
3643 6304 3670 519 6624 6436 5812 5984 8538 3652 7479 9352 4199 5946 8316 9481 2661 3511 438 2005 4943 9569 9338 6815 2078 4869 823 964 5386
4376 7782 7736 9279 1491 3889 4357 1938 688 8953 3307 1326 6810 3172 3117 5756 8665 3253 7144 8583 3560 4585 6249 6542 3818 5107 8685 3623 9940
8256 8446 5498 2372 7484 3960 1006 8552 3623 2405 7822 7410 5465 8505 7631 9437 1737 5282 7028 8196 1371 2746 2312 1240 498 7645 8439 5568 4806
3289 3608 3755 647 8329 9775 6646 1237 6714 1369 3229 8492 3894 801 8623 7108 7712 9227 4798 191 7413 5437 317 5894 5032 7389 9228 8194 5954
6192 7983 7730 2315 7195 1469 7735 2045 5829 241 2055 6837 9151 4015 2860 9858 5079 2410 3343 3226 5306 4603 7094 9102 407 6596 4904 958 907
2252 9499 2885 9655 8051 5120 759 3233 428 1792 9472 372 6173 4482 4158 8116 8030 3747 5202 6490 1269 1384 310 2963 8678 497 2313 5805 547
5256 3435 1606 4056 2313 9766 9360 1639 9854 4582 1588 1625 4908 96 8621 823 6744 4999 1850 4622 5166 4101 3405 3758 3137 8527 1151 8311 9621