73 12
8183 9673 7300 4787 8489 814 9136 2981 8560 8568 9483 2428
8089 5260 4652 6860 317 2374 1494 3168 9109 3478 7251 7530
4096 856 2255 6746 9334 5843 7140 85 2681 2221 3774 6903
2527 827 6459 8573 9300 3252 8425 6917 7185 3558 2465 2764
8728 7504 7511 5489 6500 3091 776 5171 4465 6429 2145 6714
8811 2079 5255 6852 3791 2111 5434 9373 5586 6116 5231 4490
9023 1187 3087 6938 2645 6426 11 8453 6192 2078 8238 2522
1720 7017 5989 2302 9092 5473 3949 9211 1981 66 3583 8783
2248 5483 3488 7894 7059 5601 5529 8465 996 1335 30 2119
9183 5410 7816 387 2305 2700 1394 8422 6529 6343 5138 1464
6480 1646 6598 1757 1509 4683 4554 1133 6729 6779 3489 2128
1718 8897 5219 4061 1454 4565 7498 3858 276 6948 56 3570
6810 6417 5567 4493 221 9469 3465 6926 6215 2197 9684 5209
9524 9786 6227 2466 2637 873 7653 5793 1184 7116 158 8723
5014 40 8084 5399 5695 6418 940 8459 2852 5525 330 873
6726 3096 4187 5128 6097 1118 7891 8949 323 5503 9550 25
3740 1332 9800 9929 140 7108 998 3221 4992 1345 4413 7114
4114 2087 8632 5535 8570 1942 3646 5538 73 161 4158 2157
3791 753 2361 2036 4327 5992 5472 2699 3038 4177 2939 6153
1195 6871 4709 2035 4985 9932 1838 2094 5224 447 5367 2868
7585 4998 9881 9985 1972 7169 8732 6174 9510 416 5455 9772
5483 2144 2282 3747 1985 1952 330 8316 6757 1566 2875 1723
649 3925 5997 7906 6243 7954 1098 9222 1225 6056 872 4661
3903 1986 348 4761 4399 9635 4182 1341 9735 7932 1257 3481
3976 2738 6258 3217 314 5601 4463 5736 8004 9466 9651 585
8811 7851 7257 2026 3442 5472 4464 5463 6517 9790 7112 2405
6992 2251 6991 9148 6597 4409 9482 1563 2294 8133 6148 1237
6779 7837 5338 2647 7127 4043 6657 4757 918 2734 8042 189
8265 6584 3622 822 6260 1812 5620 4061 8678 489 4103 415
493 9519 8292 1262 436 1839 6978 9031 708 5123 5246 2769
5246 9549 5467 5241 181 162 3474 3676 327 7524 6294 7489
1663 684 6046 4478 4872 3606 9914 7277 3865 6130 7939 6575
8059 883 9472 8303 1692 8491 4419 8742 426 2010 9798 9972
5949 8986 7708 8423 9901 5507 1793 2414 8004 1161 5950 8752
5497 796 2421 9813 758 7678 9367 4695 6235 6169 7296 9687
2958 1680 2975 1381 6515 7939 2149 4598 2196 830 7830 2531
2474 5727 8645 2017 3816 4382 5649 9114 5369 5514 1020 5827
6325 8601 6081 469 5423 485 3401 183 1504 6263 3241 2704
7902 2228 3978 7175 7842 1696 4345 9429 4056 8322 4555 5719
5200 4641 9576 1818 175 5888 6789 3564 9219 7175 8607 8031
5090 3176 1643 9635 9837 538 7249 1885 427 6324 4801 8623
7015 4387 7121 5956 9890 1030 9299 1104 3349 9193 9138 4096
8585 3944 8054 1821 6269 1971 3199 2777 5383 3083 919 6379
306 7568 9080 6189 9543 9334 3628 2672 6186 8346 9401 168
8682 2006 3117 1691 6133 8792 3345 1713 6168 3332 9425 9937
3244 5459 4057 6079 3678 3866 9731 2920 1156 4842 9199 3139
5799 4644 2944 5470 4775 9821 5982 8066 296 1845 1249 2995
1990 9046 6319 5651 3669 5284 6344 1123 3792 90 2313 3409
9991 1668 5969 8232 20 1721 2387 639 3708 7598 3532 4582
9894 9038 219 1850 3074 7085 9562 2372 417 6889 6197 2622
7380 6928 9309 3022 1893 8427 4788 1595 8710 7609 2508 2678
6739 1829 3770 252 3143 4332 7018 5123 4223 3213 9492 7728
1915 156 71 357 2600 3625 4724 1693 4033 9945 5599 9640
8639 16 1819 5253 7374 1914 6285 6048 3389 3527 5062 1447
2850 2411 2921 4456 964 6628 3751 528 3044 7632 6964 9665
5032 7630 3290 7246 1719 1321 7191 5319 9751 1724 8250 8808
2504 7234 1851 7473 9518 5138 1206 1132 6807 7084 6873 3098
3876 6726 4542 2158 9555 652 2296 4561 4337 2602 3749 138
927 8331 8506 9722 8318 2750 2131 3318 7237 4975 1916 6913
178 321 3211 1739 3534 5676 2457 5315 3149 7307 5281 2237
8922 6865 7170 4125 219 537 3311 4007 3176 1581 1203 6618
4514 2872 9065 7023 9635 7986 3641 8746 4966 6743 3249 5013
7547 8345 1721 599 4515 8164 2323 4690 6573 1891 896 9591
5692 2937 2021 804 9621 1418 6140 801 2294 5178 36 7809
6232 3346 5521 6110 7689 7390 9831 3970 8280 6507 5122 5642
2083 2663 3311 3099 3252 5720 9434 5037 4785 1906 5255 3477
5190 9932 7567 7305 34 4453 9037 462 5133 5760 8622 8381
6787 1022 341 8522 4727 7560 2758 5870 1710 3772 3094 313
3099 5261 3421 6029 6161 6854 6536 3798 9861 9596 4067 9958
1879 5433 1304 1487 7001 5280 5242 4916 8939 6855 7070 452
9278 3487 4109 6825 219 6480 3168 740 176 6571 2435 8250
4913 7610 287 9440 7869 9675 2592 2548 5262 1564 8787 720
1336 7502 1526 6437 1346 3940 3941 5125 4421 9399 982 5736