44 63
6416 8507 1736 7511 7826 717 2882 5307 5422 2680 703 2878 9635 384 7294 1255 9636 6602 417 2555 1719 1944 6713 7089 1373 9598 7718 7862 4512 1381 9379 839 4075 3587 3901 2684 4980 5969 6123 8636 1051 4418 2081 2246 6125 8077 8635 8036 1963 9831 8064 7225 9789 3935 4255 8794 4909 184 6437 7301 3584 4266 389
2862 9375 6774 9258 476 7423 5544 8986 2325 8509 9640 8023 896 6696 5923 6317 8629 3326 6693 6910 7808 4995 3246 4439 8074 8790 8501 406 502 536 2289 1223 135 4420 2441 8328 8659 3454 5898 9300 2740 1973 6328 6543 3955 7743 3638 3453 2111 1247 6506 1199 3775 3889 1149 4176 7985 1054 6541 3921 4880 2078 210
584 4276 8365 4042 8396 9280 3933 5108 383 9080 9509 4462 5056 2248 6559 8614 8877 7562 6099 1924 3880 3685 3090 4809 5913 7942 1049 5870 9605 4585 2258 3281 8786 7023 529 4931 1432 7503 5448 6350 7255 6027 7809 2924 6881 6394 7504 6497 9492 4581 4377 7658 1381 4038 9692 3277 3905 6021 9082 8998 4408 885 1347
1040 3673 7651 5117 1858 2765 5321 833 1764 5167 2759 9242 6761 8432 7550 9957 9555 3224 5470 7610 3668 7184 1891 6613 4858 392 4941 1908 6771 3378 6156 8643 2365 4745 8549 7759 9218 8456 4799 5082 1192 2560 9877 679 7702 1373 3083 8623 6045 2102 2790 6138 8736 2638 3478 7345 2004 3671 3258 7056 2464 6936 1502
2360 6024 5075 9741 8621 4658 9190 4880 9873 6630 331 7095 1213 6428 8293 295 7650 6107 6420 2606 3365 677 1468 7126 6132 3645 7721 5 8131 8750 5132 7058 1704 5548 5865 5097 7010 1372 760 3962 3962 2830 4254 964 7877 1824 187 7523 6434 334 4905 5654 8101 7170 6639 7344 3386 218 1674 4443 8229 4949 4167
937 3065 5305 2666 7867 9743 331 2026 8410 1071 1949 2892 207 6933 8712 9830 7387 6266 7758 5577 7111 2898 1335 7405 4493 8267 6190 8816 5191 540 5710 9616 6899 4515 5421 201 6680 5456 4424 56 4525 3445 209 4770 6835 9700 3568 9258 7315 5396 1181 8305 5502 386 6286 4579 5923 8407 6157 3896 3972 7695 6212
1651 754 3233 7616 4970 6700 7872 791 3030 2710 2442 2714 4506 4494 7947 888 5536 6089 2512 7277 439 3475 4663 7992 1602 1764 5937 1121 9991 4451 7249 6624 6138 2457 3752 225 4247 4574 8150 876 5914 1677 7936 628 1583 1895 8840 4881 2911 7732 4141 5392 1506 1279 2699 3789 7265 7691 4199 8834 138 7011 2596
8521 6732 2729 2094 6557 4078 2182 5344 2335 1261 3318 5644 1273 9896 2393 6482 7687 948 5224 1161 138 5516 6258 4620 6079 1682 3412 7270 666 6795 6017 1933 5095 8866 1944 7970 7317 4 661 347 4447 986 8151 7972 1482 6374 6938 477 5770 2991 6725 5545 3375 3427 6167 5113 8262 9241 3449 3253 3086 5549 3353
8770 7247 479 5700 4845 931 4747 6579 7230 5403 3395 1055 2557 9233 8664 322 6004 559 6054 1768 4215 4951 7652 8721 9361 3190 2508 8117 8126 1515 313 5692 4409 1887 7156 503 1349 5972 7867 9029 3418 1928 7074 6158 9096 8596 3626 8996 8107 1240 2254 5227 3380 144 3425 195 8522 728 7574 8281 7300 7034 5310
2748 825 9415 5235 905 8686 1902 7378 2097 4901 7142 820 6525 1538 9712 4859 4673 204 6163 7828 9878 9070 6822 1567 3075 4658 2270 4390 4166 886 2398 8487 148 1522 4116 6903 5912 9606 3705 1016 6096 74 6468 5962 4948 3206 7672 7852 8648 8563 2238 7756 5101 2160 9448 1749 7057 5372 9784 6875 8797 6702 3928
8709 8367 7542 8145 9163 5122 8162 4114 5558 4380 9615 9775 7015 8900 7324 6597 5036 2129 5115 9316 5463 5184 1101 9697 6869 3495 2019 5355 7564 8038 5055 6504 8660 4325 5588 8954 3793 5657 6630 4614 5320 6952 9234 6488 6796 8590 6585 5284 7004 5795 1387 9046 9705 6387 4385 9567 6833 101 8639 7880 9050 7744 1453
8674 9562 4145 3819 3798 7082 1182 7865 5885 6808 11 9680 8589 2548 9353 3445 8855 5882 8580 4441 2925 1684 2754 886 6030 8730 5496 7085 1806 8982 7562 7174 3341 5331 5315 1492 9019 9205 7360 2135 6537 5834 7398 5776 4648 6168 2262 486 5438 4351 2379 1915 688 9187 8859 2336 6994 2765 3668 8846 4185 3046 35
8614 4295 1263 5930 3117 4599 4807 2557 1766 8868 3172 4723 8330 3391 2422 6745 6152 9991 1888 3198 1644 5920 1598 1322 2669 6441 5706 4211 4615 9522 614 2838 3904 3215 5250 2456 8690 2161 9260 9763 6025 440 8339 1304 3909 1477 9809 9311 7469 2961 9755 5983 292 4144 6844 315 5930 7354 8686 1375 695 5916 5505
3898 4452 2732 4147 6974 8465 5996 2246 9679 8515 8650 5122 4286 4701 4440 1402 9543 9989 8881 5135 1095 8889 3933 3571 3547 645 5370 940 7818 6997 4368 5947 2727 4424 3028 8863 8656 1703 715 9984 2987 8548 19 7828 8322 573 759 5898 4392 8413 6439 6177 835 8905 9039 9181 5779 964 7470 7116 1074 7545 1282
3138 7498 3263 8013 4574 8868 1276 1716 5375 3449 3727 196 5164 76 2609 1901 6187 3567 6071 7297 1312 6383 5861 1793 8408 8365 1854 3458 7419 9908 9577 3406 3629 3165 7079 6316 5015 3766 9106 3071 3800 1259 2719 5833 9021 8228 8583 1083 7583 3790 1265 5733 9806 8425 2656 3344 9254 5569 6465 8365 2177 6438 3263
7905 7205 4691 8728 3108 1100 7082 9442 4050 3066 5979 2386 7999 5385 1703 3739 6725 5889 936 8169 8818 6577 9574 7787 2482 2182 8600 3887 8397 8282 1 98 7051 9654 1168 1117 3756 9691 8918 2370 3976 6521 6993 3007 8048 8886 6443 8801 8241 244 2104 5508 4449 3675 3520 9152 1117 1063 667 1183 5599 228 3491
4219 2027 7386 6497 2622 4154 9886 3615 1515 3843 5738 7866 3922 5006 4826 6820 6662 1145 174 6351 5632 7596 1882 3377 8768 992 7342 5518 4504 8122 7852 9207 6986 5021 7717 8336 2224 6314 709 3581 200 3406 6766 3961 5299 8347 261 3057 418 171 1611 1708 1721 8069 8426 3151 8925 604 7808 4668 6209 5643 2016
8256 370 3440 3168 9059 4183 9134 2797 8105 3687 1899 8288 6901 854 3869 6779 9581 9275 9427 7964 5496 4426 6782 3643 5063 3283 8725 9686 2547 1650 1489 1914 2363 767 7697 6536 6521 7060 2925 8670 9724 1951 464 2357 9398 3763 8488 2288 7711 2645 1405 4158 93 3763 4632 6363 9217 1872 6199 2308 3449 8372 6458
6015 7819 2565 2436 4440 1899 6511 2460 6535 8826 3779 6147 8453 1509 6748 9941 2880 2158 3066 9488 3449 2209 9548 7315 2666 2018 5182 7371 5218 3956 2433 2144 7815 9161 9105 6010 7916 9929 5603 2113 9958 9366 7635 1799 4252 2173 8873 3376 7986 2970 7397 6444 7749 212 6923 8211 9114 2451 8492 1230 3709 3504 2205
3310 3504 8359 8596 4429 5050 385 5954 944 942 5580 9273 5149 2915 8869 6555 490 6852 6625 8039 4035 4378 4583 7353 6410 9654 9733 7796 1183 4918 7667 6217 9665 363 5745 1935 9129 386 7311 2392 9143 4007 9634 8102 1398 5808 1598 1626 1310 225 6390 4590 9048 4759 7314 4306 9525 1283 1735 3034 8188 4130 1709
133 7383 2719 3029 7415 686 8633 8339 2685 6258 4060 9241 5127 4842 6894 4375 4681 4515 7530 6462 3164 9968 1298 207 1402 9016 2769 167 4188 4052 1210 3763 2758 6750 2247 2696 7448 6546 2024 8451 9910 3475 7988 9513 9603 3284 6873 40 882 1713 764 3744 6906 3566 5984 5365 3144 8527 2720 6721 2064 3681 2796
3768 6724 5410 372 3279 9417 2760 7357 4097 7346 9892 780 9236 7483 3792 963 4763 6736 4762 376 1337 6951 9284 9633 5118 4035 8054 8100 257 7230 7953 3415 1453 4699 5347 360 7601 2313 5107 5083 9872 3874 3803 4631 9095 5868 3592 9712 9339 4213 5886 6198 4821 2151 540 3916 4627 8528 6949 2938 5007 691 5545
7889 43 9835 8360 9869 1980 2571 4794 9586 6189 4865 435 9825 8970 6752 6138 5764 5654 4669 3023 1740 8673 1377 4918 9101 4028 8885 5755 7903 746 4317 6895 9982 7362 1092 6617 5470 8441 899 9376 7729 8891 9744 8652 4686 2709 9123 714 3405 8526 3223 3631 174 4931 9767 7425 9117 8773 7647 7831 9369 3670 2914
2354 4372 9857 2282 206 5966 738 219 3461 9119 5136 3653 6061 5914 8751 1762 2958 7109 2968 2296 3153 9711 5764 6849 676 4252 196 7791 9369 4498 6856 2742 8631 6983 7814 6159 9790 365 841 1844 7595 9440 3483 4153 809 7225 3152 770 968 4549 3110 249 4276 2041 4735 5532 6847 5847 5417 23 4912 133 3502
8224 2246 805 9868 3887 842 6293 4912 5072 3258 4033 2957 1247 1039 4008 5186 5175 9697 7799 3797 9015 5367 401 4295 5617 3169 1208 5692 5420 331 2579 7696 5344 4271 5911 7751 145 6687 6796 5986 573 7305 9068 8442 5105 1868 9935 2083 3397 2986 2332 4055 5212 1881 6335 1764 3670 3582 3610 9836 9288 5533 625
6021 5827 8060 1216 6722 4986 2252 8628 861 8722 6803 7798 5759 7040 5169 8465 6097 7453 6686 1294 2984 7560 9861 6773 7617 5383 7244 5047 2397 2608 1771 7724 1849 3382 8223 2030 3272 3875 8248 7350 2519 5518 1326 9030 4956 1331 5279 1283 4363 6964 5911 6184 9215 2601 9718 7198 2550 3131 3471 9806 6903 2449 2481
4690 3028 998 660 5478 6906 8671 1105 2715 659 742 7846 7968 6294 9316 5329 7570 9507 6236 543 1636 105 6704 1269 1821 6064 894 251 8342 5746 4527 4611 900 717 3297 1034 905 4072 7640 3431 2452 8758 3253 3746 4211 8128 1244 8625 7931 7253 1724 1179 5934 4299 130 6411 137 7828 1048 1974 4753 8716 4442
6101 7788 6572 6476 7085 6093 6117 511 4651 6015 1585 1281 6962 589 5141 5393 5277 6248 933 5552 503 915 7091 599 6805 2387 3400 3529 7937 508 9427 505 6642 505 131 37 3849 1482 7456 1311 2463 825 6183 547 3187 7549 4967 48 9696 2671 2950 4005 354 4177 6428 8663 546 6387 9507 6501 7349 8349 6949
4034 6259 4398 4060 3550 3647 9872 9256 156 1521 9520 1658 5330 5120 2489 9510 5491 1098 7263 2873 4599 2182 7516 846 1393 447 118 1752 7678 471 3717 6108 7606 4905 5049 7385 6560 3385 9449 1273 2758 135 8777 1706 3132 3051 5124 3877 1636 5226 5224 3914 7631 6213 79 4433 7666 7870 9450 6450 3667 4142 5310
453 9587 9784 3047 9067 3565 583 4542 4058 2008 5883 7380 231 4237 3840 5544 9928 8795 7609 1638 6768 1431 2667 833 5810 4396 3739 8497 6811 2062 9855 2683 2997 5309 5727 6973 4201 4891 5630 5576 3181 2368 3127 7743 7684 7994 6554 1242 4607 3728 4719 209 2068 9734 8044 8602 6120 2308 4093 925 6003 1669 4812
5638 8875 2907 4660 6062 7532 1388 9151 4815 900 1192 2520 7115 7240 8527 9535 5065 1384 5295 6886 628 306 1811 7436 6499 2915 5174 7726 2843 6281 8734 1606 9472 1151 1002 8588 573 8765 5610 2757 7552 9746 2145 8969 6863 7049 9116 4085 3648 1655 9055 9636 7762 3011 6957 4996 9663 4500 1766 3790 5562 1310 2721
9680 5045 5101 4079 7882 2064 1092 719 6215 5626 7340 7384 1098 1714 4035 7162 6989 6745 8934 4434 2534 9856 4782 736 2502 9990 7463 6426 2796 9641 3727 2902 915 9867 3912 8818 3551 2519 5824 9111 4989 8470 1135 4418 1345 8673 4572 8301 7020 2658 9011 5002 3495 761 9472 8838 5375 644 5641 5456 9172 428 2344
8211 6758 5644 8101 6382 3018 5344 885 6503 7616 7371 6109 6980 9199 2946 8096 4769 8113 8156 3189 8862 4720 2148 8477 832 3932 4057 6930 5031 3325 2258 3521 7344 1776 7276 8001 8468 5031 3386 1387 2637 5704 8627 8081 9109 2303 7207 476 4636 4806 5564 1243 4889 9271 6109 9929 8444 676 1798 1657 668 6047 4082
9326 8908 7741 1456 9128 2802 4154 8172 7485 4700 4599 8400 7458 2130 3754 1084 5320 3816 4203 9751 2517 2367 3736 3975 1513 2240 4013 8470 4758 2102 3176 5702 2658 7768 2379 2953 6147 5398 2643 634 6076 3919 4455 8510 5059 8667 9048 2612 6224 6598 6997 6962 155 3569 3308 3406 6622 6262 4302 9076 3147 7054 6518
1523 3602 6911 9627 1897 4901 5508 3989 9620 2680 8680 7008 9678 9906 8344 9824 5760 8451 242 6051 7649 3651 3330 4935 457 8202 1666 1609 9831 6654 9788 7235 3220 7613 2747 747 2632 6448 2276 7199 9335 3284 7136 8172 4869 2641 7 1098 3608 1191 1104 3078 3420 4807 1484 1070 763 7389 9154 5108 6657 3440 1795
9480 317 1119 2134 4040 3556 249 2359 2228 6684 5737 66 902 4122 334 6044 7689 2888 5073 4027 4333 7923 5618 4533 7620 3788 9845 9872 5307 178 8246 3131 2468 6489 1609 7149 8477 2053 5979 2096 9957 6973 8232 2229 1882 7791 600 7409 1509 3372 205 9277 770 3935 6619 18 2203 3999 2335 6680 6421 777 2830
3733 1852 3519 6534 7868 315 6548 8502 9954 9084 3867 152 3066 3939 7266 7107 1649 8774 9155 9271 6226 3478 7447 2993 3703 7253 1291 2647 9810 2706 168 5302 1137 5155 1271 8236 4017 2807 2055 770 502 2942 235 128 7666 2538 2306 8244 5374 7323 8687 3856 6865 4241 6497 5216 5971 8437 575 6155 7885 630 1410
516 7566 9966 5246 1533 6590 2933 1901 1491 7605 3726 9726 4196 7615 7000 4774 5237 5946 6317 2796 3431 1641 6426 4638 9741 733 8833 6001 209 2533 970 673 9909 8918 4801 3504 2153 5000 1092 3059 6094 9050 5777 9777 2060 3848 4246 9108 2471 3622 2200 475 901 22 4193 6111 7001 4159 3670 7452 3358 4039 7499
6172 9000 7576 6734 8404 9093 9000 3399 4191 1212 599 6308 4204 8535 1301 9860 8382 4282 8553 6672 78 8864 8751 9686 5443 2018 6108 3256 6161 2533 1650 2823 6094 1897 5922 4652 8462 682 1434 2609 7543 9211 1314 5193 3976 6694 1266 8857 6926 8330 5063 8748 822 5256 2056 6871 3952 5469 870 3945 1939 3788 7151
3591 9766 1065 7230 4238 9386 2296 5099 7228 3441 4249 4835 706 4810 2163 564 2274 4179 6687 8889 5707 7653 1437 7682 6565 5350 9233 6919 8242 8819 639 7356 5118 3753 9107 205 5345 678 5363 1106 908 4129 5318 6983 6852 8121 3351 3140 549 4733 3763 6789 5125 6928 9775 6963 8631 5286 7919 8820 7719 8137 5095
6100 9782 7793 9521 1937 837 3875 5257 7959 7112 251 9633 4292 8865 4851 2192 2711 6922 1344 71 3553 3970 5829 4953 6516 270 8701 4868 4354 9985 2579 5019 3946 1441 8057 5890 2905 7539 9844 3084 7278 3212 4700 9140 8812 4228 7042 878 9983 9586 2755 7954 7528 6623 6174 1487 3388 2723 1703 6008 4200 6379 1908
1017 7829 3449 8272 1710 5135 5251 7181 6309 8154 1718 5364 6748 8867 7136 5330 897 1975 3491 4370 5584 5516 8054 8022 444 7625 7533 3595 817 2556 339 865 7084 3894 3705 8289 1721 6651 7919 2166 6146 8787 7312 7193 5860 2287 9912 2767 171 5892 1142 4142 394 5852 3123 2942 1394 2340 5237 9476 6801 4368 3265
8695 7897 2304 6587 1780 681 9801 9852 5820 1502 9483 6744 685 5344 7748 7488 4276 9929 9432 5885 2754 3267 3594 119 9505 6385 4674 3688 2829 1528 1131 2842 9316 2765 7138 5118 6052 8882 308 7282 7669 4907 4582 3046 8495 5678 9618 1917 6912 8956 2335 7522 1540 8632 9108 6411 3071 6415 5968 1584 7506 6088 1612
3976 9781 5484 616 9415 7865 8542 4478 1350 2333 2866 5382 8925 782 9517 4810 8940 2534 5064 4940 8160 5563 8086 8021 2963 2517 8299 3347 7554 6562 4479 9716 5154 8228 264 4042 1997 5564 4099 3049 7797 1120 5472 6691 2794 8609 4233 3909 3826 2638 5792 8247 1603 330 8406 1829 9577 1835 4449 3430 1198 2332 2282