11 42
287 7380 1694 145 8671 6136 2872 3103 2965 5612 6404 1934 7457 9033 854 1885 7313 925 9393 7654 6568 5307 2331 5908 9535 7275 1180 6971 6767 7953 6665 8285 3680 915 6000 5166 2352 7874 7394 9626 7323 4272
1071 2275 8548 7894 8583 2510 2176 7427 8759 2112 5174 138 5616 8523 9246 3234 5364 5831 2284 7048 9594 4185 4086 9175 2679 489 7911 3440 4930 7183 2767 913 3540 1782 3952 3805 5976 5510 6418 4413 632 5313
9464 6034 1399 3689 9316 4932 5167 5907 8658 9617 501 1643 5072 7512 3954 2593 4800 1432 616 7657 7601 7884 1482 79 9675 8705 8730 7922 1679 3871 2842 6632 7319 2547 4948 6611 4420 3458 4628 6616 3816 6364
2992 4316 1093 8786 3021 1218 9495 4218 172 4598 3120 1950 6118 3674 7808 4666 9480 1659 1113 5081 1927 7193 540 8101 2174 2836 7680 7367 8454 8259 7082 6662 8975 5027 3125 5322 7955 8685 969 9868 3949 5014
9082 1249 3438 2915 9981 7103 7311 2251 4990 7436 2990 1892 2884 3857 6439 4145 5917 5986 5597 2517 8933 7324 7709 9336 9775 1712 1840 4104 5007 6354 3445 2981 6206 3266 2017 7437 1779 2797 2081 8801 4943 268
4765 3560 3967 4898 3958 3639 8664 9610 6620 8706 5597 5357 1747 7517 8046 9737 6957 5075 5272 2326 4146 2439 1981 3645 8589 3280 4942 7488 3696 1217 7807 4375 9657 1256 251 1942 8822 2319 8649 2255 2514 8440
2957 3924 9085 1313 1522 1059 1492 8657 8051 1123 5416 3114 3253 6400 7676 6409 8999 6147 6752 6289 6016 4766 4739 2100 9737 8309 4946 6608 8796 1544 9439 2516 9017 6867 1730 3939 7653 4249 6827 4151 4979 3019
8758 8597 9145 6048 2205 830 5588 7905 3767 6279 2361 3741 8111 6675 2783 1666 9489 3543 703 7265 8035 6638 6820 7214 8466 9818 7098 5923 5811 5620 2711 2514 7313 4352 6409 5873 6075 3957 7722 6581 474 7558
3119 2536 4641 5226 2476 9357 9978 6198 4186 2404 5227 7399 3256 1175 2259 9201 6815 5110 8708 2869 9882 8485 6888 7679 1858 4917 6480 4681 5541 6622 5145 2386 6364 6534 322 1911 6655 1101 1048 1272 3677 4746
7382 2710 1992 8264 8305 5613 5838 3079 9928 4796 1238 6859 3287 861 9417 1198 7564 1958 5090 1069 9687 3288 8591 6183 4084 5961 8521 2537 504 3610 5041 5213 2255 8153 9551 3608 5289 1570 6940 8739 44 5634
4499 7667 8168 2911 3894 8130 4239 9715 5947 8519 5339 1955 1604 8309 9325 3756 7700 6105 2577 1882 7332 6352 7022 6008 453 9508 5307 6276 2790 6177 5226 5392 365 4708 3180 2023 4823 8489 7808 6806 9949 6264