40 56
8027 580 1677 4334 9010 3571 3541 6197 1216 5251 6529 8336 60 1315 8565 4718 5827 8186 5121 9481 4284 4155 4861 4380 5776 9174 577 9117 8199 9403 5476 7097 588 1398 95 2436 227 2132 1758 5032 6710 447 9098 5001 5985 4186 9077 2752 1018 2356 7625 9898 3054 1917 746 5315
496 7052 7481 6214 6141 5479 9347 6545 6679 2456 9454 9966 8319 7796 9463 3237 8653 3223 2680 2547 8833 6483 1330 1682 6423 7613 2348 3606 5207 5042 8930 9133 9606 7208 7347 5785 7285 9788 7095 6198 4736 9204 4285 9907 2040 5316 1269 7471 2384 998 6417 7282 3415 3615 8904 4234
8089 9971 1796 8442 925 2351 3473 5256 4838 2233 1899 2456 9937 4434 2761 7934 6069 5684 4182 3592 2758 4386 5735 7983 4543 5825 5702 2320 4324 2247 2380 2019 2478 3407 6957 7393 1155 7005 4392 8912 543 2984 4443 5310 8997 1031 6287 8622 6772 8915 7174 7933 2954 6582 8065 2915
6414 2383 3122 9035 2507 5716 2085 3704 4616 8473 1098 9909 7708 5719 675 1850 571 8620 4087 2465 7848 2910 1621 4612 8004 5547 9189 2836 5353 2723 5129 7123 4689 1412 4977 861 5083 6802 1997 9593 4519 6251 2357 8491 4826 8525 4033 2268 326 9865 4436 6712 6140 6145 4317 5205
6290 3155 1736 6254 6725 860 3836 8059 4191 4809 7562 6784 2700 1691 2923 5027 7253 2480 5761 2509 2358 9201 4823 7156 8709 2624 8757 9291 3877 8732 7398 4133 4267 5826 5317 1306 1902 5796 913 9722 9768 5703 1436 3032 9296 8538 4612 334 8551 8499 7798 728 1146 9911 7562 8867
9385 2593 2376 8021 4044 4917 5902 9836 2416 3735 7245 8026 7100 8210 9951 2123 9969 3344 7960 8597 3154 8047 3433 5838 6369 8415 3835 96 8058 7973 5860 2379 2675 126 4964 7171 155 374 4015 1896 9700 786 3703 2080 5387 1437 4280 891 1119 8272 1882 4650 2344 4838 5008 3865
6204 7408 9172 7841 1331 2659 7636 9527 8032 7533 9370 4478 118 9840 4322 5597 3295 3823 4901 7175 3301 7484 2810 8267 9138 841 6649 4881 9557 6790 5993 2162 9750 2677 4674 9685 9155 7226 2316 2032 6786 7467 8702 4813 3699 305 7046 5163 5699 2822 1477 3758 7471 4725 8150 4222
4750 486 4804 6202 4371 7910 3125 6752 905 3306 3699 2619 2726 1799 7421 8561 6648 3849 6419 676 5268 8896 9450 2377 2596 5394 9820 5246 8484 2186 4653 67 6000 6458 5580 4473 5492 9751 6257 1813 5003 3073 8651 9337 6179 3873 9326 152 8856 1921 4884 6902 7549 4878 2443 3106
635 865 4221 2211 8193 949 9244 8494 8921 7677 2845 7668 9614 4045 6411 3078 8982 3514 2679 8672 8007 6997 6140 3542 4029 372 1734 5707 8777 4024 8324 4255 1904 5452 4648 8669 4306 5215 1748 1984 964 5827 8691 9498 3943 7024 2569 3168 7084 4748 4986 5496 8950 7454 3165 8142
522 9132 9685 5078 7662 5369 5885 5183 9645 1535 299 76 8054 2324 1426 4113 9186 3144 9926 9513 2634 9731 491 763 1029 1030 3440 9262 6852 2430 7867 3874 570 476 1558 322 6375 6326 3746 4757 8012 9382 500 1967 8222 4658 5899 8041 1650 998 4208 3225 4965 3968 5859 8316
6159 6976 8319 5109 7705 5926 1435 6007 1427 3042 2872 9826 5805 5005 7040 8022 5504 3520 7687 9573 1359 7725 3693 7465 3055 1025 5531 1402 2502 4481 7864 6561 8962 1296 4618 2100 3961 843 217 2876 5949 752 5757 2258 9975 3672 5376 1138 6808 5749 8278 8047 101 1830 3241 3988
604 1290 6699 4857 118 2785 3525 9012 3843 2641 7111 5866 3473 2518 5610 8915 7448 2536 7300 4300 5739 2940 1496 2949 9651 9005 8934 4918 3882 7332 7954 4502 995 7646 9587 5851 4360 8531 6881 4849 2551 3670 1396 8363 4355 578 4342 6557 1571 8297 9984 9293 2796 3135 2090 482
8932 5855 2415 4614 5377 9667 4000 3726 807 6596 4990 7600 7279 1917 8128 337 2446 623 4163 4266 3417 8526 5347 9752 5454 4346 3470 7192 4815 8356 7304 7119 8496 5936 2998 2032 7384 4530 5698 3287 3915 3417 4255 6632 6899 3795 5067 3799 8012 2396 9173 6400 7660 1856 5750 9103
1743 4947 6381 7698 9515 530 8842 5919 748 7809 2948 6220 7707 6825 2322 6515 8817 9066 4574 901 9857 6355 6539 5680 9245 323 7397 5666 4421 613 5241 9161 4535 9065 6618 6278 1649 9573 8747 1881 2643 7822 5315 2940 9124 1695 9788 1006 9525 7894 8424 468 8997 9036 8085 623
1505 1012 2682 4122 7168 4743 8320 8623 958 6015 485 4554 6889 8110 7143 5381 2147 4991 7209 3893 5873 6296 9583 9510 5802 7189 571 6470 6725 9565 5442 5507 8812 8411 5586 8952 4649 5213 7455 7890 1305 8050 996 95 3471 7723 2799 3197 8547 9552 8248 8043 4667 980 4528 2984
3818 903 3686 5433 686 8693 1659 2878 8382 4058 1588 1750 11 2034 4109 3328 3691 7598 7040 4342 1015 7949 8586 2094 4182 2962 7088 2237 8739 3764 824 4338 3638 3075 8411 7260 7939 9740 8375 7731 5238 8196 4654 4014 2852 1009 5825 3187 4817 3906 6210 2485 9436 8682 9203 6233
5893 7620 6459 362 3884 9932 2310 2260 8778 5122 2512 4546 1375 7080 7819 6424 4800 4844 1401 6072 4932 4148 2272 6081 5045 7378 9587 1681 3217 7871 7269 4960 5369 9627 6584 9881 4274 4067 6600 1606 8048 7531 1117 8269 3179 497 7238 6865 5753 7728 3468 2485 3123 7995 929 447
2685 2284 5418 2337 8671 7939 2921 3417 3471 7616 4595 6355 1231 2521 2147 6781 7333 4352 3226 2910 3973 8444 2289 9824 4084 2956 6431 6135 5684 8983 8184 9590 4868 3190 1081 5018 8870 1161 1184 1426 9188 7483 3557 3107 9781 5786 528 8980 1377 7478 5156 6780 7905 3673 3324 3182
8796 1178 1333 7337 920 1564 7188 5310 3013 7021 3168 1748 4180 837 7164 5228 9881 6508 904 8392 604 5550 1937 6104 557 5 4631 2387 8988 1443 9415 6719 9630 5682 3417 1597 7379 7025 298 3916 5883 6990 3492 9734 7588 6218 4878 6062 1952 9132 5456 4356 5891 6415 4514 42
7775 3217 1269 3678 943 4130 2369 1627 7998 7828 4065 8837 1008 2696 2529 6594 8162 1866 1990 3524 9020 9408 7338 1361 3004 9821 6740 4817 2259 5702 4114 2062 5499 3745 2620 1065 4961 4099 5792 9985 7269 921 6272 8156 126 7334 5087 4668 595 6840 1545 758 3765 9604 7808 7627
3781 8670 3789 5744 4230 4411 1615 7382 8476 4319 1937 4921 6209 8404 4705 3214 9342 4222 4279 5719 7974 4318 3705 7265 7389 2907 9423 1175 7825 441 1300 6188 5937 5962 8373 805 4740 3535 4488 3615 4689 7920 7110 298 1880 2672 6917 7322 4556 1215 8319 3174 2680 2487 5716 4520
4476 9235 556 5197 8417 7336 4340 4362 2796 7759 1824 3929 4222 772 6554 3235 2940 809 9664 8949 1889 9102 6157 483 2138 1483 5334 655 4370 4767 3382 1858 6652 6568 7963 4947 8021 3719 662 5708 8570 3860 8551 278 746 4469 3848 4559 740 6754 1236 3282 2250 3164 7254 6420
5142 6290 9614 8439 4940 3163 5203 2205 2798 8739 779 7849 6140 7529 2607 6395 2712 6208 8252 5522 2032 1030 3689 2853 2372 9837 8003 6982 4453 5538 7050 7621 2794 2877 207 1115 4526 7735 6771 5182 1067 6927 5160 6170 1808 495 8913 3783 376 4861 1751 5948 531 8288 7476 8311
6871 4893 659 4335 72 6948 7836 604 1613 4339 6628 1205 6228 4007 8862 3921 421 4669 1464 3248 9547 1597 9709 1089 6897 7539 2430 9122 2119 8134 9078 185 8094 4032 3471 4922 7566 447 4189 2528 9954 9967 6840 9026 7899 9441 4575 4741 8713 6037 4446 638 5034 2075 2756 448
5617 7450 235 9247 1256 4175 1279 5862 4946 5766 2382 6046 4357 7422 8448 5803 3707 9595 2840 7968 9628 4363 6841 748 9572 2355 6471 1159 5298 5770 9332 9069 8143 630 8185 6376 964 8481 6208 297 8868 1078 5763 9898 2777 6644 2628 3511 2019 4935 8478 6647 4412 5254 4669 1131
8374 4934 9167 8438 7909 6535 9965 300 1153 8940 3977 3335 7389 8914 2211 1344 4334 9784 2349 4483 4649 4603 4595 9483 9750 1457 9644 4053 9767 4395 4677 6377 1370 8041 8703 9437 3009 9173 8240 2401 8163 8405 6206 3594 5882 8289 5897 8089 3581 3527 6476 187 237 9751 5458 2659
9585 7193 2987 7865 2694 449 4435 2248 6031 6276 987 4530 7114 6091 9563 4673 5983 7355 8387 7675 4587 340 6565 647 2629 513 578 1274 8012 1077 7557 6935 4752 9621 3042 660 6321 2750 3112 2567 2781 7932 5846 3602 6661 7397 1823 2454 6530 3949 4174 4271 3285 4927 584 3936
3398 2399 1893 9010 4026 3057 6215 5121 8313 1069 1445 6269 4418 3148 6402 7387 4009 2648 1750 650 6159 2070 3609 6609 9941 8328 2807 7847 2860 4297 354 1901 2501 3459 8300 5203 5307 9172 3907 4343 2468 6834 4666 1983 5277 361 4084 80 6864 9028 4106 8019 5017 1450 3951 2008
4069 6568 3005 3747 2117 3394 7434 783 8666 4921 8941 9209 3725 9175 9949 5679 5622 5373 6867 5778 6401 9495 5397 7915 9837 4690 7632 1478 9414 661 5226 9253 6692 9350 1254 8675 7274 5506 2460 930 4764 8320 7266 2998 9927 3376 9743 8117 973 2274 2351 799 338 7360 2982 6108
7623 4623 5982 6915 1533 6604 4401 2917 9182 9241 7144 4573 8680 3153 3102 3129 644 1466 7486 4634 954 9412 913 5183 1104 5361 4108 2223 6436 5751 7730 6747 2666 6400 8469 9959 3072 6375 9584 516 3377 5949 9302 6084 5082 6409 6291 3467 8569 4359 450 2047 9348 3798 8626 6855
4067 8716 9230 1027 8439 2482 8097 9638 3450 7538 2401 6882 1593 9963 5932 4712 2530 1900 2019 1294 2054 3649 5801 937 6220 8709 384 4864 4620 9442 2746 2885 5907 2461 1740 8682 9323 3220 6174 9238 6012 4666 1751 4396 5349 4091 9242 7227 1860 1766 4647 5561 6959 1983 8272 3939
3812 8389 4898 5277 3323 5178 2538 8322 8081 9699 1738 1366 4506 9748 8490 8548 9160 8869 3983 7732 8450 555 8813 8613 8921 2148 4556 112 1996 6203 898 4380 8068 9763 263 2491 1147 459 2440 8032 9256 4426 6728 661 5293 9225 8015 6603 1070 2849 1371 60 7465 1805 6912 6624
7174 7229 2560 55 1127 4888 949 6987 8345 9204 1954 5969 6076 5698 949 9886 3104 6355 4844 5300 7967 7197 9635 6005 9793 5149 4752 4811 3393 6270 2519 2694 7123 141 6768 3653 7961 5316 7446 6583 4231 5348 9956 9861 5652 4278 1197 5369 2761 290 3272 3819 7225 214 3835 7017
3098 358 8068 7375 6525 3438 8290 8590 1302 9525 4762 5923 9109 8795 7069 8949 7487 7563 3327 1800 7344 7283 4898 680 3063 48 9262 4639 2617 8104 1566 7608 2332 6443 8071 3400 1810 3774 8585 4268 2940 1391 8651 6198 2570 9268 5684 1712 1012 5040 2728 5609 5708 1108 1337 8769
4668 6264 8604 3014 3149 1875 9729 4460 3746 7585 602 58 5111 118 8751 6838 252 3852 7264 8989 3200 6377 7920 4720 6985 9531 137 1072 8953 5975 9360 9653 9713 6157 474 9944 6447 6822 7779 1819 7989 1442 5731 8193 8119 8028 9866 2648 1767 867 6581 8756 4444 9098 9439 5330
3762 2250 2733 1424 5701 8435 9606 6185 3377 9558 2924 6933 4853 2316 5583 8833 1406 1684 1897 3081 5223 4638 1875 2820 3080 9373 7487 3640 4451 1250 8187 5363 4093 3472 1745 8 9432 2667 9935 998 5593 1498 9591 5867 5565 7530 9015 3204 6825 8479 9546 901 9116 7816 8705 6342
6154 1014 6122 1498 934 9999 4221 941 9622 4345 3509 9028 7588 9318 2377 6639 1032 9625 3235 2830 534 4683 9795 9645 5735 6000 6961 2570 4504 6588 3779 8769 1829 6183 2047 2152 4327 2663 2139 3054 779 1843 9211 8252 8361 3225 2393 5676 7418 4645 4480 5825 4730 2021 83 1361
1847 5255 1286 2531 1269 7110 2635 9793 920 1509 6153 7730 6316 5505 5540 2252 289 6573 7109 7324 4391 4931 8342 2339 346 9194 1666 7150 4249 7239 5944 213 5594 5272 9588 4698 9708 3474 4809 8256 3453 1645 6779 884 4168 6948 8663 8049 932 485 3155 8985 9680 4361 2017 9588
246 3184 8252 6529 2424 5724 7537 288 5594 2311 5799 1922 75 912 1600 562 9443 684 5209 9610 1408 1370 1537 6 9668 780 888 6364 7467 9881 6968 3390 9506 3698 7261 5913 3837 1062 6855 1053 4001 4892 3078 6631 6692 908 2354 2153 2261 5394 8134 701 2535 4738 8191 3401
13 9064 9731 9392 9129 8759 116 1849 9954 795 1322 3524 8741 2815 2191 1827 5837 3704 9640 8311 9944 5890 6598 9617 7440 6958 8158 7866 9057 7932 1726 7128 2602 8011 5194 6874 2055 6560 8869 7932 282 4814 8139 9918 5262 4233 7437 7847 6661 58 9502 3432 5058 451 811 3281