55 78
8934 4819 1881 1490 941 2471 4995 3071 3005 306 5604 3103 8718 7851 1320 4325 4128 3969 4174 9835 3159 9067 6897 1685 42 380 6538 6503 3880 7689 1290 2440 1423 2914 7095 6929 7646 5641 2012 3807 51 4413 1289 6531 2942 2889 3390 6718 7113 5068 3926 2822 4346 1283 8493 6489 7397 2965 4400 6099 9377 1644 7257 712 6926 1303 1583 7456 2166 6907 6059 7557 6198 5171 4777 5401 2506 2914
5522 5848 1287 5064 8381 4616 4557 722 3169 3843 8689 6602 1006 5745 7756 3235 7760 5006 2421 2484 6912 3753 8819 2246 5027 9980 3988 9835 8638 7175 5567 1044 5483 2610 1615 3749 2004 2172 2626 3128 7580 4414 2856 6219 2311 4397 6765 2593 986 7413 7102 2438 5098 3811 1004 4143 1700 7292 994 6763 6226 4070 2901 2226 6358 5923 3535 3671 2075 126 5109 8168 4953 4816 9264 6476 5288 2624
7071 9169 2753 4000 4481 196 6960 2503 323 1330 8294 2902 9119 250 8135 3195 7704 4262 2480 4107 1520 3052 5185 447 8621 7511 8330 825 4968 2786 2449 1715 8530 2309 6198 8062 3026 3423 9811 4412 2164 9040 6065 7228 1445 5189 5748 6822 5829 8442 3827 234 7447 8377 2722 9756 283 6732 8380 9607 2173 7356 7689 7540 8965 1291 6680 3383 3278 3734 2728 4427 2615 4141 9058 2200 3409 8165
6664 5725 4183 424 9790 2124 6404 319 7228 2013 3815 6576 1917 4201 7259 2509 1343 6229 3770 7438 7716 2331 3243 2364 8983 9966 229 74 5755 5198 3020 1943 7318 3231 4448 4430 3612 1825 8125 7152 7187 6754 2164 6539 1358 7606 817 3246 6039 9335 1296 6974 1645 8621 2843 5992 7155 2639 3034 9578 4390 1019 9223 1846 2064 5898 6690 840 1340 7186 5629 5557 6342 8894 3447 9218 6905 4582
1065 5093 8726 9058 119 3229 4302 8848 3723 2603 9992 3027 4441 4439 6925 3262 3016 7608 3779 898 2424 9263 5563 6791 4420 5649 7769 2934 8140 4783 8195 8077 4355 45 1615 3279 7321 9533 5820 5806 9601 1715 210 3525 7504 7674 7905 3201 1172 4537 1236 9966 3230 6776 1065 4469 9082 4970 2767 2046 6415 7307 8129 9023 7865 4545 1787 3807 593 4763 6938 2957 1550 4650 9055 5967 8672 4782
5910 1941 3271 3249 9140 4963 288 5090 4344 3205 6034 44 9121 2049 2682 7275 2997 6861 9294 7500 7278 9733 2040 576 876 1636 9283 7434 8228 7663 8274 5144 6497 3982 6451 1807 1986 1409 7690 8890 9490 786 2709 6898 4492 6068 6474 1566 4774 72 9249 8294 893 661 4332 4788 2287 7518 6120 8690 1705 5434 7360 6355 4458 933 1859 4904 7368 7519 1162 7407 8820 1853 2954 4151 2133 2222
5923 18 1549 6413 6044 6719 9600 6455 786 4732 6482 5347 2531 2373 7767 815 4251 689 6905 4629 8074 8916 222 1840 9109 1260 102 4740 5170 895 2705 83 5897 2657 8791 5593 8616 6887 7241 5770 2866 2098 6137 207 2181 8983 9036 8598 6234 9041 8297 6286 3549 240 2816 1490 6805 9752 6931 5483 7911 6535 8008 3910 2988 3121 6476 963 2467 6491 1604 1207 2954 3735 3698 7699 6422 1192
7430 4336 6932 8198 9450 3651 738 4721 1385 3235 255 7946 4932 1332 3359 8355 8598 7642 7963 4307 3674 6105 9216 3831 9516 8514 8265 3579 1210 1964 6121 195 5054 3314 3038 1758 5808 9390 3073 818 9576 5469 7763 3017 3206 1837 4920 8385 2783 9475 9532 773 5334 6434 3587 1122 5990 3617 1468 9744 4151 3274 9783 2435 5507 1646 8538 1059 6313 6207 6189 2530 9139 2990 9944 292 8650 2948
2604 3618 8177 922 4450 1664 1027 2256 6390 9055 3987 9115 2195 1574 1466 20 4273 1151 3437 4329 9064 9861 5998 1875 276 4855 5096 781 8182 782 259 8769 1121 6511 315 1820 9076 7669 447 3852 7075 300 943 7798 6084 5160 7980 3269 3283 9263 6581 9142 4646 1545 3597 5993 3206 3522 8070 5153 7386 8510 6755 4899 570 6319 7752 9454 623 3192 1947 8360 5134 412 7707 2966 9225 5540
8591 7674 210 3324 2869 230 1325 3783 8961 129 3564 7088 8967 7724 7055 8575 1199 3012 780 4380 7506 9384 5550 7818 8689 3176 6196 104 6710 5333 8179 7851 5798 5511 5198 8673 5514 3165 331 8779 1100 6698 9789 5314 9911 9433 9714 3717 3144 8151 7435 9304 2942 7515 7375 9050 9374 4620 9987 4845 8399 9844 7367 5861 3186 2639 7117 721 6307 6950 1350 9912 958 9211 5344 627 7708 5745
4931 1702 2827 9073 7328 8862 7277 5980 4085 5722 1946 4592 2656 5922 8505 1684 2970 3010 7016 8550 8971 1440 9793 6501 9639 9790 7044 7605 4065 4927 567 5829 1531 767 3072 7790 7835 1711 705 7696 8473 9688 9433 5100 4040 7645 7274 4608 5514 623 8462 2509 2544 9358 889 5371 9079 9442 7542 3431 2074 9560 4560 5341 4200 1465 7564 2687 8918 4028 5745 6848 8386 5285 3787 6486 254 7061
6721 9653 8597 5762 6249 7972 484 6316 5640 6213 9863 7447 5771 7825 7201 4388 4406 2021 5158 1545 7024 6490 2727 9993 7365 9243 200 2847 9224 8388 5730 8684 665 6123 7179 4287 3460 6248 1997 3930 2412 7135 2284 9511 9046 7599 3928 6216 95 7953 7718 1179 5792 2161 200 7503 1602 1537 7822 3523 9578 4975 3430 7399 90 8121 4670 7836 4398 4706 5150 5504 8586 7905 5996 4579 6207 4244
7243 6091 8019 9626 1955 4243 2259 257 9736 7048 756 5601 678 1323 9464 6285 5214 7211 7037 427 7217 1208 3094 2053 7540 1849 3855 3340 7964 6992 5177 9613 8293 2561 6571 1048 7091 9010 151 8109 9965 9938 2465 1639 3947 9069 7406 9712 9413 4419 9852 1961 8950 7560 2931 9476 2209 8974 2113 4979 730 6709 6977 2283 7586 3981 3714 2412 3858 364 1940 9330 7225 8312 7951 9246 3409 3073
9298 9309 9841 1695 9358 6003 9013 2660 1371 3002 1324 3648 1876 7373 7023 9271 1571 3361 2904 6097 1921 3384 542 8064 8120 1802 7191 8334 7168 7127 8897 5002 6980 9584 1044 5291 3248 7243 4819 6766 901 2419 7564 4725 7969 930 5173 1710 2906 2303 1632 6325 6562 3099 2654 2386 376 2073 4455 9602 7118 1287 9696 5768 2821 8541 6429 7603 2835 5624 751 8254 3625 6973 9085 5761 7519 9001
1211 4030 1307 3515 1875 3799 5909 2068 7363 5357 6272 7501 1291 7080 7207 1955 299 918 7320 4269 3040 5950 1866 2173 1767 1775 1308 4836 3243 6411 2401 6278 9825 7572 1556 7774 8717 3733 7113 3836 7086 6812 9730 9623 926 4276 2046 9991 2964 3696 4291 1178 1679 5030 7890 5615 969 7806 7792 4799 2627 7363 8015 2700 1217 282 1822 5952 5553 7045 4625 8312 2182 4672 1352 386 1248 1291
9968 2559 6707 5159 429 6363 5175 3832 6864 2170 4611 2516 6746 338 8650 673 6356 5210 8456 2291 7 976 485 311 4797 8574 772 6959 8157 3007 3473 1609 5705 9122 2746 9413 3219 6596 4256 2561 6727 7554 586 8285 544 9676 8594 8708 4761 6978 1525 2147 7473 879 1614 9947 9916 3806 220 782 6628 9938 7714 7830 7969 8090 5528 2212 7057 4788 3880 9604 1560 5952 8265 4112 6125 2045
8295 9247 1184 5639 6156 6931 5485 4688 3307 7469 1287 2787 1166 2939 7968 5763 1648 6130 1893 3294 166 3152 529 5201 8024 9267 9457 6352 1082 4624 2981 5171 2546 942 240 102 417 8024 6739 9270 2462 74 4263 1047 7326 9085 7519 8221 3218 1654 4932 1984 1239 8281 9069 9549 9646 6464 5699 5332 1627 3705 7950 6107 2070 7588 7716 2096 8375 8177 9209 5424 1146 822 6221 1220 9049 4831
3569 8038 1690 4006 7430 5845 2445 372 1566 3695 9810 5774 1916 3950 6092 3909 3952 7030 4665 9605 6425 7139 741 4831 7176 6056 1155 2921 6685 9216 9307 5969 5185 9831 4129 9503 8591 8526 8712 8610 1061 41 1668 3659 310 2664 8582 7307 2031 3926 7470 3111 4342 5829 2995 4373 5242 658 5227 9702 8980 1056 8613 791 2756 5699 5492 3497 5466 2272 8177 1452 2954 4267 6404 2300 124 7164
6212 9432 4347 974 7376 9052 729 2909 8633 6301 6894 1797 9286 2576 5146 5939 8602 1386 9265 9771 2171 6013 3560 5094 8550 759 8465 3081 7085 5423 9493 7407 2028 5892 3227 736 6093 3100 1960 7026 6253 2061 8063 2861 1906 4857 2024 3409 5951 4890 264 5565 5695 3625 8975 8089 6591 3076 447 4120 7111 5969 6206 4807 403 1920 1667 138 7706 4244 2179 9771 2891 1977 9847 2758 9803 2434
1525 3214 1168 6427 8211 3078 566 7471 1558 5090 8959 706 6642 4477 9620 7912 9069 9141 5594 536 7205 8328 792 8201 4602 987 3489 7224 664 4966 1491 7395 870 4942 1822 9586 181 284 7645 8580 7552 427 3086 6763 2074 1643 7921 2970 4204 1791 7655 5448 6060 6890 2978 6515 2127 171 1610 5907 2568 2954 813 8221 7589 2826 8122 3985 5938 4722 3729 4527 4441 8083 7614 8177 9831 5536
600 6356 6102 8813 5143 2908 9901 7544 6710 984 3539 1741 5531 7 8704 4166 6701 5521 4808 1979 8452 9298 2330 566 5385 2014 2020 7638 4523 2297 738 2271 2165 6724 2070 7938 6132 1734 1818 2357 2789 4889 2063 8640 4735 8179 2355 5270 7650 7780 8461 6414 6502 5121 8978 1999 7804 2116 321 3752 3861 8543 9420 9131 8243 3184 9392 9355 4977 7043 6052 4042 5372 3208 2504 3791 8328 4694
1594 6374 2920 4497 4171 1967 2944 437 2221 5583 7773 6911 9116 7518 7578 9675 3172 2310 3641 1901 2180 7085 1786 533 2259 7607 31 8693 9166 4475 1958 3189 7499 4264 177 3923 8163 5274 6940 6951 5067 562 9014 5461 9148 1359 425 1938 3493 2443 8326 7879 2020 8762 362 9728 3317 5955 646 9222 1967 5119 2465 4951 7646 933 1163 8310 7132 9801 3646 3104 5476 2874 4835 5637 3333 9209
9403 5032 7200 3681 4454 1106 3735 6542 3210 202 3808 3599 7652 4801 1741 4965 8547 3125 9058 5964 9540 2270 8349 6129 4060 4053 3765 3210 812 6902 3917 9255 5745 5493 4606 8440 1375 8102 519 5989 7173 9720 9052 9720 8321 9024 2721 1831 1250 173 9098 966 2746 9291 149 721 75 9575 6090 9993 5462 186 4593 7924 1605 9768 5285 5550 1692 7453 8642 4804 5784 6400 7267 3018 8232 4697
5183 3248 6947 9883 5396 407 5393 1621 7339 117 5481 5185 2282 3772 9742 9879 4021 8566 5074 2366 6700 877 4984 8335 1822 396 8666 6128 1150 2676 6283 3882 7533 3033 6221 6727 9055 1040 4585 686 8114 8458 320 1761 1423 8424 4124 791 2030 8208 3989 7943 1043 8024 2994 6826 780 5416 1413 4242 194 1514 4623 2452 7583 9972 2674 9489 8284 811 1781 3802 5430 8441 5447 5956 8741 5658
6545 8888 2770 1698 4485 7612 9820 1069 9966 188 4337 830 8565 9976 3711 204 6252 3272 4797 6380 2944 1495 8608 228 8454 5440 5531 2928 1982 4621 2268 3141 7709 4842 8672 5281 3615 7978 7581 7425 7403 7104 4240 3716 3350 7382 4544 472 9432 9980 7581 6884 4489 2497 6037 6793 8283 6218 5314 5500 3386 2366 8016 391 7873 9168 292 4488 9787 9964 7769 8223 9611 2276 6965 9460 3262 9350
4774 9185 921 7957 9563 5461 578 9672 7784 2210 6358 8888 8832 3506 6251 8849 2017 4638 6939 3329 706 5250 9790 8223 5016 9537 3185 2616 474 7579 3196 4505 320 3649 9872 8649 8994 9391 6332 6394 1728 6022 7247 4922 8415 283 675 7102 7208 7356 9323 7833 8066 6889 7014 5609 6719 8995 1658 1580 2160 8685 3045 8477 5864 6624 9135 7894 271 5489 3292 8376 6160 6898 3914 618 2711 879
9977 7368 8743 8746 3699 1642 5034 7158 7673 3702 1594 6941 6352 6730 8021 9742 6898 9543 467 3761 9875 6781 8026 9817 5466 6673 1255 5744 6894 5148 9329 7434 21 7604 9119 8140 2492 5662 6927 3653 739 1673 8453 4207 6499 2385 630 4261 2538 646 2561 2121 1781 4021 3591 5182 5814 2960 3658 1357 4430 395 8915 4068 449 8301 6367 2269 2685 9583 6570 9589 4153 5915 2215 8128 8468 2171
5362 4579 1194 8303 7151 3657 7798 7932 7436 5079 2396 2116 2399 8962 6055 2191 2091 9057 7556 1165 5394 4409 530 4566 8740 4453 6939 3936 219 5870 3607 4990 7952 7028 9854 6511 9963 6043 704 6152 6979 3806 3396 2979 8481 5285 2831 8748 2949 1904 3238 1881 6329 2090 4281 6554 9717 9078 7483 8542 4350 4564 1031 1540 1047 6124 3637 3820 7429 5051 9610 352 7807 1148 7543 9565 7834 8639
902 4745 135 4574 8171 3844 6213 2334 718 8328 8857 909 9430 5895 8265 7662 1177 9978 5329 3265 4978 9429 4277 430 8281 4232 3238 2478 7977 6025 7297 3438 866 912 395 3341 7973 4270 9530 5168 4612 7831 2763 770 8808 8991 3549 1994 6172 5061 3793 6025 8576 4932 181 2377 4698 3618 5319 3996 4571 8957 5532 7971 1353 3275 1345 9085 3912 5659 3595 1546 7919 5708 8502 5075 6767 665
8808 3036 7678 3838 8971 8470 6816 1743 1637 1999 7435 4625 4361 3638 6896 8981 2340 3976 5355 2708 821 1707 970 663 6997 1964 3230 4304 4239 6749 3827 3148 9772 3714 8580 7128 2073 3900 6763 3297 9548 637 9398 2813 7549 6392 8469 9630 3693 761 2377 872 4173 9465 8017 922 9424 9358 9482 8344 3939 30 4755 8798 6098 4807 5742 2635 621 2421 3968 5083 6966 3747 2691 6633 4831 8331
8368 2795 5858 1539 358 594 6266 9201 5274 9977 9508 3158 2513 9195 1206 4511 6806 1471 5793 5725 2271 1880 2942 2869 1343 4134 2167 5567 4327 4655 5362 278 8212 444 8354 3628 4525 4041 4402 8436 3994 4595 6218 5370 335 4921 5838 5270 2796 1333 1384 3803 9633 5204 6330 2168 9500 467 8946 2226 6370 7425 2870 3860 8800 7722 1070 3236 543 7402 6254 5911 7962 9867 9481 9524 7422 6430
3652 2369 5444 4108 7268 8601 7327 3959 6893 8078 7532 4969 7683 5511 5525 613 13 1495 8676 9480 8619 7409 7400 5083 7883 6669 9005 2021 2416 1416 9343 5699 5453 3244 9464 6396 7843 9846 838 9484 1500 8849 6670 3368 9973 8430 8236 9755 7757 348 2038 4283 8121 134 7912 3721 6668 2560 6258 2623 1337 2210 1640 2331 9435 4634 4473 160 5317 2094 7037 1106 9049 8091 2553 5975 4844 1626
2786 5869 9077 8219 2952 36 1732 6415 9916 9111 2599 2635 7432 2298 2938 2700 6041 2646 5330 7041 77 5045 4967 6167 4694 2091 242 7455 1295 5613 8197 6409 7886 3200 9270 8214 5077 618 4757 3956 6701 6435 3832 3748 9109 8144 3765 7209 9312 3692 1541 8369 3588 7352 3304 8952 7918 4109 172 5396 1370 2712 1865 4727 3410 7984 4841 9229 8527 4637 2379 6173 1844 6682 9574 9442 9059 2824
6937 4635 1518 5742 3417 7735 5773 7923 5890 9579 2710 9002 6185 6345 6269 1863 6661 9950 9871 5710 2555 9877 1485 7222 2055 1186 5419 2103 1406 3727 5090 2751 3452 2527 9381 5889 5992 2109 4711 9845 4020 3899 6516 6313 3158 6376 6179 4311 6535 228 8336 3538 695 5671 3588 6120 5005 8578 9538 4112 9499 1487 8852 5341 6755 434 3714 2561 959 207 8871 3343 9462 7772 2798 7506 4876 7612
2455 2133 1383 818 4767 3262 5190 648 1278 3010 8646 9383 1192 8480 4847 7181 6491 5057 743 4075 9659 1311 8648 863 7137 9566 8285 304 9021 1332 6624 8509 9394 4949 3455 8075 3626 2044 7539 4306 2874 4526 3401 5477 6501 639 6043 6033 2652 3183 7908 5712 2771 3497 1684 8802 5953 5154 9375 7720 3132 3649 1485 8122 6655 5011 4424 6884 2714 4827 6895 4582 9922 5215 4340 6724 7684 1163
5576 2433 289 2131 740 1814 6934 90 6579 9994 448 2014 2354 1260 7894 869 3653 2963 8186 8015 2728 8225 6411 1579 9822 5630 3014 6572 9462 859 9709 234 7534 2799 4909 1647 2669 3423 4651 954 7805 545 5837 6797 2397 296 2878 7495 675 7693 5622 9323 7950 2842 7114 9773 4287 653 9442 6366 7090 9817 3118 8007 187 53 5543 3553 2518 6861 2514 8043 215 6965 8961 1354 4699 6219
9400 4695 1781 2178 4025 1207 2207 2803 8355 1029 9112 1903 7925 3676 6294 189 7670 2310 5669 194 5203 1677 6295 2436 7773 6075 3347 2661 8447 1134 6170 1186 1661 4783 4171 4100 4135 3776 6482 6573 348 6663 9151 8645 8491 9584 9195 3344 4697 9449 9206 7807 5581 8521 9587 4635 6274 3149 4920 7377 3832 6243 6813 4879 9403 7070 742 9277 1817 4270 7202 8403 6222 532 8904 773 7586 9902
4397 2624 6062 9181 3022 514 7532 2246 3658 6027 2848 7106 9576 7470 4284 8885 2848 8702 7042 2851 4336 4450 5495 6538 2918 388 407 7007 2460 1489 8229 5252 5233 1791 3153 9873 2290 1 9865 2850 7249 2157 5469 9155 4502 4249 5492 9095 4065 7369 9476 5807 2991 7943 6763 7382 6861 9449 641 3839 8476 1048 581 4482 5805 8288 2570 3396 5319 5440 5386 1214 6931 132 9159 7964 3728 3200
7482 2266 9185 8818 2438 8699 1193 2219 1988 6565 9204 8570 8531 3159 6775 6465 5375 7767 4211 4264 1008 5009 6677 7151 2839 1602 9948 1930 1701 4645 4944 2563 1543 5159 8429 7187 4611 7435 7236 1727 8920 1478 2252 7180 4288 1659 7117 7649 6415 6062 5974 2452 3087 837 8145 6910 5975 2332 2316 2252 6415 3331 7010 1183 8071 5991 2364 5958 5216 2488 5456 5109 8703 9114 2653 3448 5698 320
1455 5638 423 8205 1052 487 1441 8243 3657 8888 1993 4904 9422 3498 5942 6705 1377 5046 4371 1990 6402 3531 6171 1370 169 9392 3140 8545 5707 4087 3610 9552 1845 2024 159 9351 8847 8538 4418 9399 7759 7312 5264 7530 5585 1662 4537 2108 2543 3194 1225 9102 4421 3529 7938 4744 2406 1125 581 8731 1255 564 5377 2846 8817 3702 3855 8245 3724 5757 6598 2599 9138 4074 5982 3312 9840 6622
2445 9462 4730 3001 8475 2045 6888 2951 5927 941 1859 3030 5149 4185 9988 3814 5954 1013 7398 7866 4138 5362 1085 1264 8702 1165 8776 5295 6702 800 8535 5405 2359 376 8758 9841 4325 2141 4258 4468 9539 5573 9955 9520 3661 126 8659 2565 9397 8237 2530 295 3315 6031 5970 6885 8117 1878 1632 2099 8435 632 4856 9820 8088 6604 8353 8759 938 2119 3537 8713 497 7180 9395 6871 3781 1321
3416 8066 7936 2597 5662 6561 2117 2236 3859 4076 9564 1408 6600 5294 9742 3400 9454 9375 3623 5969 1105 1347 8979 7810 6411 1013 4775 8733 9636 7244 961 3774 8160 4914 2441 8293 3902 4793 1630 8274 7102 1244 3124 2272 1472 1699 3864 5023 908 5569 122 2874 5469 6486 1787 2024 3816 3763 1876 871 6413 4516 1733 8278 6848 3075 2179 4569 9124 342 9346 5926 2818 7333 4668 2639 2010 2961
9310 1757 9571 7196 1606 7711 408 7134 1854 6845 4580 4820 5075 8049 6843 8463 7864 4304 6833 4681 97 2197 4859 7456 5838 7031 7941 6029 668 8657 2145 9752 9158 1665 2806 8186 1099 6839 4370 9964 3041 1130 3527 3578 3412 4814 7746 19 1611 7111 8984 8237 7205 2466 1215 4051 402 743 8705 1749 4623 7480 1795 9065 8468 1454 5767 1741 4892 894 2823 873 4551 7534 8527 3595 353 6321
8113 3025 766 3132 6829 4176 1599 8607 7968 2545 1646 9347 5065 4119 5154 1915 9704 8994 5855 4952 8158 5380 2849 9174 4417 6093 3137 1332 6631 5659 2123 5693 9616 3092 4822 4259 1497 8712 5346 4022 5651 4566 8018 3944 4281 4834 2111 6573 7021 1781 6273 1554 4331 6818 418 1680 1562 6955 3765 3573 8717 211 7235 538 9748 4759 3120 3568 6136 4575 7707 5282 9895 5267 3578 3846 955 929
5574 5480 3924 7501 9327 3802 5475 5220 1026 3648 1741 2735 6116 1843 178 7779 1400 8830 9379 29 7567 2144 2765 3315 8042 3774 345 8145 5054 8647 293 8427 1155 6479 3662 2959 5559 9611 7077 9752 7648 5924 394 3305 5787 8519 640 4809 4708 3483 5434 8109 2971 2526 2930 4143 963 1115 2875 2521 1721 7257 3764 9407 5433 6316 892 1895 8763 2622 1767 870 5539 9598 5100 9906 1137 2200
2367 626 5802 1844 4895 5891 8006 6659 9382 7967 4445 6258 9418 162 681 2870 2458 4111 8683 5523 768 9705 5599 4445 808 8872 8166 5147 3049 1800 2589 1495 7612 5198 3551 4279 9690 1511 462 6679 9685 9104 7120 8302 3018 3863 4597 1302 8517 187 7329 9083 9817 342 6823 3774 7081 1635 1741 2261 1249 598 2096 7751 585 5198 8726 7256 8098 5364 3805 3894 6439 6399 2493 5526 1335 9624
3445 8470 9983 5303 2643 2308 1122 1119 2269 1740 9171 7539 1068 613 8762 8813 7974 980 5269 4903 8160 2438 3417 4885 3331 9307 1100 7666 2891 2045 5240 4593 2388 2452 8042 3062 3030 5752 875 9816 373 5025 6508 1930 5035 4394 2573 8037 5740 5848 5708 2225 9586 5797 5362 8871 5533 5549 4156 1508 730 4855 8825 736 9565 2901 4729 9368 8885 6143 8309 6326 1036 2977 2214 8680 8137 15
925 7483 1128 9272 9094 1670 3193 4128 6700 7380 5170 6733 1892 6301 4000 9062 1184 7714 5053 2449 5722 1958 5666 5684 3609 6028 8672 2701 7294 9209 8662 4012 4410 3450 4382 7066 4399 2513 6922 4161 9006 2100 3912 5956 4774 8110 9568 6670 5557 9395 2489 9339 6956 7520 1465 6879 753 1650 5986 3377 6071 7465 730 8533 3507 7410 6578 4283 6196 7670 4176 4685 4162 8074 1048 386 8795 8687
6955 5353 6468 642 2556 5954 9082 4281 2427 5552 6868 6684 6899 5008 2741 2690 4952 9656 673 9372 3578 4157 2002 1211 2402 1982 6869 3628 2731 5286 8381 9242 5638 5580 8925 443 9415 918 9631 1949 334 922 2804 2948 1068 921 5693 9194 6733 9126 5362 5048 2014 8076 6078 4014 6469 8159 5524 1895 619 4942 6063 2419 7948 6486 9005 7501 23 8704 6530 5533 1366 9639 3641 1116 2642 4802
3856 6643 7035 1903 8350 2871 1702 3012 1084 6736 5700 6951 7794 6773 9724 3168 8290 184 5879 385 3889 3063 6438 4033 3843 8366 8268 8014 759 103 4745 5163 7105 7521 7748 1492 1896 524 9258 9442 9841 3764 741 8153 9371 8686 3712 123 5045 8674 8732 2638 6497 2721 4819 6227 9634 2155 4136 8849 5881 6572 9720 7692 1343 3916 6224 3766 3298 3695 323 1682 205 5707 6217 762 9757 2008
2394 2451 5750 6969 5609 9904 3423 9430 3018 4769 9376 5965 9679 4209 7825 3635 7924 823 9656 149 9780 4965 3442 7055 5180 3746 3194 7045 9945 5649 3870 9465 3985 8708 9908 4078 9207 9202 8709 7331 6910 4788 2598 3707 4664 2176 7485 995 6267 2665 4708 293 3174 4173 4032 6602 4103 600 7002 4086 6540 2421 5856 8227 9361 8165 4920 5289 815 7993 3800 8068 9094 9077 4050 7343 8524 2368
5872 1285 5013 8528 9398 5737 2910 8091 237 5916 8530 4974 651 1904 4735 2681 8638 5342 7252 7398 807 2806 5881 1895 1493 9780 4535 4525 7784 1319 3778 57 1816 5441 5529 5896 6878 5407 7517 766 6529 9833 4486 7483 1717 4811 6286 4154 4110 148 9392 7040 3093 8931 3690 6785 5945 6700 4194 4405 1010 3338 833 1875 4554 8538 9060 2937 6954 7222 7790 5739 7252 9440 6066 1372 5443 4910
6357 1215 2577 1829 1429 4325 5424 6971 2154 7183 6361 8376 9600 3107 4699 6504 4890 7100 6394 7936 8270 2888 7476 7224 8245 1787 8766 7525 7599 860 3723 9531 7762 1222 7779 5185 4050 8888 7714 2242 9247 4931 4562 3887 3136 728 4729 9410 1136 2585 4421 8485 1710 6537 4092 4196 7286 9378 4633 3599 5971 2454 3969 1814 762 3571 5624 1472 1490 5196 6021 7230 4837 5498 4823 4867 167 7306
8375 4111 4203 522 4922 9694 1149 3038 3337 8017 5296 4909 4919 6455 3088 1726 3660 9801 3808 371 6742 7994 9531 7521 7504 8117 9835 2007 3133 9541 6005 3297 8616 4124 3816 4704 8130 5253 6833 3365 9571 5228 9806 7806 4261 7361 10000 9171 5430 1464 6659 8777 6668 5056 1942 4794 695 755 5123 3744 7488 5194 6300 2650 3086 1969 7996 1647 2512 9863 2182 8324 4264 7323 8888 9262 8145 3607
7912 6045 8536 7386 5344 4709 5744 5455 2132 9844 7428 8640 1554 8724 8504 7196 9711 2005 8996 8698 6917 8744 5430 7457 7383 1588 3232 1309 2006 1181 9033 4292 2199 7883 7196 3288 2407 3613 9769 9489 9128 8209 4317 68 5606 9525 7281 5608 2927 2418 7900 8274 8396 7914 6717 3936 1837 7079 4505 9470 1612 6471 5782 9602 2786 6948 2898 8306 5654 4332 9359 8774 4430 3056 8459 7429 9812 9254