82 11
3096 8070 7553 2301 3250 5662 7671 3069 4855 3167 991
1579 161 6643 240 4146 9557 2301 5524 3345 8585 7779
3204 1202 7586 4399 2 9470 3616 6813 9086 5495 2974
5920 8243 9278 9799 8448 829 6998 4127 2010 6673 3992
7058 4885 7580 3600 8263 6503 9468 6818 5259 8005 8782
400 9933 55 5671 5740 334 5568 8243 5261 9859 4220
345 2320 478 8949 4520 8483 4105 6591 7635 7277 2393
8578 7684 8583 6915 1587 1021 404 1428 4952 4969 7169
8160 1390 9429 1842 6558 4549 9217 416 5148 5070 6355
6462 5673 5081 1546 9370 4453 1235 7032 3881 5178 2228
5691 7985 4711 3813 7588 2671 5544 5743 1785 416 7037
5914 3983 5098 1990 8704 8830 9535 1568 5705 7758 3415
3013 9002 7598 918 2764 6159 4910 4263 8289 3175 8567
9916 7598 6856 6816 188 1370 2682 3215 3150 8469 2739
3354 2138 2705 9142 9432 4804 5571 214 9629 6248 8392
6384 6768 3697 7014 2521 7412 2405 606 1908 6517 5864
6531 3424 4188 6239 549 7453 8910 8369 3385 3254 1151
8898 8663 6787 2779 9184 3989 5702 4701 4553 1059 9335
4799 2360 8539 4752 9163 353 96 861 2405 552 5271
3788 9942 95 6979 5498 1428 6060 624 611 5343 3246
7705 1731 7586 9413 7293 5841 4524 2424 420 5094 7612
1741 6133 2863 4373 9296 1039 5538 4849 1252 909 5004
7071 50 1280 4963 9921 2708 5670 9982 6157 4766 7430
1610 490 2067 2480 1724 3907 6730 4334 1538 1256 7769
7761 4688 8838 5551 2126 4514 9834 5020 1189 5350 7971
454 4365 7083 4764 9343 7543 1861 1262 1856 164 1319
4181 6692 5892 9522 4249 3254 2863 3875 5921 8941 2468
5351 1567 7263 262 3286 5913 5717 8858 4347 2800 5297
5746 5842 3995 3459 2951 1741 9907 9797 2342 865 4110
1758 515 7097 2582 5800 4040 1212 7362 5635 7998 3756
8653 5697 859 7948 6858 4039 8586 32 8144 7822 7123
8242 3771 1294 6964 6201 6812 3011 9431 1134 8707 2140
6031 6348 812 759 5295 371 3624 6100 5280 4978 1420
9621 327 5285 4933 4187 1071 22 2284 8422 1524 3684
5705 3095 7634 4184 5757 6794 3329 4017 5382 563 1599
9278 3107 3186 2152 6527 8459 2489 1454 5715 7493 8797
5134 4886 2014 5361 8250 7865 1048 195 8628 444 6585
1542 4303 1574 7325 8578 1967 2269 2373 1652 9532 2572
6024 8784 6514 8456 5056 5946 5508 977 6482 3558 8319
4650 4809 7744 3920 9859 8182 6007 9470 1313 5411 1555
308 1332 7294 6377 4933 4946 902 5839 5657 7064 9568
1073 5717 3138 6657 1540 3347 7231 94 5397 6260 7558
43 4574 9062 1905 7627 2440 7823 4176 4297 8813 3188
1028 8264 3264 3994 6022 6188 2478 4831 3335 2262 2968
2844 382 1335 159 5116 3902 649 2823 3954 8199 7461
6590 1319 1314 1339 4405 2232 2997 2314 5324 7174 3436
3938 1120 732 2037 6214 2209 1474 6808 2272 521 5099
4281 9150 9384 503 3919 3598 4878 9064 6545 2828 1115
7774 6931 7847 1915 3067 8224 7200 3083 8750 1063 7063
8943 28 556 5810 7449 7454 7212 4909 9893 3921 9707
8114 7792 7154 3897 2744 5812 4882 69 5591 5814 3466
916 3559 5183 5173 3524 2394 1114 4847 6589 5622 8882
7399 40 1449 4181 2847 7053 4861 2060 272 215 2026
4683 6076 3884 5514 2005 5472 4225 6607 6981 2135 2609
5086 8266 5869 718 7171 7703 4231 6513 1556 9709 947
2773 1704 7417 6395 6487 1085 3129 9969 5662 9026 7304
6166 4050 481 439 7509 7698 144 6640 3728 6884 1067
5064 7998 8608 5531 6472 5207 7381 7553 7728 9375 1981
8026 283 3403 601 2807 1632 9521 1910 5262 8679 4550
6859 6327 8769 7748 9245 8805 966 3462 3559 1686 4907
3343 5433 638 9223 9838 5702 5693 6748 3952 1426 525
1445 2734 4267 7521 3748 2272 5455 9766 6731 3083 8748
7368 4885 7983 316 1001 6478 8026 8121 5005 9223 2393
6169 5362 4596 6106 2268 9714 9434 2464 9558 8915 5212
5425 3094 9599 9770 1963 839 278 3770 4304 3777 1102
5888 6521 8377 1808 7911 2481 691 4707 6562 3009 2612
1423 4546 1064 3050 4646 6340 5590 310 8978 1096 3171
790 7721 5506 7919 7921 7030 8812 7038 9229 1073 3305
9545 2506 2440 8293 3374 7814 7916 5897 4595 4238 3877
9859 7247 9955 5808 9978 2155 6956 1312 7770 2317 3392
3181 1648 3727 7718 6991 7966 4361 6661 8356 5706 4928
2568 2346 216 5422 9476 4959 1920 5209 4073 9526 2956
7098 3499 6984 371 7126 1708 5752 4628 4259 4329 5874
6874 3293 1622 5295 2269 3511 3459 3460 9788 710 5973
896 3349 832 6102 5564 7343 2490 2516 5669 1021 5132
7700 2718 1260 523 9208 8952 5739 1722 2057 2213 7183
333 7759 3409 6696 6765 3311 7520 5708 6240 7002 9231
2768 6213 2691 5365 9991 3561 5053 4068 2374 5217 2171
4728 7058 8104 8238 477 2939 2034 4341 4137 4256 9924
3468 1540 8001 6077 1309 6744 741 8209 95 276 1285
3257 7426 8005 6231 3046 4542 5652 2446 8759 3948 606
1168 3219 6854 477 9000 8036 5930 3755 5159 6622 9390