94 87
4390 1197 3988 194 5471 757 9425 8752 8428 3699 6974 8773 2530 1645 4822 7657 7294 40 4082 4047 5940 5412 58 5059 5301 1094 5645 6852 4780 5271 9669 8371 3005 6964 1616 4419 6358 1918 2644 4319 9225 5291 6840 5098 655 6851 638 5353 7026 4971 6243 9979 3741 6445 7243 9029 5073 2995 4542 7717 1846 2710 4778 7516 1261 2042 6832 2563 4781 541 3042 8511 4202 8945 3826 9512 3492 5041 5014 8323 6056 6855 2329 2015 6678 1756 4169
1400 7072 8449 8888 6366 5579 8936 6480 1464 7936 8996 6849 784 5501 8199 2707 5577 1720 3610 6086 7161 2335 5931 13 9346 320 9124 471 4988 1163 2250 9689 2490 9047 8337 1035 6619 4326 468 9845 5713 6898 4974 9720 4940 7767 7833 3125 6813 2728 2275 1148 8379 1106 6078 253 4164 7895 3805 1279 7156 6672 2643 772 7197 5241 3879 5903 8544 2813 684 8809 9000 5 4250 4247 9370 1337 6365 7688 1046 4731 7413 3872 2226 8458 3847
5707 3841 3875 418 1214 4259 7943 4762 2644 2525 6013 8175 9342 1397 7437 8281 3475 2698 2916 3133 2804 9882 5356 7648 9782 3719 5962 6504 4342 4463 3099 8222 5817 8929 7415 5326 4827 2531 5126 3873 8604 6061 5681 606 285 1361 9786 2229 7863 535 352 1367 3430 4910 1555 5691 9099 1814 1932 7201 5471 8794 7969 7869 1250 3339 6578 7443 5184 700 6611 8863 1542 4920 3185 5471 1282 8348 6873 1889 9322 6110 5780 3117 3645 9547 9139
1430 8595 881 3828 5546 1275 4617 8858 2008 8237 4235 3827 4099 770 2462 5424 738 9513 2514 200 6450 3908 8686 713 1944 6648 4941 2884 5391 9827 6123 3184 479 7741 5392 9818 945 8203 9591 7380 5461 1896 2051 4419 6489 3267 7372 3438 943 8667 3594 9887 1062 8693 655 8800 8575 4929 5112 2846 8527 8172 7572 7399 9625 1361 1455 9407 1439 9598 5979 5950 3104 3621 3250 6277 6169 402 9904 5723 2887 2887 8226 7237 5553 6819 1828
5263 3493 1930 8130 2081 9419 9531 2693 3111 1319 3962 9730 9357 4904 284 1288 8777 6614 2084 3217 5515 688 4436 9832 1285 2055 7897 8421 1808 9331 3282 481 6918 7388 6029 6023 2772 5254 5321 953 7088 1367 1287 7812 325 6228 3964 4881 9241 2782 9007 5248 1314 999 2630 3891 1748 6469 1021 8371 2010 9419 3089 5811 1185 4350 629 48 9789 6968 9720 2047 9703 434 7638 1597 7044 2576 769 6760 453 9234 5224 3754 9848 6142 413
4428 5559 531 9952 2380 7039 8269 1382 1720 480 5779 6677 170 7507 8098 1660 2531 1561 6294 636 8429 2937 7392 883 3510 9415 9415 1174 6586 2094 317 5775 4413 4746 4592 688 2460 8166 1435 807 5492 9972 4609 3848 3441 7481 7267 9554 5042 4492 7829 1779 5869 1196 3266 4306 9136 5933 7255 3888 5557 7522 7372 7937 6487 677 2576 981 2844 3310 7867 5720 4813 4484 5822 3477 1037 5212 6867 263 6328 9142 5785 2745 4037 6515 2636
8787 1106 6061 2860 2259 2903 2823 5977 610 9784 9350 4151 6950 2721 3219 9047 9107 6930 2568 3100 6184 7238 954 1231 2600 5571 9017 5960 3367 6814 2384 4731 5830 8693 8139 9486 5295 5039 1368 669 2576 9498 4619 6570 5291 855 3480 3475 8714 8244 7051 5803 5264 1155 9105 9155 5599 7377 4604 621 9213 8104 8053 4532 6499 4284 5996 5419 9645 148 9388 2791 3740 2814 3296 9391 7853 9537 8054 4178 5745 1163 8882 7473 3056 6187 1602
8745 8534 4620 5483 8250 8907 4309 6706 5255 3477 7373 4167 2375 1604 7887 4563 9397 8935 354 7126 6827 2283 1451 8298 8546 5918 9501 70 5535 9675 5803 6615 5765 4712 6562 998 3027 1383 2113 2662 2331 29 6723 5730 79 4016 1741 5680 5596 2204 8474 774 6424 9256 5193 4955 5199 9850 2094 1355 101 3302 4792 2447 4839 3392 1109 6035 2746 1295 8672 4470 3667 1260 5164 3338 7052 6875 4047 7261 4982 4507 3374 83 5846 167 6533
9381 7645 7722 4184 2717 5418 3933 1169 175 9707 5443 8716 4135 2784 6248 2382 8735 9632 3569 1354 3917 4957 832 1244 6785 876 4830 3027 2188 5432 7558 5604 10 4123 9342 7879 775 1138 7327 2372 6793 3380 7962 3744 380 7787 6605 887 5109 755 1188 2481 1745 176 880 7462 675 4090 8637 6492 2740 9654 9366 3417 8881 3123 5704 8374 9240 1250 9829 5887 4077 2910 8066 8896 5170 6414 5985 566 3573 2398 3697 5662 9067 6296 3869
6249 7869 1012 6406 4638 9342 3994 3745 9786 3659 3798 7604 8525 7697 1237 7534 1462 1637 6116 7451 1596 7383 9985 8417 3979 8676 8833 9407 2197 9110 4128 6631 4384 3538 4496 8095 5151 9029 5347 9383 7738 8712 9269 1543 2307 4980 4408 880 6949 4115 7776 1995 5254 2543 4770 9394 7097 1564 1998 5145 7036 7659 8327 7041 9000 5664 9684 3281 8351 8489 8313 3982 193 4143 943 2853 2259 7586 2283 9264 479 8568 8611 9066 2418 3903 9699
5129 6884 9992 7019 1365 8529 8609 7093 4862 1271 813 9587 6729 8351 8426 4733 7693 6612 9468 299 7930 9009 173 7055 26 9039 9351 8042 1284 2793 234 9364 1917 1818 3501 6083 8924 9094 6541 1491 8241 8035 4401 7869 8640 8999 3509 484 1331 2970 4860 6501 7004 6252 1807 3372 9350 4798 1985 5848 5181 6538 9983 90 4078 6652 3186 8757 8604 2822 8400 4697 5516 236 5009 7424 9940 4627 5850 3720 4442 7177 2402 9220 3981 777 2474
3492 3841 1251 85 7496 6892 5283 3059 8317 3818 3016 4156 5148 3335 4421 2377 9829 3064 6828 8045 9143 4761 2474 5672 8821 4156 5124 4060 1750 8974 1048 1534 2821 9734 1028 7738 9464 3472 6392 9396 1516 1555 7107 2072 3515 8273 8607 6819 4519 6257 5267 6313 4309 5764 9178 9911 7840 2266 5878 4313 832 263 226 2967 9534 1316 3998 4750 4703 2841 3124 433 1365 9932 5620 4666 5997 1065 4740 6057 2061 7904 5733 3222 7733 7357 5456
3607 2277 6465 3986 4529 1706 13 4629 9412 1171 1294 5943 9795 2440 1756 3867 9628 4985 9205 7873 3074 9749 6224 5589 6893 425 1876 3554 9231 4905 1605 5949 798 150 7284 461 9805 6783 640 945 7030 8530 9363 8903 1741 5532 4133 8095 2926 9028 151 7040 658 1267 7996 4982 8373 6345 840 9487 1617 7570 2346 4970 9487 2185 5475 1130 7500 4591 6258 9426 3376 3248 7911 1760 5824 3263 7933 3807 42 6946 3373 9555 3229 8359 3900
2644 3251 5445 979 2127 803 7127 2166 1088 6548 489 5090 7319 4716 1224 6895 6841 2091 9786 7961 1895 5647 95 2930 4618 3183 1337 9356 6887 4981 6820 4226 268 9961 4055 3155 3052 5718 668 6138 7256 1701 4273 7277 8117 812 5268 6077 1214 8346 9829 5453 5250 5665 768 1260 4491 4367 7998 5946 7119 9107 9144 3201 210 9121 3404 4512 4429 4079 171 2436 477 1646 5849 9669 1683 7884 6028 1158 2840 9496 4308 2246 1959 786 2579
9438 6568 8612 1899 6852 3109 9007 3066 2673 8528 5042 5086 7867 4557 5205 2003 2943 8169 6178 3515 8826 13 9352 5708 9907 7248 6923 7285 6457 1111 1129 9011 2469 5702 6242 8603 3103 4656 7544 4590 3127 9639 9005 1179 6595 9674 1701 7531 3295 2666 8925 4711 5477 8669 7217 8346 2863 2903 2689 3251 1029 4444 9999 3319 9686 3889 4383 4018 9805 105 4751 4353 6010 8949 3783 4573 9046 6092 2665 2074 357 8960 6649 4900 5454 9647 1818
1432 3010 1982 3688 2478 8872 6900 838 5903 6328 6158 7627 731 4688 8295 6955 3034 948 7374 3269 6861 3953 4322 5176 8954 3060 1018 8062 8489 606 8168 2974 2441 2369 92 3172 1963 2665 6234 108 1611 4186 3654 2853 9792 7101 2842 1359 1239 3042 4554 72 3348 9548 2098 4000 5696 9833 1530 5535 2040 999 589 93 2374 6396 4402 2132 1974 1273 7834 3351 6671 2995 6147 5481 7874 807 3558 7128 5355 1008 2980 4817 1218 7131 4356
6647 6218 640 795 7719 3557 2978 3586 6920 5532 5526 940 7610 5763 8406 9045 3909 3114 7243 193 9141 5798 3270 6335 633 9686 1783 1226 8783 8645 8190 6972 6309 1730 809 3958 8671 7965 7552 65 2405 6973 8288 9315 1882 1820 5415 2053 7569 8195 7669 9252 2901 3089 7456 9098 2840 8944 5525 1303 8942 5077 5797 5349 4206 788 5435 6785 9635 2232 9385 4796 7939 9709 8056 5669 1524 7088 2649 1078 2717 5535 3553 4348 7832 1010 4092
8941 2005 8531 4298 5579 2166 7828 3499 851 7862 283 1741 3824 6775 1973 9532 2456 4713 5965 524 7848 3390 6755 9393 4095 8528 8111 1740 614 3658 3272 7188 2536 4743 7647 5100 9135 8399 703 866 8731 8730 5832 16 4017 7920 1822 562 6163 1117 4125 2868 1276 5105 8470 3190 6684 8372 1137 9746 5523 1449 1823 4705 5896 1737 5939 8951 1416 8698 3988 3667 7063 9419 6608 9144 1808 560 494 398 1704 4822 696 3406 5957 5680 2438
1345 6727 7068 9624 6614 223 8573 1783 1121 9334 369 5347 3874 4400 1404 7462 9348 3196 2544 9624 1673 9238 200 2483 4582 8286 1744 8346 3162 2602 2290 4173 5377 7373 9466 2979 9363 665 1101 8082 5753 1082 2060 522 7490 8426 2832 8900 1976 7750 3650 4757 4024 6254 3557 9330 5594 9927 9731 5207 2759 1859 6204 8680 3965 6653 4686 7086 7493 8970 6841 2766 9769 4713 8752 2924 5559 7604 5012 7644 5345 2464 2723 4604 9685 9993 6636
9014 3226 8935 9225 1251 3613 8318 3613 1407 4481 1982 1307 8809 2921 547 2025 7016 5445 2730 5140 3486 4795 1651 896 7717 172 408 6162 6394 5233 2937 4667 6852 7424 5385 8446 5544 8913 3713 8622 7758 5279 4240 8524 9344 9184 3152 6562 125 7409 1248 2390 7157 6153 5726 3029 3054 3764 6871 7810 7869 1085 8898 2035 176 2939 3254 7976 8220 5004 4957 5313 9562 523 3533 1060 8416 6860 34 4220 9292 6399 7169 2868 2306 4986 288
2473 3665 5805 7783 1045 6250 6483 5435 5742 9604 4515 3852 5532 9512 4878 2086 3801 4157 5868 1093 1820 8008 7429 3819 8341 1389 5663 9205 25 4462 9440 1172 6508 1769 30 5327 6490 5087 3122 4424 1129 8643 453 2954 7710 3749 7298 3475 2479 1709 6677 8517 9803 9381 542 8512 7182 6859 3953 3008 4505 4077 4675 1422 9714 4687 5203 5738 5898 3039 5132 8475 1248 4793 6100 7226 3352 2373 4979 956 3791 5652 134 4537 6973 722 808
6408 1822 8892 7315 8916 4318 5406 334 7050 5299 7445 3208 1002 7300 1271 4737 7394 386 5246 5916 5325 9850 2427 6772 5105 9290 8252 3302 1881 4470 2361 3062 9698 5465 6863 1676 8817 5968 7394 9170 2931 5234 8049 5195 5025 5731 2242 3468 1045 3152 608 265 7481 115 1086 8382 3796 3405 8584 1006 7274 2993 3866 8430 5882 1089 7000 306 240 2939 4427 4305 8568 3455 510 601 460 9279 5057 5708 5833 1029 2141 4124 9123 5502 4834
7965 1964 8708 5806 6448 9740 1233 8290 2907 8526 3627 3446 6476 4482 4252 6768 5788 58 2720 3188 9552 368 294 588 7416 5444 5186 9726 6161 6367 8936 5758 7192 4291 1557 4496 5576 9968 2602 1929 3294 4904 524 2279 6875 981 4302 8550 9747 404 5350 4697 1292 4992 2593 2086 1920 2750 7297 7994 5031 7356 467 257 3440 4843 9582 911 5743 8256 6095 3826 9754 5539 3627 8258 6113 3516 73 4734 284 5081 3480 244 7193 4396 6267
8099 8628 4629 3546 8580 4388 8606 7555 8702 2206 6937 5681 5888 9650 2810 2540 5443 7428 6878 7846 2914 8262 4071 8853 723 9050 4170 5965 8317 7395 4030 3350 3313 9178 8191 4945 5375 5898 8245 6198 8123 459 615 5017 4208 3567 9085 5254 1988 9822 3925 2706 8437 3243 2224 9698 5145 5161 2746 182 6824 99 4565 8934 6331 9734 6183 6366 9385 8477 6290 1139 6715 9893 1061 6665 2843 6427 7856 4120 8542 3658 9457 5018 6639 7953 1855
4911 4202 4352 3224 1071 491 1455 5593 6165 4997 1465 174 3262 4901 6821 6649 435 7927 2796 5918 8723 9101 6921 3147 3809 2756 1147 8944 2607 4551 4592 672 7326 9962 7091 9075 8308 9553 5696 6547 4073 6308 28 2016 1570 5868 7220 8749 1522 794 1048 1412 9789 5789 1969 3660 1693 4982 5696 6022 5980 9921 6727 9692 3919 2368 2324 1163 3980 9604 8248 1387 1676 4016 367 3108 113 634 2067 2967 9927 6469 3854 827 6390 5927 5804
6070 8143 9960 2379 661 3954 5741 9535 6615 4063 9802 2426 6888 5365 3971 8683 3843 9989 8302 8143 4635 2825 4951 6759 9051 7621 8178 1314 4676 8490 542 7555 6167 5997 4811 4773 3681 8293 4246 5783 6588 1857 8952 1106 7387 9536 8250 4615 1543 6311 3200 8748 4805 1984 2997 6629 1667 1725 7802 1834 1323 8824 4217 7340 7038 9919 3924 655 7413 9377 7653 4531 4858 5741 7022 5603 6771 1664 360 175 7369 2583 522 3173 4406 625 7483
6539 3241 4960 360 2435 619 1779 4103 2314 1144 6877 8536 5800 5353 9611 1914 57 2371 666 1815 5836 3305 973 5760 2090 9265 1525 52 2301 807 3572 5603 6214 1225 3304 312 8479 8149 7613 2672 5100 3942 6641 2397 3392 8230 9675 8503 9329 6562 6746 8702 6279 481 5027 2711 7992 6686 3904 636 2064 3194 3013 890 1239 7296 670 8374 9410 3491 4782 8463 3114 4926 3906 2773 5088 2678 3485 8812 4362 1201 7631 2109 9664 1678 4196
9546 5584 7175 2562 3138 9711 2940 1902 3084 4638 2960 4448 7757 809 635 1932 3385 5308 8300 781 4647 6439 8411 9275 2607 6425 2194 1319 1572 1931 2884 857 1787 87 5495 2781 3156 6184 5102 5616 3078 9258 5886 7097 8380 8276 3225 2051 421 2964 8086 7768 388 2858 4586 2950 8366 544 11 4251 1377 7638 5629 2498 8922 5329 9492 9639 8541 9533 5451 762 7711 613 1240 7828 3116 7263 649 1947 9438 983 40 7062 5602 5517 1531
2993 8994 7082 7373 9070 4000 9910 9992 8688 8885 4465 9042 9489 4266 2871 183 3771 4972 9536 48 7558 4193 5779 7748 844 7536 5566 189 1085 2032 555 9716 1815 7948 5070 8725 9997 2857 6357 72 7156 9908 1460 4338 928 3583 9798 8131 2214 168 6362 1749 2645 701 478 8295 6955 8578 4633 18 5441 96 6109 3476 7416 3824 9838 6320 3104 7517 7320 7459 8071 1598 2477 494 366 4362 2876 3281 8886 1293 6800 789 9295 9186 9110
5049 9375 1387 6530 4779 3342 1304 9204 8661 9425 2265 5784 6830 6519 370 2174 9254 2580 9102 8005 7610 5173 8118 4460 8028 2488 5346 9911 9228 9686 8257 7371 5975 5220 1174 3569 2011 1028 8389 152 5233 4804 9911 378 3227 9671 4135 8472 1524 4527 4605 6157 6414 2436 334 9330 2855 3766 4698 61 4422 6095 2105 1305 8509 3421 2552 3914 9958 7173 6452 5231 3045 2111 7931 8347 3710 1468 549 7939 6289 9773 9742 8594 5362 2580 1797
3482 1915 2237 1839 7870 1405 1156 2163 4873 9478 5437 5078 4605 3375 1714 1916 3991 4296 4860 9099 2132 8775 6773 7342 2905 1848 5558 3061 9180 9298 1591 9783 4669 6101 4374 9638 3953 8671 2451 2143 8290 7826 4560 4238 3757 9625 2660 1836 1660 3924 9493 17 2566 7340 9185 2502 5317 8019 5097 9097 7385 548 1288 3653 4422 1572 1990 3541 7567 9174 5739 3503 7762 5782 2127 3778 9674 8363 7787 4308 6502 8687 8733 3379 2516 9253 6677
8608 8864 2669 7856 3934 8263 5695 810 7106 6111 3570 6665 4523 318 8290 4440 9209 9424 4609 7413 8560 621 7589 2703 1614 8860 1910 6875 5057 235 5844 8775 7476 8070 1482 5051 5723 482 4492 7682 5722 5931 9567 3674 9198 573 5937 8328 8804 3356 7998 4815 1133 4261 8278 1738 5016 6175 6185 1668 7269 820 9384 1295 7529 4851 9120 9476 3316 4572 6243 7222 4513 8181 6602 6952 6243 75 1897 9881 9045 6332 9204 8117 765 8637 6754
999 1119 1498 2678 4602 5582 7706 3771 1026 740 8669 7074 487 9632 3498 1160 2047 8139 7184 7478 2536 6998 2782 2918 6698 6314 9404 8018 1143 3811 270 2764 8282 1623 3453 3102 6534 2838 9632 2724 1728 1296 1735 7964 4825 6529 9026 9833 2720 2292 7471 5252 4111 4545 5005 6455 5374 2654 2590 6186 8484 5237 6100 7579 4812 2644 8711 3330 4608 9447 1111 3770 9823 9666 1795 7386 8198 4540 8869 786 9755 8838 2723 3273 9371 2428 1487
3594 5468 4930 1985 4799 1408 6236 3703 6744 7853 3109 1942 9481 2112 4666 7084 2726 3871 2775 8522 5528 8561 4151 7539 7785 2298 9884 9026 449 8181 752 5317 7055 5204 1636 6913 2105 7359 288 9652 308 8341 5971 153 3101 7737 2653 4170 3371 6039 5398 9823 3522 7476 7064 2606 5163 2820 7536 4895 321 5170 155 7440 5158 4352 2234 8025 1070 8994 7431 8116 2421 7453 9668 7587 8273 1637 428 6732 4091 7880 199 3016 8618 1285 5086
2703 6627 3347 983 6399 8075 3512 4264 2520 8648 2050 9319 8626 3892 9746 7075 3162 1861 2024 5660 3227 1602 5575 4945 7771 8147 5792 6121 1180 4810 7635 2040 8088 6214 1645 5220 2763 6733 2230 3267 1916 4088 4698 1127 3944 1131 8866 5779 1389 7174 7781 2083 6192 4701 7753 313 434 230 2522 7466 2495 3067 5807 4608 8508 3939 8941 7572 7612 6768 8497 96 7281 6510 9327 4501 1465 9567 179 6049 3993 5484 8137 6113 563 4809 1753
5609 206 5395 2163 71 5670 9893 7232 6452 668 4047 45 8220 2586 8435 4949 2298 5236 3641 5991 1031 7670 6234 3662 9073 7334 2336 6426 6383 4636 4760 4331 5044 2100 2915 5063 5602 4000 7656 2676 9154 1969 6381 1563 5789 877 5237 8877 9829 8507 1283 633 9438 9943 2556 6938 1542 6954 2384 5102 3706 9143 4323 3660 3505 6243 5094 2001 8935 3925 9402 8337 4909 2022 6509 8656 1368 9404 3083 4820 9882 3926 2858 8444 2872 9654 6757
4181 4360 931 4310 5364 3659 3778 6062 9348 9223 8611 7306 2990 4696 1597 2554 6859 4698 4891 4623 7788 8416 8254 8185 7896 5128 6075 9285 9723 7509 9202 8242 4029 216 231 2841 295 8655 8664 9770 5847 8005 8682 5811 9430 2276 5158 5347 2405 3354 5832 5902 8668 7091 8462 1697 6468 4008 7588 735 8523 3355 5706 7352 9662 2942 8524 8991 1556 5702 3602 6039 2292 4579 9085 5391 4415 4661 2269 1909 4829 39 3650 6940 6047 9172 3930
4754 8060 1934 3671 4285 6831 69 5159 3017 4791 9134 1642 185 6054 3214 8730 2917 6657 9352 7897 8786 5861 6283 859 5123 305 1866 7530 6224 8207 1412 4551 738 1764 8821 7240 1391 9554 150 3741 3779 6217 7135 8891 9765 2124 2234 1469 2039 9805 7653 8243 3724 3183 1523 9445 4672 9938 6589 7871 9639 2113 5086 4161 3392 9970 9758 7032 95 4238 4917 9911 9552 9869 5938 2586 1574 7362 6914 2231 2755 7105 5685 327 5430 2622 8390
1336 8607 3475 4943 4529 2119 3752 5601 350 5930 7065 2745 6081 5057 2057 6183 5286 4215 6307 3781 2779 5079 4040 7048 960 9787 4771 1550 5697 7163 8334 4551 721 5048 1377 8173 4424 4938 6971 7392 3614 6178 4486 7017 274 4435 805 5032 8892 4175 6929 9654 1042 9172 1665 3228 1761 9079 3857 127 6935 7288 7709 1685 7458 5870 3691 5967 7416 333 5600 7052 7006 364 7163 8247 4309 7868 2103 9822 7167 6460 6286 5851 1566 4434 324
4849 1971 2473 1287 1624 1076 3341 7419 9824 100 4704 8668 2718 1832 5991 4986 3464 6987 2297 3629 8589 5900 8766 3926 1756 9254 3274 7124 1121 9213 8818 198 6428 2166 6871 412 8798 516 8663 7637 9845 7070 6544 3261 2197 1961 6304 3611 5936 8387 2182 5906 6354 2763 1259 8905 5435 6376 4472 1850 2123 8430 1116 7797 9192 9686 3750 6414 3063 4095 4877 4590 1726 5327 6439 106 8891 570 3789 1701 8208 8882 5256 3638 2009 2856 5856
6528 722 6149 4623 2497 4543 5876 5977 2903 8753 7130 8816 3978 4165 3310 6188 155 5965 3631 3444 7513 4761 6624 7881 4359 9048 773 6701 4543 600 2685 8432 8118 7279 7074 4336 262 3246 6640 2542 6821 8433 4395 4995 9451 2733 84 22 9941 3401 3758 5067 2436 3270 2764 8242 192 7784 5301 9495 3747 1016 263 7431 5381 8368 1842 7398 5209 8833 7898 5896 7071 1226 609 7314 960 3653 9590 805 7373 5806 7407 4755 4535 7094 7364
4249 6768 4371 7099 8475 2771 6286 4723 857 1210 4814 4468 6922 4133 2391 7902 5278 7714 5689 9458 2345 2147 6089 7071 3924 5812 6818 745 6862 4309 5527 4296 7102 2873 3152 6586 8218 4105 4059 6296 2285 2912 1283 6450 9078 2129 7387 8847 6466 8071 4812 32 9998 2346 2759 5692 5546 7179 4343 3671 7235 9045 6049 8407 6965 2343 1882 5681 541 4790 2535 8304 2276 6031 8910 38 3974 3443 6615 3653 6497 3495 1685 9380 7041 5609 3
5315 5195 9643 7744 812 7724 6056 1512 8164 1285 8310 1936 9890 9740 9987 5882 1396 9387 4608 8723 2020 1450 8049 627 7171 5613 3324 6207 8374 3706 6553 5579 3112 3538 3922 5537 1927 5621 2877 2479 1826 3254 6077 1802 8628 4045 1294 7780 7444 5048 8042 646 6402 8845 1744 4084 2884 9229 5824 2491 8447 8074 7628 221 6431 4084 6376 6409 7654 2549 4461 1729 2688 9552 8288 2671 4670 931 5504 7028 6666 8988 43 3340 8280 6144 1842
6594 5175 7103 173 73 167 7014 8877 3512 6980 8035 6977 7749 3435 9379 6358 9609 147 548 3394 9320 5430 2595 2893 7302 7194 2145 2545 3794 7211 1990 7729 7748 2619 1857 6158 4691 5010 1221 9151 619 9019 6024 9154 5055 5293 2622 9293 1518 8145 1849 921 2053 4941 4461 1071 2353 1804 8830 6237 9398 9390 1717 487 7556 2289 5062 3826 8544 5364 7102 1120 1304 9042 3221 3750 1090 9981 1692 2501 7480 2013 8718 5753 5012 1264 5436
3573 247 5910 7610 378 7778 2482 563 9193 8373 6895 842 5016 2152 2057 2398 9063 41 6470 7185 4531 83 6559 7470 7692 5128 3690 1526 6409 3412 8416 9291 6590 4072 3217 278 6990 6296 4645 1616 6006 6864 6758 2666 7837 8195 1552 9566 2560 7586 8394 1314 773 444 6997 9093 3717 7692 779 3187 6805 4687 1720 783 2629 8572 9527 1321 1979 5176 695 3198 4400 2547 2885 1481 178 7064 2426 2812 7045 5639 6621 7809 4964 3209 9937
5798 1507 9464 3453 7266 1131 3872 6722 1393 8899 3491 9983 3530 5787 5306 7441 8312 4827 370 8529 7644 4532 3182 9657 5140 5945 8468 9233 4004 1836 5173 8224 8594 7526 5845 614 2759 8164 579 8303 5734 1948 6636 3352 5454 4079 1732 7829 4106 8822 9204 9821 9651 1777 7495 3460 1605 4123 5088 5859 611 9983 7808 8892 213 4665 4588 9908 6385 9176 39 1163 8627 5450 9159 2436 8511 1548 2442 1941 5524 6230 8339 9646 6393 5734 166
2497 4121 1714 66 3751 6448 8448 1252 3718 1191 3969 1571 1713 5903 999 2635 7799 3080 6633 3210 387 7166 5298 5582 946 6181 1502 5787 7140 4734 8249 3235 5198 1 8298 5903 1553 7313 2487 9463 2787 4207 758 3892 3316 1330 491 8813 19 7559 8569 118 8279 1090 6544 2902 785 3418 9496 9431 6753 6053 2074 3176 3681 9541 3131 1355 3097 1276 9007 3368 9963 7513 3806 7288 551 5294 594 1445 2480 3699 8167 1160 8929 4872 6042
3901 6907 1588 9495 5330 9713 8333 5626 638 2875 1912 9041 4967 664 5173 1146 5838 3139 696 4827 282 6726 5937 8874 4403 3215 1693 1883 2532 9590 2071 997 9944 7436 2405 7901 5295 5278 9203 9257 8832 1209 9752 5196 1989 9889 2582 9286 6570 2859 9024 8148 8681 6303 3054 7998 9074 2928 2802 3823 2952 8077 2492 2854 2635 2446 6726 6228 2790 7149 7784 9457 967 7171 2160 3844 5098 8706 7149 4351 9388 1831 1726 7983 6340 2890 9734
4436 8199 3257 7894 1419 8196 8641 9595 7725 4271 6841 1307 141 8092 15 8880 8418 1262 9051 9747 693 3004 5744 1496 2784 2358 4493 2285 3573 4056 3838 9118 3227 9449 6638 1942 276 3383 4871 6595 2324 7363 3821 2913 5980 8648 6610 9693 3833 5274 331 1185 7172 1476 7972 600 3596 2090 8441 1572 1642 8037 8803 6708 2293 3845 3623 6929 3228 1002 8332 6500 5980 622 9478 71 3341 6825 7855 5017 6247 3800 8147 750 2645 7408 729
4100 1477 5938 5354 9075 8473 2986 1646 2939 9180 7200 2092 349 558 5230 6285 5892 7427 7037 8896 9 8390 3490 2585 9176 6972 1179 2097 8583 7717 2328 77 9033 4592 4964 2804 468 4147 3316 7405 4940 1652 7267 9642 4635 475 3988 6635 1434 2041 9147 3692 675 196 3180 7515 2500 4765 7876 9687 8245 6 4517 3695 2345 6662 6878 1976 966 1551 3886 9196 8537 6050 5931 3922 3276 148 1423 8296 9159 4266 7765 487 2446 8043 2463
9488 712 1478 4181 4110 9763 8999 4761 8727 9732 3502 5372 3037 5638 76 3060 3948 8728 9812 6387 4173 4421 4771 5740 3373 198 5028 6491 2092 3943 889 5096 3978 671 3578 8312 2024 3662 7512 7125 2396 9378 2203 1921 6634 7214 8110 663 2164 9611 36 9730 5257 2470 9503 5103 6897 3128 7638 4586 5056 471 3990 2829 3168 1725 797 8149 4986 6268 9644 6948 4814 5369 4339 8706 7338 1496 9979 2640 3396 564 9406 9643 6967 4399 3496
5712 6483 2220 7301 1186 6350 2344 9692 7896 8946 8155 3164 1203 260 1413 7344 3561 5774 9614 3478 4481 7402 356 583 249 3529 1783 4142 4669 8068 7958 9930 8787 5669 8633 5066 1905 3382 1909 1521 6817 7678 5292 7618 7951 7935 1851 8987 7665 6117 5406 7620 449 3537 2199 1650 4417 5522 2333 8260 9136 7525 5245 6811 8911 9409 5749 7385 3310 7546 2926 8479 8112 351 3088 5027 6661 7277 5727 664 412 4954 7321 1945 7977 4779 8604
3506 9741 2003 8214 1672 2590 7339 8450 901 8135 1394 5838 9834 3527 7318 9267 9741 8892 4163 6150 3667 6169 1466 4098 4360 9810 8029 2057 4134 8179 7222 159 2998 838 6339 1557 8617 3781 2288 61 4379 1705 6248 1055 2187 7456 7823 9609 9510 8196 3755 3756 7871 4050 1564 7715 9714 106 4329 1002 9490 1517 6290 5844 836 8365 8707 167 2042 7517 8380 4987 6055 9370 3908 6577 4936 3145 8185 3142 5990 3703 7389 9580 3231 1567 8777
2318 7216 9013 831 1438 4922 7708 6553 3393 7088 2453 6724 3583 3935 2301 1639 6011 1127 988 4423 4092 8498 9323 845 8687 337 3155 1148 2535 1773 6739 7919 3760 6822 6560 5873 585 3378 8944 1751 6723 6764 4413 1753 9698 996 7921 3447 2463 6130 6531 1891 1180 6740 3648 5933 392 685 5816 3494 9221 6491 6551 6891 3988 1623 8855 9494 9152 9851 36 4642 4860 6660 1352 6605 2385 2013 7766 9355 7079 171 6225 2996 8724 8328 6521
7297 4725 9910 1028 1703 3440 1894 3386 5352 3020 372 1260 9744 309 6925 3653 1549 3896 7728 8806 4285 7634 9560 7545 7660 2227 2304 235 7214 7809 9511 7781 5905 9152 897 5613 2969 5582 6933 2753 5794 9146 8709 4077 7413 6417 2445 7332 4783 5994 833 7661 9175 9702 2096 3301 5035 1009 1938 7371 1489 6212 985 520 3707 4832 6486 3587 2708 7186 5874 5142 8550 2909 6858 5650 7248 5426 621 3823 2567 6250 5430 4597 6422 1992 272
4071 951 5011 2808 3704 1260 5024 4544 2248 8915 1341 2727 3808 8539 2063 3560 2110 3386 4177 1035 7236 9193 4576 9550 9371 8418 1229 4762 9887 2329 1 9638 3473 6089 5434 8412 4338 5073 9201 4606 8541 5429 277 7371 1877 2752 9914 7878 4211 3375 8710 2565 6533 4833 9833 7782 3848 8110 4795 6368 5465 4661 4481 6176 6728 1107 1366 4335 5096 7415 2735 3700 5022 2375 4509 8312 6378 4660 9763 511 4037 5506 1222 5740 4413 9215 430
4418 7936 3184 11 2701 9857 5604 9944 5102 809 6772 5232 2713 8271 4284 8922 7060 5173 4424 1273 2394 8084 2140 6151 9589 2438 7645 7835 6314 4229 8544 371 9904 3279 5965 1201 8346 1313 7071 4378 4565 2359 2686 1305 4887 8637 5391 9347 6381 158 5592 4376 2450 5589 3786 7428 6066 4742 4236 2347 2916 2352 3607 7075 6093 6322 4221 4181 6251 3933 4980 819 1558 9133 9532 5429 6397 4373 5556 985 9100 957 6792 4261 7576 4637 2382
7305 6726 7965 2983 6223 7983 3615 8878 6243 9188 653 1563 3926 3435 7670 6882 2923 4271 1859 4231 7374 3218 4998 1337 8705 5858 3729 9101 6389 1255 7159 1239 4872 5877 5741 6002 5931 2852 6096 4921 3890 5670 4072 1595 4514 5475 8361 703 7475 7288 9187 2600 1469 2624 2543 5582 6245 3253 3078 1129 2684 5636 9658 9080 101 8133 8432 5996 7456 6030 4302 4540 9464 5988 8555 2114 3858 1801 2075 7452 639 4817 6103 1331 6276 9712 4164
8327 3789 7578 4760 40 7607 9468 7371 3345 8920 3305 3549 7018 3150 350 8371 4692 4390 9944 3801 4829 2249 7553 6673 898 8972 7863 4975 3201 9821 7408 9545 2158 3037 7472 5889 9370 6903 456 1942 2856 1404 1335 2534 3786 1915 2946 7495 5023 571 7578 8931 6323 4457 761 6627 3448 8218 5760 5492 9496 7475 9375 9722 216 8514 6543 9650 8947 9840 8936 1108 5394 7360 1515 4162 8020 4621 544 4203 856 4738 2279 7771 2869 9192 1791
8503 9297 8136 8678 1006 6281 7220 6945 1615 3750 2084 3816 4478 7483 8397 3608 2238 6145 9594 6144 6676 9225 5453 3205 4255 6838 3194 6711 9932 41 6636 2 6555 9811 4261 9158 4784 1248 4729 5306 4056 9222 9950 4976 8366 9076 6479 4335 758 5893 8986 5074 1745 5816 9500 8257 822 6038 9708 814 5677 3213 2044 7685 2781 644 3002 4599 2497 5907 1083 2638 5282 7935 6571 3627 5421 6775 7474 6726 988 586 2933 2478 1319 4761 2696
3235 2736 131 8124 2608 9697 4779 3627 1648 7555 654 2844 8833 365 5853 8551 8797 9628 6831 8287 8899 9586 505 7327 2305 5766 5238 1821 3712 6789 6461 9325 7129 8394 6861 1545 4847 7469 7145 6187 2874 1727 7602 6880 5328 7552 2446 2020 4056 5789 7184 6652 4802 2822 9401 1822 3172 8901 4775 5175 9445 9608 6262 8202 4310 3634 6505 2013 8210 3975 301 653 5521 9637 2129 8878 7597 4996 8828 1486 9469 9859 9535 7084 3726 4181 8859
1844 6910 6498 9630 1489 3453 3204 5700 81 3178 3239 9097 4468 2197 1848 9705 8398 5908 8859 9262 9250 7850 4216 6936 6333 8985 3350 7778 2574 206 4497 5191 8151 9018 7268 7666 3942 3646 359 6780 8084 7156 4713 4818 941 4400 7955 187 2722 9315 923 6863 2590 5593 93 3726 5914 4239 9008 4454 604 9050 1710 2260 8142 1255 2822 5372 6030 7533 7662 4439 8687 5488 7988 3636 2784 9776 967 7144 9888 5690 2942 652 5811 1322 5108
705 4838 4495 6206 9813 7536 8007 9109 1307 4675 4386 7048 8123 2573 731 1061 968 4778 7519 128 1678 6703 8439 5541 3904 2120 5989 7489 1440 6365 8556 7317 8455 2863 5267 8683 737 1086 900 5422 9451 1572 4922 6055 5001 2441 3175 2034 1304 8339 2780 1356 681 3998 4777 3958 1233 204 1731 2072 4622 2557 639 7347 1830 4214 9338 3321 8371 7598 3989 3136 6752 7349 4451 9521 8981 9703 400 4484 5039 774 5943 9594 3257 8388 6626
8671 4915 52 9502 7775 2723 5422 9989 6762 10 981 7709 1584 8904 4323 3477 7830 8211 1898 7308 7804 7933 4024 1858 6327 1685 5974 2653 6780 332 9772 445 3804 66 8761 1206 51 7419 7200 1097 9964 8617 1916 9436 1925 4995 14 6814 3180 7629 6859 968 3693 9749 7323 7191 2169 7704 68 5759 8642 3441 9503 8942 4509 9315 9510 6753 2282 9680 5818 7008 4148 9991 5560 8147 7761 2627 5052 1692 7170 3998 222 5064 6382 8930 7210
9630 1946 800 504 5916 1097 5190 2971 7328 2887 9117 9369 7293 9699 7581 9511 3608 5087 3242 4019 6643 4503 1711 8208 352 4893 6007 552 1216 770 5304 1216 4486 53 9286 7982 8238 9023 8331 8465 730 5945 5386 6640 1623 7897 838 5840 8678 1144 71 7837 2393 4849 2364 9003 3312 193 6671 26 6925 1844 6305 8611 6183 1928 4878 7849 8222 5649 5694 7471 5103 229 7722 2029 8705 5675 3043 7189 3935 66 3649 7428 403 5762 6825
6593 2110 4818 6820 5500 5093 487 1880 2309 7452 4263 6389 7840 6620 4564 9869 4798 4155 6771 5932 45 3455 8587 7821 5139 582 4265 949 6243 4928 842 1896 7963 5883 4017 4644 5760 2932 2177 2457 5296 2979 3761 3351 6437 5157 6744 894 4128 3447 3467 7556 4722 178 9587 3807 1204 6429 8293 3237 9824 2730 2531 5694 1701 9579 4909 7312 2671 1702 5557 7313 8786 4767 5086 5140 1973 1703 8726 4523 1296 6855 6022 1008 3191 7434 3296
5273 7738 8559 4599 1545 7125 1419 6454 2244 2290 5463 2033 4827 792 8904 9417 619 6857 7729 8145 4198 1983 9904 235 8929 9507 7527 7890 4334 2350 5636 8211 7895 3426 1967 5230 5209 5165 7544 1512 6515 8278 7423 3080 7482 90 1652 5186 6699 6344 9322 8490 1677 2768 3671 5026 2972 9049 4974 5230 8543 6296 7319 9994 127 8986 990 1613 4436 1306 3604 6459 3720 1082 2842 8260 3515 7060 4175 4720 9724 9549 6404 2495 8830 6221 6873
5400 7092 4439 2587 7624 9038 8224 1545 3806 8949 8827 6160 4930 9588 7977 9534 9326 565 2747 709 9437 2230 1392 9204 7999 8989 5127 3702 7726 1702 2965 8222 6537 8301 3550 9452 2633 1888 4716 3424 176 7398 6937 6693 3484 4018 5386 102 7062 3677 1030 9900 939 2325 8407 5054 8651 924 9640 2854 319 477 7254 6646 191 7313 6174 4302 5727 7399 4717 5376 6447 8782 444 1183 7214 6674 7318 3735 8939 3141 3940 7475 7182 6523 4059
9332 2799 7947 4548 7311 5830 3689 7721 6572 6069 5621 8090 1767 840 7322 8863 1746 9589 8840 7730 6471 7609 7126 9579 3702 1048 3297 3746 8102 7620 5639 1039 7903 8134 7921 9051 707 3804 8172 1192 31 5473 1327 1809 142 2603 6969 1523 2324 4418 7407 6619 5872 1997 1167 9609 7384 5704 7894 2495 5202 1198 2916 7249 6534 5939 2662 8568 7024 279 6334 6975 8974 8624 4652 8799 3633 7209 4445 6027 303 1897 8751 2381 8698 3289 1690
5446 8748 9936 5503 1736 935 8988 2247 9058 5855 5932 8759 3454 8406 2361 3476 7670 3312 8565 7380 1774 9502 9879 8833 2494 9205 5006 3748 4153 6964 5345 2621 9891 8298 4543 3742 4446 1779 708 1067 7765 734 3936 9113 5454 8905 4593 8966 474 7850 1773 4584 2977 4963 6682 4827 5193 6875 4769 694 3218 1367 8514 1867 206 4166 5577 4155 2048 7400 8503 2181 8281 1725 8358 8450 2645 1127 1157 4687 2534 4714 9743 7893 6380 6050 6412
1668 3934 7919 3333 2450 7918 9732 1633 9649 9864 5272 386 7924 5077 4380 1130 7482 4899 821 1932 6379 9494 194 4849 1499 4964 2566 6988 5315 6267 9155 1001 8977 6554 8270 5742 1505 685 5828 9172 5069 2291 6021 6661 7219 4926 1046 5476 5833 1768 5108 7599 943 8844 3313 5964 4338 7693 817 6394 6223 5250 3328 5294 7087 658 2875 9448 4678 8050 880 9835 3443 6925 1388 2284 3681 8746 1661 5456 400 68 454 6716 7399 6633 8570
9665 1466 1500 4759 1562 6901 5313 7317 8430 6478 749 6791 8928 8176 9768 214 8228 6164 8497 3739 7957 3488 1016 5484 2607 5107 2375 2141 1152 4834 3205 3461 3615 8118 8936 4949 3360 7045 7436 1699 7098 4673 5018 3511 8211 2578 7368 5380 7987 8929 35 9620 9604 9613 1221 2847 7581 9737 473 5003 1923 1096 617 6112 4466 4562 1134 5504 5388 4615 4757 8144 8964 3465 5403 7516 1849 9044 2951 9968 1396 9383 2241 8858 1110 5407 2892
88 5226 1189 2322 3081 3503 5346 3174 4961 7324 6948 2261 7336 1571 9215 8985 7858 4867 7342 2101 4802 427 3196 9674 8591 7670 4910 8075 9659 6664 5835 3949 3499 3069 1566 9841 8404 5471 7490 2838 1807 5833 4589 412 1898 436 6653 8439 6900 3959 6998 9791 159 3134 693 6180 15 5290 9015 380 6733 2780 1336 5222 5111 7257 4642 9985 3588 1865 9333 3334 2704 3547 9566 6884 7039 7820 9849 1080 6097 20 1936 5012 4055 2014 8795
9823 1043 4388 5925 8405 8112 868 3433 4235 9072 4074 1459 5996 8780 9127 1101 6985 8404 7273 2644 4985 4974 2897 3216 4802 7449 8730 2925 1732 4180 9298 3252 2280 8280 3484 1150 7270 5115 5170 5020 8892 2510 6544 8014 1298 5976 8195 6627 483 6131 8604 6348 2786 3878 7608 1094 6658 6795 2810 2764 7160 2855 9147 7430 7729 7775 6711 4213 2594 7201 5553 9908 484 3856 1270 1658 3505 6774 2819 1801 4298 381 6142 36 2013 4779 3913
2065 8543 8258 7721 6927 2840 5988 8125 5569 4181 7667 6485 8603 7726 1854 5348 828 2152 9505 5897 1459 3533 2395 3516 605 485 9368 5216 4919 1948 2051 601 3062 3301 1924 1911 3295 1646 3117 5759 3364 1871 9736 6688 2800 1843 6065 2236 2942 9532 3842 7117 225 2317 6897 1479 360 9591 8270 9462 8694 5544 3815 9894 9173 7497 5304 1659 7502 2004 159 9473 9767 5187 3118 3458 3894 9866 3740 8460 2706 7803 7137 8671 395 4809 3951
8419 6035 6769 8586 286 7956 884 813 3770 8450 9989 4975 214 6865 2269 6078 8813 9624 8926 5743 9903 8800 9194 3780 4848 5341 6746 6885 1816 7560 639 3825 5430 7365 223 653 8991 77 6645 5326 3239 8799 7211 1925 7932 1117 2921 7625 3256 9281 9163 7806 7030 5954 8598 3348 8476 3677 1571 2000 8278 5920 4734 657 6086 8482 6683 3259 3130 4383 3550 7802 6021 9953 3328 460 592 5679 6738 3220 5456 6589 3974 507 8176 6100 6656
9470 966 246 2475 3727 2118 6203 7233 6489 6842 3805 3310 4277 9042 1014 1529 6123 3210 7603 7272 3858 2556 3744 6814 5742 4582 807 976 7323 9375 7031 8281 5538 4047 1227 9033 3449 4827 4858 2621 6175 6861 6882 5871 7939 11 3805 5214 476 3912 2572 6253 1425 8402 154 4720 7844 2020 8257 6484 3815 6333 5032 3632 5214 744 9340 538 5412 3816 4042 8628 9284 7075 8778 5464 3785 732 9688 96 4572 251 1973 1990 4868 773 2232
9506 8562 5259 5576 3833 1506 9636 5424 4319 7073 8852 9870 8910 1123 7798 9939 995 9388 7974 7135 9298 6515 3228 5115 5028 5813 1652 6592 3907 6867 3407 9140 7739 521 1176 2668 6404 9450 2968 3868 3982 2036 9409 973 5616 9285 2301 8083 7037 9484 6655 9127 1547 6991 7762 555 1604 1840 3476 9720 1945 5935 9688 4309 5520 9775 7052 4450 3916 7221 4837 1887 8630 5438 1324 8666 3138 332 3098 4976 1601 4308 6897 7650 5160 3101 935
5574 9185 7880 2655 5044 2044 12 5619 5137 1404 8237 723 1044 2002 2025 1927 5758 1041 9646 9927 1864 8158 4300 5692 6728 5297 3474 7472 4468 6600 9155 1515 1026 6536 6662 3298 1349 2910 6913 4869 2807 1247 5503 4061 6739 9799 3681 7244 4391 4537 2004 3138 3789 9388 10000 1688 3114 5204 1953 1443 3179 3016 2205 93 8559 9049 4892 4967 7884 1268 8215 6319 5431 9479 2247 8799 3421 8653 8576 6606 8520 5378 4896 1426 6835 3510 4558
342 1805 1060 2365 1008 6008 1448 7934 2985 3685 5119 4843 371 3452 8790 492 4814 4429 4265 5454 3240 8368 3426 9267 5581 9728 4062 1938 1617 8033 9329 4288 8672 8257 9477 6620 1686 554 8916 263 4792 3132 3488 5508 7664 7798 6419 5164 430 6808 6335 5506 4540 2338 9588 5907 6889 1737 6603 3287 4041 3690 8187 6239 9298 3348 430 1300 1878 3068 7309 7413 1301 6117 3767 5435 3304 7016 502 1261 6136 3326 6335 4040 6045 6022 2293
1319 1092 7089 2216 5253 5089 5232 5281 4119 4623 9256 2706 4654 5620 6185 8934 2016 8062 276 4384 469 5600 6988 7258 9283 4520 5099 4223 6407 9165 6371 9001 2500 7623 1973 2085 1905 2181 8485 6299 8793 9073 9375 5091 978 3204 3383 8308 8829 3817 3788 1718 6005 1764 4658 2801 512 5034 4705 6779 3674 7479 8076 5177 1613 1378 2994 7042 3105 4226 1837 980 7685 6346 4496 7259 9422 1495 867 9389 6184 6289 4855 9648 2669 6355 5011
1073 8201 1648 4351 3755 1228 530 8079 1543 7955 3170 8440 6491 1321 1506 5282 9882 5075 8749 5843 4377 4844 1439 3714 2199 4097 8501 227 9252 2048 5020 9772 900 242 3893 7872 1164 3671 1975 3580 6769 1551 2410 6119 3172 5271 103 9326 7698 3428 4676 8065 1593 2306 2484 1615 4050 7769 9505 3758 5785 4816 2039 5140 8277 3596 8017 3610 8127 8049 4806 7140 8354 4393 6571 7877 6517 9336 9855 402 2810 527 2798 3667 4383 6864 336
5605 2516 9455 3428 5933 3913 3615 1409 4695 4901 9534 3451 6225 201 9478 7840 3572 4410 4029 7992 2917 2257 3264 7313 7037 6841 8753 2104 9225 3666 5890 863 3997 6518 1325 52 6883 1797 4102 5322 341 872 7368 9392 5023 5411 6560 5992 8235 9016 858 9331 8004 5697 6431 3723 7010 6225 1561 7950 3510 4752 4038 6475 5423 4767 9144 7646 9084 8482 5904 927 9725 9949 7357 4892 1530 6735 3364 8029 5985 2567 9428 6135 559 5212 3236
565 6453 5505 6067 2075 4824 9714 3517 7962 5029 894 6206 6336 1645 1274 9528 2648 4241 414 2680 5673 4719 1463 8087 6037 7978 3190 7096 4819 8078 6133 5450 6267 6463 3358 7512 545 9022 4989 1618 3712 2131 5922 2615 5671 1076 852 5761 7686 4064 8329 8570 2932 1188 5373 2193 7240 1554 8604 7899 8911 8915 5907 8612 6674 9266 1512 3841 7788 8925 3260 3236 5842 5866 8521 7414 6275 5596 1935 2047 6838 1081 9668 6537 31 4962 3650
7372 8999 1009 1334 8926 7037 1788 9633 451 5886 4863 4054 9442 8403 2887 3571 1202 6314 6061 8613 4866 4359 1580 5562 4898 2447 1099 1358 8626 6142 8154 874 1713 7133 6832 6405 6124 840 5047 1347 1334 2029 6666 8660 8491 2450 566 3611 2002 5466 4687 3464 9387 6539 8549 1907 4219 6559 612 4157 8218 9688 7018 2914 2961 4406 1153 1410 9650 775 7359 7858 4455 1518 800 5482 3177 2758 6566 9221 2239 5913 7830 9223 8164 1692 2280
7523 5034 8290 3392 4105 5147 2712 4177 9953 4505 7554 7053 6130 8895 6788 8943 2239 3377 5957 4445 9597 3243 3761 5030 1684 3036 9820 328 3622 9386 9044 2039 7749 7066 8958 5140 5343 1609 4840 2750 8199 8658 1921 9330 73 1378 3285 4351 9860 3769 9165 4243 4977 8475 3889 6164 624 2965 7031 7409 8100 41 6768 7536 9088 1386 1608 838 4070 9607 8509 493 7055 4438 387 6581 8989 7185 8856 5316 7929 5445 5296 9433 6330 1818 1724
9840 6391 4012 9462 489 5586 4948 3440 6193 2650 8503 3064 6338 2601 6840 1643 7721 6476 5832 8223 7792 1790 4558 4545 6368 681 2943 6733 7518 2068 8752 894 835 8425 4540 3320 4275 2791 1980 3605 2196 2680 8328 7856 8527 2503 7218 7608 9735 6011 6928 7130 7213 6830 3748 1429 582 5010 7141 5689 4412 8395 3636 1425 8132 3895 6908 8735 4581 8471 2817 5212 512 2570 9596 7392 2803 4612 3740 4024 4063 8025 2048 3702 2559 9633 3863
4921 9922 6989 9297 2083 1826 6682 1845 4184 5461 4399 4767 6873 6873 1497 5827 8086 9346 4955 188 5817 6399 9205 7609 8570 3280 732 812 5271 7407 8551 1156 7755 4504 428 1972 4953 3856 4619 9145 9342 1950 2702 6505 5294 269 4752 9507 9242 1179 745 872 808 3259 4354 5117 3020 354 1592 140 5253 8978 6783 7312 3125 3812 8237 9088 7073 448 1984 7346 2974 2050 5347 6956 5912 6590 7069 7908 1270 5496 1451 5161 8725 344 7999
7582 3799 6085 2141 5617 7287 6615 4838 892 4361 4840 5965 2511 8207 1174 7053 3065 323 3424 3903 1692 5966 6161 516 2480 9617 7197 6472 583 6257 2460 7476 4305 8069 7091 2310 8405 5125 8806 8500 7665 9930 6524 8157 3123 6243 5249 9489 8513 2167 9853 3069 121 5141 316 1482 8985 7053 816 7497 5635 7105 7956 3144 7519 9192 3689 4885 3855 5001 300 8657 6697 999 2758 9507 2556 2291 6419 9232 5292 3830 5075 2987 4587 3250 6778
6220 9577 4215 75 4376 8840 3276 9301 213 1992 1965 5263 1572 6577 7263 6429 8056 5901 5166 8511 5613 8354 2762 7464 551 4342 6771 1393 947 4176 8051 207 7523 8367 9339 1646 6054 6746 1182 8250 1200 9670 2014 916 3605 1513 1001 8730 3354 7463 573 8329 2164 7753 102 6756 6442 8511 3686 3368 6124 833 5509 665 6243 1586 859 9746 4718 9444 9496 4011 5136 3447 7139 8354 3386 8037 7054 5293 905 9420 2758 2527 565 2727 1860
7110 1456 1464 2789 4641 3489 8435 4269 8944 1660 8326 3625 5295 369 6052 6487 3135 1639 9787 6587 8663 6541 4922 7449 7640 1247 469 5578 4527 9810 8631 9654 6949 9292 8429 1293 9493 2443 2226 7121 5226 3232 8060 9457 4997 2250 1550 8156 9922 5339 4895 7105 1361 5921 5224 316 8423 6874 6944 1809 3494 6079 1248 3649 1769 5302 297 4542 2567 9820 6053 6766 9374 6840 840 4301 4297 7756 2226 9494 2015 15 9065 5481 135 9292 8219
5617 927 4320 7019 1958 1933 1581 5501 7702 8054 1131 2835 4598 4807 8922 1227 5212 25 112 9023 5719 1193 4872 4989 9374 9833 2049 3483 4007 7530 4644 509 3262 7981 6492 9015 7716 9202 1994 2248 4805 9319 4020 1080 5056 998 4269 9670 5766 5569 8875 6935 264 9006 3784 4381 3307 5011 4838 1204 7396 4498 5157 2973 9418 5894 7197 6363 4946 6535 7796 109 2619 7268 6774 5880 4566 8107 9774 8927 1804 3144 273 7319 4251 3325 6260
3694 2923 4443 418 4341 1913 1382 1185 3411 5920 4944 5683 4100 8118 573 9142 3484 5609 2438 2908 2294 837 5068 5046 1397 898 3607 5755 1201 350 2358 5907 7656 4939 8509 4135 543 780 2540 5647 1854 421 9284 4827 5458 3699 5199 71 4797 1979 5347 9894 6214 8896 1821 833 1432 504 7338 173 9015 1458 850 7642 4251 1570 8326 3147 8667 5840 5943 208 2936 5572 4487 2822 6399 3926 1618 1559 5988 1904 6897 9627 3703 3921 632
6744 8502 3217 7765 7465 2622 856 5574 6776 6803 1567 515 3772 9837 7940 9634 4910 8012 9175 6292 3617 8695 1256 6727 1577 6864 4786 3479 8125 2644 7772 1089 2520 3887 2796 2843 9654 2135 8196 788 6081 3301 4634 2671 692 9535 911 6905 1406 2181 6492 800 8545 8684 5086 627 4632 9742 2647 3026 9664 6158 8276 4617 7915 6478 3870 4405 7243 1843 8981 8227 7287 1979 5787 639 3906 9415 2272 3221 169 86 7906 1866 9797 3025 7202