78 75
8736 5373 6357 9393 8725 9418 6629 2166 9198 4646 7837 7452 1914 3475 1586 6548 3312 2976 680 7336 5604 2973 3970 6027 5299 3926 4733 3509 1739 6245 7049 314 5841 6416 118 7883 5683 9518 5908 8145 9762 6821 3229 7913 5014 816 3840 1686 7839 6948 9719 1501 6741 751 8751 3877 9861 9644 5770 8684 731 1997 9607 8553 398 2045 615 3580 2982 8569 9336 6581 745 2161 5927
9959 2664 3814 469 2646 7111 487 1978 6878 5647 342 2733 4592 1069 2911 6022 7181 5367 7765 4712 7578 9805 4764 3601 2185 5555 8099 2408 3323 2230 8056 7302 1236 697 9544 9398 3489 105 5325 587 2304 5703 7894 8612 136 1515 618 9812 3730 1546 6758 5842 7136 2027 2820 1010 6740 9938 5573 7910 4182 8681 3938 8716 106 6572 6409 2564 4766 1410 954 975 9072 4997 2875
8584 7368 4806 2123 389 8542 7651 5296 8088 1232 4823 2530 8522 712 1631 6988 2426 5453 4290 6898 7181 6917 5790 4935 9297 8111 8586 6117 94 4631 2460 5326 2499 7087 1126 4725 7188 9430 5196 6302 2794 7638 2953 5749 973 8607 3112 2984 4566 3572 6914 2161 1008 6277 235 292 2241 8637 5080 7587 1499 1844 5629 8852 3472 4959 3842 4058 3651 2022 2270 9124 5360 6535 7429
6439 9982 328 8747 4694 3651 1868 2216 7979 5148 5616 4346 2236 1372 1371 1666 4118 6679 8098 2434 5148 6932 4849 8922 2961 753 7877 1274 1175 8746 2784 278 5407 1776 2497 8778 6929 3859 2565 1857 8551 4663 7920 47 3229 7582 1644 3169 4619 2360 1462 1283 3980 3456 6762 1061 823 3064 8516 9874 6689 6322 8659 3432 2505 9054 3343 2963 6093 4950 5165 6210 5370 2694 2142
416 675 5312 4687 9278 2867 6684 6951 1563 6025 4990 3344 8975 6507 8729 2442 9156 6306 5361 3826 5771 8451 8190 8252 7701 4397 1696 1041 2091 8564 9117 8030 6450 7884 8731 4842 9271 4035 4362 2864 6697 3442 7185 6588 1565 6113 6901 7987 4291 8700 5529 6287 5236 1093 2044 7935 8621 4443 2568 3010 6088 181 9125 3909 9652 1889 2171 5869 4198 7316 5581 6051 4176 3046 7273
8295 7330 2506 9756 8874 6591 5966 4738 3831 9361 5043 7508 2572 5012 9152 6554 4171 9435 4580 9046 3197 4374 4230 8878 8208 1457 238 4075 1585 2411 4270 726 2701 8722 5067 8166 9683 2063 6253 548 6193 9077 4953 9563 4035 9389 4632 2224 2094 9472 8395 426 194 7263 5046 1441 3895 6742 9437 9034 298 4953 1581 3364 217 7013 7307 8582 8119 3793 7337 9394 1634 2625 5740
3059 5393 5223 1673 3201 294 4539 4809 8429 3334 4828 5603 3963 4259 5089 7045 1519 8840 1467 178 6881 8561 1058 5754 367 6138 8544 4316 3204 1418 6249 5783 1989 2353 7109 1113 2305 467 8480 7351 8974 1585 3609 191 390 7948 6232 146 1908 5344 1015 7798 4417 8337 5924 4505 2900 9960 2750 6864 6180 2949 6043 2077 3957 9551 1433 7063 9070 1657 3267 7021 7945 483 9846
4800 2320 9700 3862 6653 4408 6714 344 4260 8231 4423 3604 8332 9119 7373 9133 2417 8200 470 1683 8466 9442 2358 5942 6054 4918 5140 1448 6552 393 5410 1131 2301 278 1962 1493 3785 8758 9395 4245 8359 5035 8090 4565 2045 4066 1931 679 5648 3210 7852 1381 2490 6467 2801 2837 1394 893 8534 5866 1416 1960 5299 5144 3034 3576 464 2960 639 885 6148 9047 7825 3297 6587
2180 482 8723 3335 6278 1095 4474 7898 9421 5514 2877 4897 4635 8154 5608 6043 9747 4476 3832 8811 683 9922 4362 1070 4864 272 1511 7159 6327 7956 2728 5104 9116 5047 7007 5320 8922 496 8138 4766 3410 217 9619 1555 5249 3462 3635 6062 813 7468 4696 418 6431 1259 5583 733 5677 8769 6189 915 5759 4143 2283 8164 7664 8381 2267 5690 451 3375 278 8378 1878 1639 3281
1575 3106 1588 758 6509 461 5367 6882 2207 1369 2730 4134 6247 2883 9650 7651 5927 4818 7362 1636 8941 7831 443 9974 1983 6933 8535 3394 3198 184 792 4804 9314 974 5870 5701 5155 8218 9561 9749 5585 1085 7401 5797 9506 217 3212 390 8720 9509 8376 7343 3444 341 3331 8159 2063 8512 3031 2736 6481 2793 4203 965 283 544 8632 3140 9544 7237 7931 1537 783 1150 5414
2184 5287 8862 8954 8437 7612 6909 5060 7795 1659 2498 6964 4344 1072 5992 1864 3386 5084 4877 6334 5786 4733 7064 8148 9813 1094 10000 7721 1698 8112 6748 6935 3264 978 5312 1901 7380 6609 7497 6819 1523 245 536 3175 1161 9488 4323 9312 2550 4501 2236 3660 2602 9161 9840 3247 9090 1804 4067 6818 6907 5055 1348 6805 9768 9105 1943 3704 3823 786 5873 2358 2697 7888 4673
1149 4179 3380 2549 4696 5720 1181 1806 446 8115 263 8594 5973 9657 1121 6948 8097 4348 3877 1587 755 2896 7656 331 9987 2325 9582 1967 4870 4078 1715 4769 9427 864 2241 8429 4946 3986 1941 1165 1942 6263 7963 6288 9638 3168 1785 5144 8484 4541 7546 3069 6434 7525 4278 9944 2605 8945 7124 9830 6809 5614 8003 6365 2581 104 6475 9512 9216 3868 1861 1556 5029 2371 3648
4791 9632 6225 5543 6498 8724 7641 6306 7211 7693 7856 985 3362 5907 9365 8734 933 1147 5350 7248 9441 8819 9167 265 4294 915 4609 5745 6167 9179 6965 9600 5618 598 7836 9501 3336 695 321 8659 2378 300 7797 361 6902 3607 8523 290 4957 2548 4768 3422 8246 9374 4731 2494 9543 6073 7163 9112 3695 90 3904 1071 2625 5936 7708 1827 7659 5645 9466 4886 9128 34 2454
5328 3067 9306 1898 5682 9745 9007 7732 7904 8835 3029 7956 5003 8505 1620 5149 7605 9068 2382 1165 8193 5728 4309 2037 4234 3982 6228 3495 6903 5482 5252 7708 8903 8317 6538 1576 8216 4669 7093 3846 8291 2743 1254 1309 5624 5229 7277 1416 4317 3889 5055 7412 7058 9589 636 7851 4745 369 5437 422 8598 3394 1812 7147 7924 7614 3246 9618 1794 7493 3189 3052 7188 9234 8819
9397 327 6694 6104 5546 8999 7706 3610 6818 4456 6216 3289 3225 3730 5743 8317 6897 2674 1176 327 1755 4497 1107 8142 6986 6147 2700 3050 6975 3369 2768 241 9416 1997 2985 9427 5478 7034 3945 3948 242 3643 3745 5009 9453 8391 9676 4554 5173 6433 3028 8647 4392 5428 3363 2603 9936 3177 7647 5811 6137 4156 2717 4631 8694 4008 2732 5777 4204 5156 7319 5718 3613 6643 1923
5179 4339 4066 9517 8623 7566 5127 1782 9339 1524 7760 2628 2391 4680 2790 6605 1276 9139 5402 5574 5584 8786 3228 735 4956 12 7543 7895 6292 8960 1279 9009 5090 7789 9002 1193 557 9190 507 4897 4074 570 3850 5955 8905 9135 5372 4807 4753 5045 3464 9465 8213 2305 2861 8199 6859 7508 514 5954 9852 536 2058 5244 2538 372 1408 8599 6237 9321 5105 2159 8641 6028 5466
3765 5949 6847 8054 8986 6835 1173 5415 4185 5541 7109 5393 404 7505 4044 2011 6641 5585 6406 975 7438 4420 2630 3880 414 5460 8842 8165 86 9042 9319 8344 5757 6929 7317 5960 5726 6871 6691 185 314 7313 2684 2188 6684 6991 673 7934 1268 6555 6891 8958 1988 1050 3209 2553 2440 1980 574 1107 4913 4111 756 761 2489 2848 3283 294 1154 671 6929 3598 3818 9929 510
4601 3231 7353 9670 6211 5217 8017 2507 5886 7566 167 8996 7180 7852 6452 8555 5038 4073 3697 4616 8947 675 2706 8908 9983 8962 4616 3960 4636 6876 5225 831 1285 3070 319 8956 1915 2686 4627 7309 490 8409 6732 1175 8308 6711 4832 5149 8786 8401 1065 5553 6088 4774 8158 5939 951 9903 1495 5469 9781 9864 5675 900 8812 9327 5352 3414 5266 8364 3671 7190 374 5282 4251
2427 6895 4697 7084 3297 1815 6617 9794 3997 16 310 5674 4981 3142 2078 3356 3754 8559 3094 6334 8996 708 3726 8172 5994 6127 1211 1400 8859 1120 4067 5653 4664 4479 7117 3903 4632 4540 5149 2540 5534 5454 6318 1526 3269 8509 1819 233 5315 5149 9619 2177 3426 5881 5587 257 1964 4898 8696 9069 4183 8546 407 9470 906 8805 4110 8867 378 7102 1602 1583 6103 8580 9935
297 8023 8818 4379 9503 2647 4861 3548 2534 5702 7258 409 5682 8969 3963 2158 5474 3731 9761 833 8204 1598 6999 1497 2986 2748 6711 559 7137 5584 4700 6901 3489 137 1428 5281 6526 6750 1603 5884 2689 7852 6172 1455 9539 1765 7061 8515 3577 4638 7141 8286 6618 5953 5743 5565 7586 8329 8322 8751 6127 7155 2058 3002 1475 4834 6974 9373 8530 2178 211 7359 4839 4502 393
773 415 5130 328 5776 8332 6031 7815 5038 5646 704 7591 8641 5833 9313 4463 4458 1091 6024 9699 7883 6937 5049 4600 4 8085 8718 3492 10 694 5514 7887 3173 2250 3364 6223 2262 1853 7332 8540 3604 1072 2791 6314 7046 4203 2759 9536 2525 5571 136 573 7035 6624 5188 5657 6895 7969 7946 2060 3912 1981 7014 8972 3266 4528 7857 5282 8630 3245 7776 2891 7118 2808 3297
7610 8341 8042 1275 9787 3964 8171 8056 8512 9103 5000 6637 8168 2169 2568 6512 10000 5981 3240 5910 4306 8829 9419 8395 50 6419 5613 5817 5041 7597 9045 9439 2286 9610 7876 1670 5962 9583 8105 6095 14 8232 1804 5042 5122 9973 650 5660 3542 9211 8653 3692 1133 1173 868 316 5516 9253 3859 9801 3345 5618 7630 1025 4834 4175 7518 4544 539 3899 5718 5684 7175 3761 4038
6838 8529 6941 7214 3179 5088 8920 865 80 1271 6639 2442 5675 307 4258 6138 9897 2448 6318 4930 721 2766 5507 6643 8872 8212 6768 9345 91 5363 1026 8925 5421 3666 7529 9809 7998 8428 2242 2686 8707 8395 84 6891 4588 5690 9411 1215 7754 5025 3229 8240 5556 8242 6551 4493 3715 2124 6084 5429 6409 774 8424 3079 8484 456 7467 445 6280 3168 5714 5820 9912 5684 2154
4527 9370 9430 7899 1587 4662 2301 6568 526 923 2216 6 4349 575 3028 1103 6536 959 6484 1397 1286 302 1825 416 3499 1556 8847 1869 2830 6510 6636 5734 5957 6694 1325 8102 1859 5365 859 1358 6400 6347 3437 197 304 7264 1072 3865 4516 557 8693 6345 5546 1889 5229 7856 5993 4146 3894 8303 9179 1923 7369 6474 9277 2347 2279 2889 4466 1752 6247 8952 2084 1760 3300
7454 6909 322 9144 6796 1327 176 8888 5822 4789 7909 4513 7428 9470 1517 1018 725 9510 6102 3469 6990 2948 9472 2891 7048 2290 5841 2635 5468 1865 6580 5199 6109 4626 2273 9769 9829 7676 5489 2044 3600 3554 7954 1040 8606 5860 8878 7591 9776 5120 1733 1914 3173 7695 5368 5838 9628 5979 3772 2656 941 719 3602 720 3288 7100 8932 5376 663 906 3215 4202 5999 9662 5147
3438 9523 4901 8100 683 2341 6241 2064 8788 8173 8081 330 6691 9845 5167 8333 695 8668 243 6481 3152 2133 2404 8454 8660 348 7730 5550 5416 1361 4697 8997 59 3091 5144 8667 5720 2480 2660 9501 5264 3991 4259 1190 3879 173 3703 6782 3842 8153 8459 2389 4217 3396 8914 1866 6590 8665 4806 2987 7336 2877 6126 7495 6420 4834 5246 7307 2444 4287 1038 1556 9138 2437 7963
3441 9606 2888 5260 8831 9107 9534 1540 4362 7829 4294 2333 6741 7911 4453 1434 3659 8069 9018 9751 9577 5111 5960 5519 6077 3789 1338 6298 9940 7757 9985 3297 4476 7968 5173 4634 1188 8098 1211 3743 6878 1037 8750 8068 1844 5010 8063 3974 1798 3425 6301 6014 7487 7384 2958 9842 950 7051 2738 8810 4163 2495 7652 1895 8806 5567 7495 6223 6652 4150 6382 2429 4229 8304 9587
9393 9727 1599 9849 3989 3705 7321 7085 5211 4302 3623 9327 303 3568 6713 8169 5866 3583 9171 9706 1138 3263 5947 8519 2962 2464 742 5850 3030 5165 2590 8533 9304 3242 4468 7654 231 4729 6667 9284 3633 8060 599 9223 5016 6444 5236 833 9 5069 1473 1607 1928 7228 7377 383 738 2618 7391 9645 2617 1619 7324 2821 3893 3037 4926 9801 5150 1217 7993 1751 2488 954 7512
2712 1158 2467 9706 3640 9122 4030 7891 3124 1149 9303 5350 6008 3214 205 2197 5792 9514 2147 5908 8343 5391 5180 7289 1107 8065 8659 983 4611 1104 1453 5819 9830 115 8940 9991 1740 3090 7209 7691 3374 5789 8892 3395 1634 1624 5084 3798 3539 1174 5053 9265 8216 3810 6125 5518 8433 9712 4311 5879 604 9247 3220 7927 4127 6542 8389 6821 6960 1804 2267 5894 7803 3164 5144
6693 9560 4849 2735 4091 1787 5591 9885 708 4397 5080 2867 3957 9846 4030 1112 2961 5766 2152 2338 7198 3676 8777 9552 2292 8030 7519 704 6806 6582 427 5438 7010 9551 2938 3465 2506 4823 5232 9340 3987 6763 7276 8687 1901 1075 321 5020 1380 6836 6130 1671 3033 2214 7690 6656 3964 2464 9013 8000 983 9273 2037 5188 5654 7338 9903 730 7165 197 9602 2787 1014 7382 7866
9136 9646 8752 8529 439 6959 728 9496 1508 1960 3040 43 2713 2204 4929 4572 1287 2804 7235 2828 6631 4630 376 8646 8008 4840 2154 2744 9603 1476 2109 3839 1447 685 3709 230 1696 1661 9459 6881 5227 257 9336 8391 7688 8545 240 8312 2132 9133 6253 4400 1679 3310 4084 6880 4409 1102 4682 6420 2291 6125 8748 7585 309 8440 2960 8455 7973 113 5155 5162 9388 871 9236
1904 6543 7210 3750 5096 76 8442 4220 9231 1459 7023 8082 6139 8628 7837 7041 1539 7683 2648 503 1595 6457 7864 8463 2514 2930 3365 6376 1266 3231 5441 7761 8834 3480 4764 2569 4619 7498 9185 8718 3368 7415 4287 947 8609 7283 9694 9226 6792 6413 198 2827 8558 6111 8445 3260 263 9062 4567 6770 8756 1254 4430 9925 7868 5584 9452 9605 2571 3466 7721 90 5769 6466 908
8686 8998 7598 9305 4677 5974 41 5192 180 1637 6383 3028 9833 622 6543 872 7279 5050 7725 6051 3384 2202 5603 1732 5097 6029 6081 2439 8647 6160 38 2718 4557 1320 1648 7107 3265 6702 5048 7488 8421 518 5398 5836 8379 8529 1162 2251 9050 1720 3254 742 7544 5417 2856 557 7602 1566 6221 2750 5977 9149 6394 7200 3092 6767 1430 4981 5373 7362 2965 2264 6320 1567 6365
470 6919 2568 8899 7294 3843 6590 3028 3145 4693 6084 8485 3320 227 3836 4769 3227 8777 1035 1743 414 3742 4932 833 6133 408 6305 9854 1853 2868 7101 9702 9000 7392 7454 9232 4825 9212 4087 2575 8852 2180 4356 7230 6653 6177 6313 6387 8877 5114 9366 8413 1683 3590 9364 1605 6081 3684 8188 4357 4447 2578 4710 1323 7226 7682 8555 5718 9986 8769 57 4849 3779 1417 6879
2911 539 6750 1753 707 4866 2883 3680 3145 552 7145 6173 9022 8542 343 6007 2598 1548 9930 5732 4349 2776 7315 7180 4064 7521 4714 1169 7778 2934 5378 8667 2505 5217 8882 3950 744 6710 6183 6098 4198 6478 600 1022 8108 1526 5535 8512 9941 4905 4054 6285 3133 7475 5174 6011 6721 2367 7396 7342 904 2490 1731 5523 6511 9972 1390 8687 3005 2520 4771 2100 5498 5111 8054
6270 2805 6029 2102 120 5220 6771 8128 3289 5145 1537 8659 5011 9230 2743 9702 4222 9533 5144 838 7876 7303 7080 7471 1923 9609 9406 9879 1129 922 9542 5990 5671 5539 37 5219 6238 825 9293 7589 7126 1931 3964 3912 174 2357 9454 5548 6738 2403 2984 1410 8357 955 7182 410 5875 9908 335 7127 5486 2652 6222 1791 7464 9877 3186 1557 9106 3947 7054 5201 3679 1771 9372
6843 6643 9816 1507 6290 2852 4961 2042 9276 9181 6704 6646 2057 7718 9399 59 8519 3485 6326 1546 736 2408 295 9238 8070 3630 2789 8390 167 1828 3156 8875 6573 1349 8195 5135 494 5466 9304 9733 3527 1559 7281 6123 9031 5094 4356 6270 1836 6281 8616 5287 7032 4512 6838 4541 4241 9950 9262 7643 4937 3674 949 512 3832 6030 8308 2365 4373 9808 8130 8382 5426 8553 5147
5869 5434 8782 5622 9505 4709 4046 8729 8700 23 9225 7718 3303 6219 2365 1925 9778 1762 1488 7554 3259 1825 6039 483 8530 2394 1168 6711 457 3688 321 9348 8068 5672 2171 1563 5299 5689 6980 5360 7471 7439 5519 246 7299 8972 6338 6040 1695 836 8541 82 1082 1314 9617 6052 7861 3319 7656 8731 9684 2935 9909 3230 5348 4533 5351 2606 4955 7297 3508 2575 2742 8941 9851
3393 82 3658 2328 5171 5748 1669 7010 5276 7756 412 5295 8042 9405 6730 8137 735 7947 5878 4117 3182 6549 5878 577 4543 26 4547 2200 5519 1249 6291 3871 7346 9370 9358 1497 532 8502 2417 558 3151 7083 4134 1410 7416 5880 1275 9189 5446 8403 519 466 5935 3367 311 9109 6737 6749 2638 3044 4893 6621 3184 4472 1313 1939 9668 4550 374 3073 8639 3529 9168 343 1443
5196 8001 1976 6817 4352 3083 880 7702 2190 8483 7338 8139 6313 1341 3677 662 4623 6619 2917 3830 8124 9665 5209 6202 7699 1656 6330 4037 7999 4267 46 5241 1506 3160 6797 5631 3712 3028 4545 396 656 5900 560 4030 956 1875 8806 543 9414 2615 5332 4423 773 8433 7165 9113 4964 7866 9731 5374 7242 5818 2501 2681 8036 8231 6946 5035 7648 4338 7183 9870 9224 9017 5485
9418 6530 5310 892 8022 685 3724 7805 7033 3568 6116 5665 2038 2328 5006 8273 6628 1334 2365 3691 2008 457 8888 3716 778 883 3153 9040 7732 5861 1440 1820 8794 5669 475 5664 9636 3272 5477 108 5268 7070 5056 8234 4927 1883 2855 9166 5671 9468 7469 5498 5180 5597 8444 7089 8375 1592 6000 8707 1250 7571 7219 3259 3012 4295 5182 128 884 9356 9758 5888 5922 5433 2405
879 765 3309 8404 8550 7371 723 9921 4703 6239 38 6553 5573 102 9627 5675 3924 8315 4015 2212 5906 9435 7792 3480 4308 1593 6510 6177 8237 9893 7174 6490 9650 8342 379 7289 5347 3270 7895 4182 3168 1879 7847 140 9813 4914 5988 6190 6775 2200 8537 8072 369 3857 6606 3464 2070 466 5807 2941 9872 9960 4390 4742 9168 9360 8561 1404 2965 2109 6942 247 411 297 554
1807 384 6773 1794 7438 22 8562 5228 3873 2463 2284 6644 3204 2812 9542 109 3063 3002 7237 6307 3575 6353 9811 4634 2825 8889 5877 5818 2216 5322 6132 150 832 1172 4502 2451 9 9387 7604 4451 8728 7702 3193 1668 8419 5297 4180 665 3017 1725 1553 3869 3333 9796 3644 9444 5033 9051 2574 2905 1970 8372 4966 6389 6283 976 141 3759 9405 898 1197 9393 7616 6976 4669
3320 1466 2236 892 4929 2657 6903 8843 1408 5894 2018 6927 5310 4035 3843 1585 4759 8910 47 4390 8498 121 5517 4530 958 3926 5426 8280 2423 5687 1867 2999 5509 100 2812 505 5965 4468 324 7988 2437 6945 7148 8193 3666 3326 8822 6613 3504 3525 5742 7021 5126 8504 7700 2712 7249 1396 1470 2247 4595 2885 3644 9601 685 3888 5007 4233 308 8748 7949 2451 6617 8220 6561
7991 1836 3443 4078 3484 2237 73 1241 2611 1718 1986 1211 2299 3378 9616 1233 1641 7382 2048 932 6974 4706 5790 8718 7693 844 4349 7049 7385 5118 2105 2219 9637 9053 2487 2104 3739 4473 722 2008 4639 8568 1436 6650 9575 935 4173 6668 8652 5954 2648 3588 6405 6559 957 6278 8709 8393 2701 1161 1317 1365 9864 1318 5832 1976 8786 3294 7780 9061 7522 5092 9689 3461 259
9674 9285 1457 3067 1961 6964 3898 2472 6517 3128 3005 8042 9873 635 5599 5226 1311 981 6618 1379 2413 9676 223 9154 4735 7704 4239 477 8834 3982 1730 8990 1105 2293 64 823 7537 1528 2779 8834 2111 5776 530 1919 8313 3537 7224 8060 8022 6688 8658 1459 6974 1101 9499 1484 3268 6459 6101 4292 9387 9420 9091 3623 7780 8602 686 6636 2240 8771 1774 6745 1881 7300 500
9363 1488 4332 5356 7837 9824 1958 3357 9912 5469 2823 4427 491 4489 5165 5040 7761 5408 6479 6849 6278 807 6547 8788 7274 7329 9030 9417 3064 1777 4161 4916 5820 9901 3303 4171 8989 312 9526 8644 4278 4265 1485 4184 2273 1466 648 9349 1645 7606 1899 6074 8886 7801 5288 8299 6726 8347 2027 6189 4276 7411 36 5270 3706 7383 9077 6409 1497 554 8386 8342 9885 6057 4077
6099 3847 9268 8476 5094 6828 395 2992 134 3247 6021 8444 1779 207 4161 2953 7271 2045 409 5955 3457 588 5311 5948 981 5767 7236 3424 9980 8833 8771 3736 9217 8735 6769 2687 1798 2324 8409 9463 2278 1897 1037 2084 8623 5778 7095 5956 3967 6736 2355 2322 9512 2448 928 5636 2195 4553 233 3494 3066 1321 7295 8827 6923 6807 4346 9810 4946 3809 1701 9235 3249 3665 8463
9680 3614 3900 9813 7530 5074 4656 8618 8404 5519 7043 6860 7100 6327 7675 6370 6590 4875 2720 7479 6181 638 2740 4649 414 3390 4134 2467 2037 2577 801 7871 6612 7642 8829 4699 7512 6660 5613 5683 8127 9301 2298 3845 6921 411 5975 4439 9663 9236 5253 5783 4985 9515 8317 7602 8603 1120 3562 82 4239 7578 2895 850 1552 3876 92 9482 2830 6555 1946 6825 6729 6254 4215
674 5967 4258 7045 5484 3458 6562 4324 2807 6845 1257 4422 2742 4454 9366 4471 8922 2516 358 5651 3480 284 5980 3420 8664 3766 9842 2880 45 2195 4205 2379 3690 100 4926 5818 2429 1395 1254 3100 8635 7845 847 4710 2682 71 6654 7471 713 1304 5087 2562 8923 8573 7950 2806 2085 1911 4768 8105 21 4885 6137 1745 8170 508 3614 9065 4412 2186 702 7659 5135 3959 2601
4405 8914 826 3598 8532 6800 8701 6629 5009 3500 2624 4364 3978 6129 1163 5973 45 5861 7072 8579 4120 3465 7704 4527 2895 8233 5585 9587 9370 6842 2366 472 7006 8507 8876 965 4918 934 3499 77 3580 5492 1938 520 4973 6395 9109 6632 7475 6634 1098 3284 8553 7421 1711 5446 1870 3372 696 6051 937 8605 3207 2081 5085 8909 6107 4792 2047 6714 5956 7524 4246 7066 5816
9473 198 4740 1509 874 124 5497 9010 886 3616 5284 114 7089 6555 3023 2055 7069 2441 6117 570 5063 6633 2030 3182 3953 6187 997 5440 277 7694 8037 4341 6659 9528 1102 1043 7910 7226 8731 9914 4429 4198 7442 5348 9891 2289 9050 2032 1079 599 7905 4631 2060 1822 61 1879 1830 4912 2952 9951 48 3624 660 9860 4598 6421 8312 7953 919 8575 4383 5036 6224 570 2452
4517 9881 9259 7711 1173 53 3073 7199 3819 1933 9049 4550 3753 3087 7619 3011 3684 6408 8676 8173 9604 991 5164 4324 6163 8784 1359 7433 8666 2296 4930 4376 2264 9265 5302 1408 7477 1742 1917 3760 5067 3552 3888 9152 521 7900 7766 2828 548 3496 4219 9201 463 6605 3849 7649 6893 2007 8640 6739 2236 408 1109 5816 6665 4690 8403 5709 9500 2763 5909 7111 2611 9546 7911
6300 7060 8693 7349 5645 2289 4110 683 4462 511 5584 9953 1494 6767 2712 616 3461 4405 7606 2320 1079 1594 4951 7967 8660 639 5331 2047 5555 9447 6328 2916 3053 2134 4155 2129 1151 8845 8897 1244 5112 6679 4065 7948 3704 5575 9410 4019 5523 9234 9492 8694 1628 8820 2200 1805 1338 7316 6066 6921 3132 7208 1297 2875 5475 1390 7059 8951 5494 5886 8911 7357 143 2269 1573
9029 8298 2069 1701 6500 783 5982 7995 4615 2608 1997 6631 6410 83 4433 6966 3605 6673 7692 2743 6024 8316 1894 79 9311 5776 915 1075 5641 9163 6574 4146 7150 6916 8500 6127 999 5715 1939 2610 9627 304 5406 190 6699 2008 7183 1758 8999 2801 3823 6245 9179 7218 83 6958 9806 3686 633 573 8490 8663 8169 7784 300 9144 5347 3966 8744 6763 528 8785 4674 4457 2592
4027 5272 5527 752 289 3655 7650 6430 6309 3489 2674 9315 5634 3767 7187 1003 6081 9029 7361 171 9899 8541 6927 1465 2871 5775 6991 7375 6185 9513 9116 3244 2520 9573 39 3828 9847 4127 3463 8207 2647 8385 5677 6655 4533 9042 9197 5661 2950 5377 2481 3006 1974 8449 7842 7445 1979 5550 8774 3387 9158 6212 8010 1358 4007 2209 5149 1884 4963 4507 4248 5191 3923 1145 9319
2762 7581 3617 5936 5887 9271 3981 7391 8336 1177 5691 7789 8545 6817 2044 5785 7532 4380 6860 5032 6150 2699 5876 292 6408 8814 4026 4919 225 3858 8376 1419 7873 9010 4774 5050 7033 9353 7672 981 7620 2646 917 3452 6462 8211 5279 6517 4096 1593 8133 588 7557 9810 2188 4501 7011 5313 8621 8745 4134 7857 3654 2151 1467 9759 2994 7190 6947 393 4707 2845 2530 7413 7474
1569 129 8306 2453 7995 9489 9080 4287 4166 8836 1065 7565 8456 5961 5949 1927 3316 3624 1071 9689 6946 6588 8663 724 1819 9076 3219 6732 1966 826 7569 4929 1157 8876 5505 2251 2709 1639 9327 9835 4296 2956 6938 4540 3074 1716 7826 5438 8060 6915 7248 5358 3514 17 972 4251 2725 9343 6989 5910 6190 1328 5674 970 5787 4747 8304 8271 1615 1887 4186 8514 222 5980 9024
4888 6269 1736 2625 7538 110 399 77 7543 2735 559 1675 5110 696 5370 4356 8332 9332 9266 3009 8023 2468 4349 1779 1524 7535 2315 5207 8793 906 5532 3753 2992 4141 1274 7791 7241 6841 1945 3604 4223 7453 2286 4932 2205 2323 5840 1845 3970 377 8031 3015 6486 9647 6946 5438 3384 1468 4028 1608 7433 1970 2545 1136 7010 6476 278 6660 6712 9870 622 3086 4069 2087 9972
2303 385 5273 2127 2526 6683 3831 6233 489 7761 3200 1823 3345 9531 3225 400 4258 5795 9766 1632 9074 840 4870 2426 3382 7333 2179 2948 8107 2993 8488 6324 9821 8084 9799 818 3240 4998 1083 7086 4804 2953 144 7380 1450 7163 3960 2790 3805 72 4748 2641 5482 8450 4805 459 4463 4317 3648 4810 8507 5952 8681 2612 5335 9028 8804 408 273 4226 8203 2449 3611 836 5765
1796 1893 6766 421 8347 2602 1285 5828 3593 2617 9776 7164 2189 8972 4672 5637 3266 6160 2476 2751 9888 2165 140 4064 5808 2077 7337 7429 3266 8679 3155 6833 3828 129 3924 6738 8587 8419 4519 7691 6838 1975 4146 9062 999 996 1291 5270 9576 7571 2819 3686 2149 1627 4848 3779 1710 8473 3205 703 1550 520 2766 6155 4012 8451 2550 1490 6867 1679 3384 1882 6568 111 5816
4718 9848 8500 2674 8795 4669 7538 7110 9677 7387 1777 8743 4232 164 1365 4479 4499 4294 3221 8358 5804 9594 8141 8970 3106 8804 6315 9724 6901 6319 2523 4609 5772 8091 2710 7642 9466 7214 7799 6108 4091 1128 5957 2885 8429 1936 7517 1120 7849 3579 9794 7662 8619 1990 3113 4008 5748 9641 3605 9435 7273 6371 1564 9155 9794 9845 3421 367 998 3716 6340 6757 8647 5237 8209
9652 104 8157 573 3331 7254 9857 2914 7173 6512 5503 7921 9497 9771 1014 6509 9204 5033 1383 428 5799 1638 4656 1355 6054 4115 4723 6500 3259 1104 8635 3021 1228 1636 133 3146 4816 2177 394 3647 6239 1625 6033 6878 1624 5460 3062 7942 7113 2503 5937 5297 717 8294 9951 4 960 7859 8573 5033 9183 5488 7462 3540 8406 8482 761 492 1872 3119 6163 4985 1413 6278 928
373 6057 9730 6859 4911 9527 9199 763 6977 2956 4857 9401 6701 580 1699 227 2062 5366 3611 8337 1104 5362 1866 6148 4002 2685 8602 9610 622 7398 55 6484 75 8859 9154 1842 7062 2523 1880 605 6043 3696 8610 4706 3704 9363 4214 6116 2873 421 6395 3802 1658 2266 8415 4676 9574 6810 1927 9528 53 1138 7793 8011 9884 344 3654 608 5935 7837 4695 5912 9898 5675 63
3054 5105 4519 3809 3092 4987 3026 977 7879 6227 2494 5280 8122 4644 4051 8092 89 6319 2109 2309 4452 4109 7217 1830 2114 4056 6522 6487 7748 8451 2391 611 6897 7142 9317 3334 9512 4698 8022 789 9559 4416 2783 5148 2559 8554 6042 5894 1444 539 9856 127 1924 3346 2611 852 1660 5316 9995 7773 4669 4534 9598 7768 2638 6202 1495 78 9181 9714 859 1985 4048 9827 7087
1665 5440 1994 6250 4485 364 8996 4049 9043 8328 302 8634 6016 542 6410 9810 8953 6782 7082 7860 6228 4774 1306 4509 3891 6825 4937 417 4692 4193 1066 182 9754 5441 2943 1112 8686 4386 5962 5919 8824 718 4392 7430 626 894 1221 6778 7741 87 5357 1059 6337 6243 1485 9775 3051 8057 4009 7057 6366 833 7804 3025 3894 5388 1810 2204 7398 3004 7930 2671 7860 9645 5946
2181 3690 3220 7877 7278 7843 241 1659 8338 3989 1298 2402 4527 3079 4458 3726 2744 6865 9554 1081 4608 4693 2754 513 7635 5105 5068 7496 918 1465 4115 9460 6543 7383 1091 6665 3419 7548 4074 1970 4878 2113 7412 852 8240 3935 2863 3741 1738 6784 5228 2673 4148 6380 4657 9038 7593 1997 1299 9355 1857 5810 9651 9094 5148 2621 3444 6617 4455 6405 8949 2921 6113 8514 6177
8309 749 2690 7950 8487 2173 4511 7798 9213 3444 6304 4052 6090 3678 6291 8370 6322 3205 6448 7751 1419 5338 9938 4805 4747 3127 9670 3883 5589 7633 869 1294 7860 8473 2947 7342 5080 1238 2895 4026 7596 864 2198 609 2474 7797 708 379 1512 4605 1073 3439 3204 1301 3097 8617 378 2116 2118 5416 3083 2720 1557 3844 2693 2748 9482 2608 6377 5302 8810 2270 487 6951 374
8293 1965 2432 2142 3299 3403 7088 6165 8151 9100 7883 1789 2178 3815 8955 8667 6051 7513 1001 4019 3148 1119 6142 3644 8165 8271 5560 5992 9349 7003 8194 299 7042 709 9789 1611 7516 8164 984 7311 8819 5251 151 5862 6677 3293 1147 8516 8774 1929 1864 4761 8410 2143 7301 5500 172 3129 3539 9613 3355 9194 3349 5058 5728 8836 7663 9863 7088 2395 4492 5315 5758 8937 3471
6882 6770 2121 9459 2034 9702 8257 5413 607 5091 7385 1010 8462 5651 1107 2413 329 7048 2741 3603 9971 5005 7610 6575 3410 3870 3114 6929 6567 9232 5364 9703 1416 2791 4063 1061 657 8375 249 9572 7364 7223 8184 1249 2705 4816 7600 2498 4679 3684 3886 8160 9414 6450 9266 6375 4605 9418 7376 2097 7666 7351 2095 7653 2963 7572 3290 1159 1497 8986 8670 4969 9552 5023 670
6351 5005 8282 2022 2854 9152 1019 6546 6336 4379 1098 6497 7065 4699 7182 3316 6039 437 5198 3300 2617 8054 1923 2173 7486 2435 8602 4570 8757 3010 4275 7401 5598 2536 2874 9435 4969 756 8595 214 7437 1863 8104 8669 2908 9048 6791 398 7381 8823 4847 2110 7517 6157 5623 384 5663 9864 3049 7367 5765 1434 136 2125 5300 9618 2414 7396 4591 9007 6385 2924 9432 4001 4445
7911 3445 7458 4732 1458 9140 8089 7929 4269 6463 24 4745 7425 43 3365 8153 1098 9502 4381 4690 4014 9890 3422 582 6278 1216 1920 3020 2045 4682 5866 3183 389 853 4942 6548 919 3934 7344 5111 2393 2112 8710 5824 9416 167 7732 6091 8247 9437 2577 2733 3372 6222 184 7587 2881 6909 9228 1407 7341 5606 6106 4648 1193 7082 5638 6042 3375 5073 788 7484 1890 9911 3814
6977 4587 7363 8796 2256 5081 3952 6035 564 6098 1428 9270 2681 9182 4679 8784 7473 1810 6920 6951 7749 9250 3605 8206 1057 8173 4731 7223 6107 3702 5644 9141 1676 3048 3197 7567 7163 1313 9253 3401 3880 5620 7689 6127 4152 4990 1230 3144 310 3274 6697 9742 4588 2201 3550 3165 9867 9828 640 6888 1298 8573 5950 4194 2358 116 9175 1615 4852 7464 5976 7739 5013 2650 6853
9453 9790 121 2899 4351 577 8707 6993 2130 9099 6946 6969 5997 5184 5320 8183 6959 8099 8484 7335 4907 7082 9246 1091 9381 7839 8272 8949 3521 449 6818 4678 8608 9086 906 7205 4355 163 7628 3377 9454 4674 1885 5069 5521 3023 7393 1142 6658 3345 6987 7627 9444 2425 1771 7139 3839 1785 7644 1168 5956 9385 2989 2495 8776 1655 6165 2854 1519 4830 6164 1339 4927 4176 768
5544 465 131 1510 4421 629 2984 8766 5620 2981 707 2540 9207 3314 3214 7222 1721 2795 5575 9355 7785 7102 3955 4914 7884 6283 6785 2468 358 8960 5757 6013 8470 7830 3111 3586 3919 4506 1514 8972 6339 780 1173 7598 5637 5168 9634 5748 2133 1563 9114 4826 6996 1940 6052 146 7069 2038 359 5810 474 6206 8164 8459 2241 7803 6404 8579 1636 1514 2719 1885 530 4001 9709
6990 9675 7409 288 2074 6535 1579 1195 3944 8098 2701 1982 1083 9591 9308 2960 1956 6986 1721 8356 4238 9570 1729 5829 9338 8357 8358 3902 5855 2061 6699 7188 1548 2178 1139 7389 8689 7303 9396 202 2495 3224 6838 8526 5499 6829 5677 5169 7295 640 7678 3800 7885 880 7016 2293 1863 5776 271 285 7419 7312 3601 7554 9927 6119 8354 7947 2421 1458 3904 2962 6875 5705 6320
8272 5348 4135 8919 8946 5464 3813 6524 8777 3046 6694 1635 7999 7364 259 4050 8693 3805 5442 4814 2255 5340 8431 9225 5025 6418 359 6698 3702 5652 3363 4544 7321 5447 7890 82 1152 9266 5980 4929 2574 1857 7543 9866 427 6432 8540 8618 1710 4266 687 6503 4751 9665 1220 8782 837 3278 7337 8102 7101 5395 339 5454 8359 8801 7315 4307 8649 3422 8637 9335 5675 760 6389
5879 8613 1118 7178 7401 8768 7961 1480 5127 4090 3986 3517 5193 8777 6214 7432 6071 3958 7775 5925 5112 4357 3269 1353 3962 1189 6297 9757 2157 7130 17 6010 4695 5905 6494 8748 6082 1645 8864 9776 6069 7107 3979 3281 7962 233 1461 2300 6571 4628 4467 5165 5802 7941 6272 8114 9527 7888 8671 187 7997 3178 9290 616 6937 7516 3892 2225 5771 8586 7635 8634 8386 9666 5365