80 91
3993 2498 8475 6490 1687 8786 2870 391 8243 172 2135 55 6903 5174 9104 1623 460 908 5030 6385 1777 2141 6438 7411 893 4111 2896 5210 5957 2161 744 4111 1494 5198 7471 484 4349 8567 5630 2760 7504 8370 4343 1130 473 9114 8796 7147 1345 1635 1126 6901 3398 2296 669 8764 9027 9829 2244 886 2891 3959 6900 9402 4867 941 8143 5920 6183 2988 6453 6801 2977 7811 2542 568 4793 5827 9884 514 4734 5400 951 6038 6554 6198 5627 1589 2940 641 6060
8739 8419 3132 1416 9062 3803 5886 5484 1115 5409 1824 7972 166 4368 6009 1718 412 3720 3736 2627 1482 3184 7758 4132 878 2083 2976 2844 1596 5921 3351 4182 3673 3346 3333 5140 2402 2619 427 1350 8875 2832 4872 7206 9588 4237 1382 3837 4968 6280 2332 7414 1601 9616 930 4170 8382 6412 1645 3572 8748 1557 3680 2365 3700 1949 2824 3681 7353 5476 6704 5929 4044 7956 3892 2892 506 4037 4938 3082 1389 8232 7652 179 6779 9846 6771 5316 8454 4248 6123
876 5777 6341 2262 6270 3504 9650 9698 8478 2350 7513 910 9571 3740 8850 4026 655 6841 9220 420 1624 533 2509 1957 4939 8127 7058 8212 5625 2953 5375 266 6878 8063 5912 8784 7765 5206 6743 9141 131 1435 3971 8691 8982 4096 8533 7627 1229 3705 8964 597 878 7760 4656 4901 9315 5404 1081 4955 8242 4918 4161 5334 3905 4644 9258 4495 6016 5442 4466 9329 3389 7688 5796 3828 2411 3625 729 1465 6178 1871 9635 4266 2306 1557 5121 4965 4763 4103 2646
1349 2936 9383 6322 8386 7845 7844 3432 4612 7480 8517 557 4087 9995 1716 5669 6673 6083 6880 6483 5138 6320 2321 7683 4615 5170 8582 5739 225 943 8638 8716 9668 6256 9617 4322 2639 3715 2497 5478 3822 1677 2698 2272 2796 6436 4084 4519 4020 8214 4298 181 2510 707 4724 5554 9439 580 8866 4661 238 9312 8497 1977 4800 2705 3375 237 5249 1812 3835 827 1265 1135 3963 4215 7902 4370 1343 4784 112 7872 1141 9746 2841 8619 8514 488 1411 1774 5404
2166 5990 4909 9301 8343 6421 8621 2259 9112 7190 4729 7176 8134 1811 6062 4674 2461 6103 773 8667 6494 9337 5465 3788 6173 5994 3265 8118 5220 8665 2256 7570 6905 5763 7687 7303 7505 323 1929 5904 6313 3657 4709 5677 7853 2924 1286 7609 3463 474 8190 1450 7310 6681 6445 7749 5806 8009 8678 9788 9125 270 7259 3569 8414 3563 3851 5873 1993 2754 4788 4438 2736 7172 3158 4790 2504 2267 2705 6422 7774 7216 4899 7436 6136 3624 4175 2153 4876 4939 6336
7667 5073 4104 3011 7446 3913 6159 83 2965 8219 931 2265 6247 4834 642 9321 4944 2250 3590 3000 4266 4751 4525 2491 815 3087 7849 5451 507 3607 2120 2202 6348 9154 8337 7154 3524 9408 9195 3794 6562 9228 1350 8065 9358 8598 5440 5194 6047 8502 264 2795 5692 1310 5187 1621 9532 2206 412 8456 1419 4901 5885 5274 2450 7871 8830 8754 7491 4459 5115 7817 2217 9130 1272 5631 8963 7706 456 7098 4628 9741 5340 1493 6029 7721 5495 7174 4563 472 5866
844 80 4897 7037 3589 3264 8306 7193 4226 3152 6708 9112 4773 5586 7276 4607 4067 891 8556 3361 4771 7785 3452 4298 5054 4512 434 7764 7290 1623 8353 3842 9737 2891 3814 8666 6921 5339 66 6996 682 1963 2319 9591 6240 8102 685 7920 9613 7243 4081 2720 2031 897 2406 1796 4383 5710 9300 8553 178 5936 8693 7497 2652 3047 8358 4093 6744 1217 5118 8292 3382 1776 790 7056 5115 6971 3467 5144 6963 6012 7091 4096 3467 1658 2436 6590 7310 5600 5146
3141 6475 7265 753 2526 3099 3519 4523 1554 8876 7371 3695 2290 8636 7159 5557 5755 3603 1754 8172 3138 3950 5100 7846 6504 1057 5501 7616 1510 5563 2276 4646 4188 1026 5767 9429 2410 4050 2989 8236 2498 4244 1313 888 8290 8775 1064 6196 4164 7388 2336 3682 4743 9318 4230 6262 8965 8974 1970 1322 3007 7442 9839 7303 3843 1138 5708 7770 6182 1388 10 1367 174 4512 3927 4867 5388 5828 1822 9829 2392 8588 674 3444 7123 6568 8018 5515 6424 3856 6301
9834 8276 61 6517 2780 3639 4515 5923 9976 5473 9724 9647 5157 6541 6642 3075 5098 3413 3672 4040 9274 7169 454 3557 4669 4951 2324 3600 2550 7367 6141 1919 4845 2784 1214 455 3499 5417 5824 7886 7183 9667 6845 9311 6828 983 6109 4172 3999 7966 3826 3497 7269 6432 9606 8271 5306 2406 8364 9370 3156 4099 3526 244 5496 7193 5622 9549 1581 6085 7930 626 8547 8575 8005 7638 7408 4819 1708 9828 3791 7301 5225 599 9625 4501 8709 7365 9227 6704 6148
6833 1240 9945 4513 8173 1244 6586 5529 9414 8488 3237 1624 5510 3682 1457 7815 6776 6286 7139 8521 2573 9684 9378 4737 8637 1826 7884 2518 3062 3722 9781 102 8577 6890 3011 7019 4419 2663 3572 9094 6924 570 5981 1693 7603 4146 133 7545 8591 1635 1265 2536 7497 8822 4507 5985 3282 9105 9418 4756 5857 3120 9311 108 9604 8683 9093 7094 4627 513 2854 4810 7683 8246 2647 5160 9049 3976 3314 9108 7851 3579 7821 5699 7038 9179 861 2668 4896 7217 8820
3639 704 3386 9684 6109 828 9730 7981 2399 235 2336 6072 8537 811 7566 7437 2308 820 1795 8445 7910 2003 6643 125 3487 201 4277 6140 2065 6809 7179 6970 5143 7140 7699 3128 8452 4825 2377 8709 7754 8066 6468 1484 4611 8808 4264 2808 6365 471 1871 1072 2105 7360 5492 8172 3526 6976 7169 7040 8523 3052 7182 5280 2299 2011 5347 6317 6047 9797 849 9403 225 5415 7297 1748 6283 2018 639 5519 1916 5029 4903 469 6070 230 4708 3804 4405 4480 1347
3394 6869 3439 5385 5547 4718 9636 5533 7300 3904 9206 9579 6714 4798 4455 2912 4306 8135 9520 3587 4245 6233 9174 2840 1059 8226 1286 6075 3871 8536 2509 7051 4415 38 1485 1115 6632 8730 137 7139 3209 6128 7682 7149 9394 3306 2440 119 3510 6011 9879 8090 7873 8957 8755 5327 2491 60 2670 6568 1100 45 6531 997 7847 5049 3809 9277 4361 9292 4788 6656 484 1332 1536 8586 3949 241 6318 3232 6129 2275 6736 503 4969 2868 8922 5344 7877 5513 8159
9733 1804 6252 9160 4463 1699 5125 9047 8477 3788 3362 771 1542 3557 5714 6219 2386 1411 4342 343 9321 5283 3867 6249 9023 9701 9325 3618 1495 7964 4726 90 6685 6079 7471 6854 2785 8625 6306 8643 9362 9967 2311 9929 2820 1068 6435 8093 8317 8151 619 632 4927 9339 1793 7461 5546 8049 2446 2367 3635 7541 6588 6977 8736 9293 8295 7480 1472 9117 7636 4521 9140 9783 4032 3431 8633 8847 4542 4165 6642 833 4003 6405 2062 6681 11 4758 4684 7441 8795
5528 4196 5525 6879 3566 9147 833 8172 8970 4614 3799 4768 1358 2740 9545 8119 3225 7647 3328 9498 7334 6511 1615 4241 6299 4398 8939 435 5959 2695 1553 5495 2530 523 8249 5600 8539 9316 3858 5327 1013 1929 9100 7386 2056 7679 4770 8459 670 4083 98 795 8036 3774 9692 8125 6076 4149 9141 703 8829 8453 5132 488 4536 3594 4892 3285 4967 5805 8351 7073 2496 6828 7750 8812 8990 6578 3234 8921 2818 7751 3392 2403 3003 1752 5968 837 6456 2479 5447
950 2977 1931 2416 6956 5505 1335 2858 5639 2539 9097 443 8495 4029 4436 8768 3389 2535 3887 8688 4459 7440 2694 3682 3671 2101 9150 6296 3930 4117 9002 2486 2978 7138 7283 6087 6155 2448 1168 9427 7494 3632 5575 365 6999 2150 8836 331 1997 6404 5486 2218 9734 8232 5415 649 3754 2960 5910 5582 8192 9959 8425 3672 7594 1770 5313 9115 8688 2446 5138 331 2017 5105 1583 2831 1409 8008 3643 6743 3537 8040 2668 9212 4591 5735 6011 7564 9593 1328 5912
6523 2131 4683 9745 7022 7527 1378 1996 6549 6017 619 9667 7723 6987 4343 9173 6407 8111 2383 7615 7488 6146 4258 6421 7823 5699 7712 1939 6238 3850 6591 5388 7966 4377 8907 3181 8679 9362 8845 5829 4379 6465 8589 9536 4542 5218 9809 1332 7707 7937 2219 4613 5276 1640 9719 1666 3447 5169 3179 1807 651 9953 2014 5107 8671 943 6211 2167 5797 7177 988 5777 2394 7669 8036 2850 9996 5619 1022 5498 5423 4995 9642 9128 7572 7479 2149 8524 6075 7839 3752
1427 2212 8980 9568 5347 8654 7243 5735 2998 1069 4753 1749 6201 1204 235 8270 9921 6559 9092 3076 6223 9382 6988 3990 5142 6176 2059 8216 8025 9477 9424 4702 1653 9750 2795 6112 4251 8179 1194 2000 1866 7741 1384 6375 4294 1091 5346 3892 8315 9391 7068 5854 3640 3860 7228 5979 4456 9637 48 9678 4430 7731 3139 9144 2119 2483 8020 3758 9278 8837 2886 6222 7133 4589 6884 9451 4029 4133 239 3617 367 8591 822 8427 6837 5193 5257 7401 9065 1704 5369
1024 3213 8695 7030 2559 2194 4641 8860 4688 6233 4200 7754 6872 8616 6702 2388 4987 5270 6608 7930 7074 438 7050 5172 8803 1805 5589 9985 5399 7935 297 9119 8006 1650 2955 3569 2617 9983 2463 4623 9071 3713 3549 4548 8958 3481 6096 6740 9368 2470 324 7502 4167 5901 1159 5959 7534 3002 6356 9785 6715 4974 7266 6331 9633 8032 2607 7064 3697 4961 8610 3292 2439 5516 1603 8231 7530 4205 8213 6289 1401 4001 9042 8611 4061 9499 3422 3886 2398 5923 3810
9191 7155 9205 6817 4182 5009 2364 3094 3946 613 9326 3420 5562 1803 552 5708 9765 2176 1949 8086 6951 6943 2954 3711 8938 3813 309 3335 6519 5764 1144 6149 4267 2280 856 2670 4895 4962 6423 8212 4143 1670 9849 37 4315 2390 7501 8886 4245 7067 1965 7477 8880 2309 546 4384 7442 1616 109 8891 1163 9492 6954 636 4255 1187 3111 9730 213 2616 8449 3576 3338 1992 3057 6730 5248 5736 1185 804 1874 1264 3478 1782 4939 2597 9597 8032 2523 4591 4717
7888 9219 6901 5791 3350 2456 7475 6412 2957 6476 2693 834 7983 425 6103 7148 5110 9279 531 8668 6430 7467 7535 8572 4922 324 4561 4563 8084 4196 5670 5307 5544 6108 4274 8701 7796 1721 5600 5168 6663 9809 4724 6736 3694 3208 7028 4117 286 8678 5126 3131 8790 760 2247 3754 9298 7230 5305 4576 7656 8314 8539 1629 8941 6226 737 9883 341 4507 8421 9271 6595 3446 9542 5398 2141 176 4757 4101 3831 4117 3285 2033 3187 5792 662 7458 6077 7522 6698
1362 8849 3664 4392 8456 9049 5018 9403 430 6952 2907 3424 8371 4044 7347 4209 3385 2024 6578 5181 238 8921 8789 5118 8575 2750 7052 5603 1089 4511 600 302 6266 6027 2594 338 2765 5883 9550 2905 483 6592 6874 2818 9706 1711 9346 5665 6249 4736 5803 4811 7861 4359 8456 4869 7183 7198 5710 7388 6084 6853 1537 9190 6116 4706 475 1869 8696 7298 5107 1638 6779 5979 698 6580 3838 9775 2320 3367 9729 6751 7926 9051 9379 971 9875 1853 4093 8917 3224
1334 8567 2272 7454 380 4140 7226 9756 1559 6506 4074 6424 3372 5776 7705 4278 391 7946 2244 5979 475 9786 1224 6432 3254 2833 5593 9118 3614 4600 6111 7763 6430 9530 791 774 3590 1126 1699 3586 8091 9038 9599 3952 3319 3862 7491 5594 1933 5612 6083 4353 5904 1649 4061 7633 5546 303 4618 9496 2979 8368 8354 9638 9588 1808 5588 1815 5404 1017 7926 3186 2319 514 298 1224 1763 5998 7611 369 565 4047 4344 9756 4263 6524 4755 786 7978 4266 8715
9805 8103 6932 7651 3775 9063 4267 9077 9164 549 1778 6043 1054 4035 5727 7144 8712 8676 7023 2070 5754 7539 5073 7812 8698 9521 5194 8100 8694 1506 1256 4164 2065 5722 3857 3553 452 1404 3525 1930 4101 3583 9173 1939 2131 9626 1887 991 3887 4001 5413 3496 846 4503 1386 9050 9458 1205 4053 7958 2218 3395 7273 3071 6017 7444 7071 3248 7472 3138 8122 665 7260 1514 8253 5350 61 5692 7021 4329 7270 1326 1815 2593 4721 7047 6326 9310 4928 994 9435
9000 1440 6699 613 3461 1834 2060 9578 1536 2969 2404 5172 9797 2017 9648 5982 9185 8571 6657 710 1263 6816 2285 3510 6547 5871 9640 5327 6650 3640 2539 9199 2854 2244 5000 7615 3402 7241 6204 8161 2583 2566 8395 7358 5055 882 5176 7966 3544 9258 3745 6502 3502 425 6531 5481 7081 4623 4012 3957 8808 4359 5449 1808 6854 5611 995 1157 2341 8551 4806 7327 622 3250 8168 6269 6838 455 776 3370 9061 6879 1586 5199 1318 3405 846 9513 9457 8357 8223
3809 2994 5311 685 5178 1733 3187 1645 4718 7834 7223 7342 971 3615 1254 236 647 7713 5685 5874 5815 3100 569 3967 7493 1180 960 9504 9460 2145 4095 877 4611 5903 775 9107 4697 6079 4238 8544 4821 7649 7138 8534 3175 1433 6500 5025 7756 7008 2548 972 1640 1051 28 6757 5371 7265 8489 1297 1529 6785 7882 2209 1501 9608 8130 4698 3577 5290 1450 6739 8178 1317 6481 3176 4392 3189 1940 3371 6112 6893 4184 2447 121 2339 3141 575 4517 6387 3279
7758 1914 8537 5662 6767 1911 8251 8988 7722 1022 679 4207 514 9655 9345 1327 1019 4226 7260 5039 2389 3920 7970 6483 5452 3326 4939 3341 5922 4006 9588 5969 8033 5681 4572 357 7247 2886 6935 9556 1761 8844 16 7463 7925 751 5222 5110 3692 5796 4980 4388 1259 8183 9730 4774 1492 6933 3411 3308 5594 2337 8903 1333 6840 8014 5784 2011 8297 1388 9668 4785 4143 6588 8017 9688 1521 1973 4644 2919 9838 584 2181 1259 403 4504 8012 6273 4494 2453 1725
2 3644 641 2685 6348 243 3873 3857 44 6013 7295 2218 3366 7868 613 2615 4977 2231 8708 2872 9048 9057 526 6883 4213 2253 1605 7306 9070 1283 7789 6752 3125 6092 6087 7962 7673 9290 2056 4290 9078 2070 4704 6113 4788 7406 4655 2811 6194 1160 2757 4312 6338 1007 2095 911 3826 6646 8722 2586 4180 6192 2098 1732 8224 1984 2866 9511 607 1438 4094 5065 7035 6026 8896 9959 7078 7027 6475 4658 4970 8448 2828 1518 9858 8002 6442 8984 8957 1521 8752
7164 7416 367 582 9960 7387 2965 4179 3916 3373 7253 2177 7069 5470 8633 4669 1754 1101 1965 9781 8744 7305 2265 5468 8467 7034 1683 1051 904 937 5324 7736 7228 6700 9199 8655 3968 3235 1162 5956 3400 6058 7794 4027 1514 338 3099 1953 4592 7962 1874 3259 4663 940 1069 9396 6023 6582 7047 9289 519 6893 8868 9995 8151 6118 9715 7705 2580 5141 8407 3201 532 1173 9479 856 6247 8268 4938 7064 8340 5524 4610 9899 5969 136 2769 2277 3431 8710 7597
2525 8653 6313 5662 1749 204 7843 924 6080 1009 8954 9105 5684 7104 3988 6490 6344 4880 3911 5218 9618 8339 583 6140 1417 4749 1890 7293 9510 1188 1669 7038 7124 7734 219 9768 6922 1664 5415 7737 9187 1873 6376 4917 6046 491 1579 7027 5586 303 5813 4325 7777 8365 4146 1321 3079 8134 9013 9685 8634 5086 4475 7637 2091 9386 6729 5246 7688 8617 7061 4573 2791 2728 5492 694 4429 1184 6580 7305 75 8492 903 4773 4029 8860 2564 4973 2321 3578 4789
8880 3584 5370 4755 6929 3053 2 5773 6154 6489 9184 2006 5298 4693 3729 1807 2038 5711 1797 9863 2562 812 3398 8063 5616 6306 5874 7523 7028 4343 9298 9712 9031 3909 7257 5 3593 7527 6248 6250 6438 7555 4817 4779 8519 172 3656 382 4887 5033 8315 6713 8957 7873 2716 2553 9406 8941 5643 4088 9323 7696 1904 4665 8811 4535 6722 2391 7463 2007 4977 3542 1977 9732 5838 8714 913 113 3067 3326 9904 4966 9118 7258 9298 837 1919 3823 6999 2990 1406
6256 203 9542 5673 692 1861 9245 6777 2828 5133 2677 5875 6995 628 2760 590 2608 7365 6543 7500 7101 9780 4252 2191 2555 8836 847 2442 6352 4756 1650 7074 4638 5180 1307 6688 8150 9242 5193 335 5428 3849 3722 259 7547 9509 2516 2938 2549 6228 8778 9405 1600 4283 8599 5370 3760 1282 3822 460 361 8275 8649 6958 9819 1141 3011 7697 7036 6552 7457 8314 8265 571 7202 982 6027 4135 5107 6912 2222 3006 8011 2867 3099 1845 1601 8096 6483 422 8352
4738 5662 5613 6564 533 5342 3015 3273 9440 1436 3613 9255 5372 7696 7810 7720 6017 2577 6240 3872 4059 5857 9466 7955 1808 7673 6264 9870 7294 4603 5376 7085 7081 7626 884 3100 9463 7404 9071 3298 4366 8846 3658 7922 2968 4516 8260 5592 1086 2888 7994 6829 8305 3857 130 4641 1667 6706 9949 1529 5497 2892 3972 2999 2373 2849 7529 8002 3223 1713 6464 1826 4575 8678 3294 3748 1568 8279 2092 6049 6904 9214 5955 4983 1499 339 655 5557 4843 8203 2723
1828 230 3467 5625 2622 1712 4673 7107 9874 6111 7538 4691 4537 9399 2156 1700 224 6305 6189 466 384 6106 3380 839 2143 3423 5177 2227 7312 5711 5081 3553 2552 1493 307 4677 2621 2169 4428 8088 4108 6523 5623 1993 4428 7811 6459 241 2506 2515 6124 5534 6600 6570 6385 9651 4605 8055 4425 3747 6580 2437 9524 1332 720 582 3760 5149 2329 1958 3537 2588 7215 4322 4480 909 5287 7850 8869 1972 1082 9307 9274 5628 2307 5586 7549 3331 8012 1173 8031
6870 4469 9014 120 5701 7923 8904 1029 3242 3787 1248 1300 7826 4024 3666 2035 6993 8279 5552 4227 9090 1431 7038 7365 8291 6073 2926 9211 4977 9887 5357 4342 7604 2959 9653 1141 7036 9886 6729 2389 1913 3084 2073 5635 7936 2095 7502 7365 2597 5105 1687 494 7394 7754 3202 1412 770 3409 6339 6239 6164 7622 8438 5115 1939 4088 1501 1641 8984 6962 1696 1205 340 6753 5623 2318 2314 8679 565 8503 1607 4224 1062 2107 435 8768 4309 3411 3282 7991 4293
280 4189 1111 1028 1265 5218 3706 8159 8651 5046 2274 9466 2078 9259 3981 9068 5564 1341 9472 8920 9493 8188 630 3553 1472 8402 2785 1800 5918 8923 5896 8855 2558 4890 1427 193 6343 1347 6035 438 7112 9806 7068 614 5721 9764 6016 7934 9618 6790 5172 8830 8235 7608 2106 5265 8144 7266 8785 6698 9156 7887 3044 4135 2322 5680 8894 1132 5766 8403 6549 8024 8402 9604 5813 1127 3124 3208 4357 330 9428 5536 4426 3116 9374 7410 3246 5988 6705 3449 4906
4559 3838 1012 3214 5016 1493 5583 1296 7107 4118 1227 8531 664 9034 1269 1248 4181 8131 3172 272 3896 9798 8084 8558 6737 4476 4407 8388 4262 9917 7244 751 5410 8398 7777 7466 4126 9141 987 3152 3998 6853 7451 5501 602 1579 8777 9744 1508 4857 9211 2914 7810 7254 1969 7423 8486 6162 3236 4309 2083 370 6251 7592 6472 8044 2160 7585 8854 8890 4356 3652 6433 3763 4028 2658 3704 9392 6262 7733 3786 1671 1523 3384 9098 1508 2214 5582 6248 2192 3709
146 5864 4364 9200 6434 4527 9551 2782 1587 726 8649 3217 4894 8263 1705 9988 3530 8166 7672 4636 2672 5533 8607 4160 6036 394 5095 6890 4902 5489 413 1842 2123 74 9747 8767 930 4568 2316 3207 6354 9528 6277 6013 618 8109 6732 3351 1703 9613 5022 2195 2382 4913 2061 1797 7087 1695 6972 7976 8129 7851 6909 3421 5513 6327 7715 4960 405 7527 732 259 3650 8268 3933 2069 5997 8402 742 3248 6496 9195 617 5183 7118 4366 9624 2338 7591 2985 9912
5166 370 9716 5608 2288 9991 7874 3129 8221 7327 2958 6979 6083 1523 9535 2747 6489 5304 4526 4981 1543 7709 9231 4525 178 2138 6035 2117 9474 5860 9490 9473 100 8944 6288 9684 3221 5432 5417 9166 4702 7521 295 4728 8867 5415 3417 5002 5162 4220 1214 9795 9231 236 6069 7361 1072 4461 8492 8155 2893 5671 1300 1488 445 7254 5275 4100 5920 9068 5696 7771 8394 4165 2876 5830 165 3009 3679 8539 3396 9794 7478 6280 4463 4703 2813 4554 9128 8408 5812
8722 1256 6922 4817 1019 2123 9603 4831 6253 6913 7145 5232 17 1768 5308 4282 664 7360 9143 1964 4020 713 8909 4944 4211 4730 536 945 9072 1767 5657 8101 8875 3954 3586 1953 5011 2750 9300 9480 1420 6748 8105 8082 1653 4204 9322 5949 3102 3147 3583 571 1037 798 3564 7763 7766 9978 3482 5341 3606 8958 4383 5609 3616 2328 19 7296 8331 3450 6095 1931 2843 8980 8888 4295 8997 5805 2166 798 323 9086 2907 2826 4040 2938 7587 5158 9597 1888 3915
2644 4914 734 588 8688 5739 3756 3857 7443 6976 2531 3885 8866 417 1124 240 7698 7619 5350 5265 3064 3876 8269 3475 2981 6355 2822 5795 8328 7334 2678 9871 7882 699 5145 755 6105 5718 5276 5041 8876 1308 3735 1143 1955 809 1814 3779 9296 1391 4403 1150 6983 7942 4323 8825 1401 3090 2031 4592 7743 5680 9604 6387 2293 3458 7673 7467 7418 8877 4568 7974 148 2101 9366 6719 2082 667 3077 3345 9085 3425 7200 9161 4266 558 6736 93 6431 7960 7127
171 2203 5211 8095 9911 7956 8475 6635 3815 9522 1711 9426 255 9615 2619 129 1354 8924 5801 9269 345 4628 5344 3608 4178 5368 5873 7688 2625 3652 9620 7952 5778 2113 320 8556 555 9078 7006 7397 9891 8736 4888 5445 6873 8672 7667 6408 7672 5628 2378 8655 4570 9243 7137 2718 3008 2171 6739 6500 8922 4297 909 4411 5127 6449 2893 2364 3015 4082 2775 3834 4833 9256 968 1298 1928 1394 9201 5692 9784 4105 362 4493 8538 5462 2352 954 2232 8712 4189
9131 5377 5445 4253 4047 4421 8458 8133 9932 6491 6496 2046 8622 1150 7710 8803 1479 5224 8410 4848 5306 2658 7097 8357 7644 4578 5440 570 3630 9375 4596 4746 8270 9821 8397 5561 1061 5626 256 2993 9002 3596 6276 863 4858 8731 2329 4017 9582 7787 1217 5321 4568 7840 3701 4626 1087 4917 1666 8984 3617 4444 4600 3705 2180 9206 61 8417 2353 1655 3895 4129 7610 1309 9612 1007 5612 7362 3988 6208 4239 3585 5366 8723 2064 7206 136 5231 657 1197 5518
2360 5000 7198 2279 674 2839 4581 5425 734 4948 1671 1788 8854 2807 3028 8852 8987 3338 1080 3219 9401 6086 5178 9892 4527 1676 3713 6629 3277 7823 8501 22 2937 4301 1749 5026 3062 1488 4557 5218 6939 4244 9295 7953 1894 2029 3906 4769 7591 176 8742 9867 4410 8582 8170 1549 8175 530 6658 5945 4668 4584 9478 435 4900 4428 7350 1251 5342 9706 6113 105 3157 9592 9351 1990 9478 1460 3213 6165 7533 5566 229 9713 3569 3698 3681 9276 8187 2251 371
4684 4068 9995 7305 490 4508 5317 7672 954 7284 4550 9932 8331 5585 4077 591 8357 8665 1539 2363 9399 5653 5532 1231 5808 551 339 4762 5656 3075 312 2995 8848 6358 390 6983 7289 6687 2798 9529 1774 1424 4933 4152 6736 8474 7032 5817 3331 3490 8856 4256 4305 151 4719 142 901 3061 9068 3477 3244 2333 7715 3613 3032 1361 3345 8487 8722 3791 4828 5345 8122 9804 2056 4503 4117 9436 2949 358 8337 4622 5002 7901 1140 2432 4819 2645 6501 8027 3788
3648 5962 9217 8692 7119 983 9883 5668 9006 2352 5157 5125 6572 7243 5414 2307 740 8129 4461 8108 2250 9693 8710 5059 560 2107 9469 6486 5547 1519 2284 560 9923 7431 5610 9661 5534 6277 3906 619 1413 3003 7301 5660 5376 6731 5205 7418 8302 1939 850 7531 5939 2011 3794 5524 2664 4384 3795 5464 8603 4827 9889 6680 4710 2238 1162 103 2701 8025 1214 5146 7284 3689 209 2727 7077 1706 3355 779 2166 1616 947 5696 5241 9273 9399 1765 18 6252 2847
4824 3281 1866 4614 3715 6767 3795 1229 1713 9039 5709 9272 7415 2818 5438 5400 4555 1258 7920 8270 8748 6467 8265 1886 7155 7899 8903 4836 27 4964 5530 9456 7557 3663 1630 8709 9550 1809 5900 7807 3190 6506 8667 9529 2065 1897 597 2661 257 4341 509 4992 6593 2395 893 4680 4341 3598 4990 1150 61 5052 9733 8144 3922 6580 5007 4295 2358 7461 5594 5481 9944 3733 4124 6870 8849 603 8661 2511 5283 5924 2471 6787 2475 7908 6753 3747 199 8069 1514
7247 5642 4868 4942 6869 8418 8187 4333 6248 4392 4671 7578 3439 6511 4243 6668 6166 976 8343 3629 9290 4645 8124 7574 2827 4545 7720 1131 8741 6188 1876 4578 828 7628 9056 6982 4022 9114 8012 7623 7591 6244 7635 4378 7745 9541 7020 9087 5563 4252 7756 6408 3890 3414 5693 101 2229 4828 7265 7780 3194 1973 4152 6601 7158 1729 6143 765 4498 7538 5093 1993 5786 3551 7931 2080 7582 8415 6738 8876 711 2132 2684 463 9223 9155 7406 7106 5056 271 4583
4956 2776 984 8313 5417 256 7009 9950 8921 3372 4729 9879 1607 5898 7023 2568 5272 2413 3389 3633 3016 9752 7543 9242 8390 4607 9032 289 1685 1837 7253 3158 2286 3522 5327 6023 1993 6498 9114 6400 4610 2002 7022 4178 3932 5189 2010 3405 3452 2728 586 4575 6471 535 9228 8803 7742 1734 7067 358 8242 3682 5444 932 4728 1689 8202 6623 9896 6589 9353 7271 5158 6382 8388 8046 8423 85 1515 5802 2502 3069 9615 6488 4157 7246 8993 968 9507 9250 3982
842 5715 3609 8203 4901 4799 2540 2743 6029 1202 4036 7109 2419 185 6310 9867 9610 2409 3915 2534 3660 3578 8044 1007 242 7290 6437 8834 6545 5153 6469 8300 6717 9853 7544 5752 1980 644 4632 9725 6512 3351 5748 3234 8490 1988 3859 4493 145 8087 3490 8214 637 3947 5440 6929 2593 5344 5534 5697 6734 866 7017 7200 9013 8616 8576 8364 3179 6871 2091 7534 7092 990 3768 1560 2889 4107 9233 5344 1104 2378 7135 654 8087 3471 4448 455 5929 3391 4205
1029 4190 8475 6533 2696 5274 6670 3503 3863 8245 7587 1321 1437 7984 966 2199 3129 69 5381 5464 8676 462 7528 8253 1607 9724 7392 5781 8527 5277 9284 5009 2543 3168 4140 8638 5628 4162 6509 5962 9941 3642 4515 4350 6753 8252 8695 5662 1672 8518 9347 5674 8225 3188 3562 6078 1635 9774 7660 5762 1054 472 5922 3130 3816 1940 2445 6262 7501 3784 5394 3971 3297 6894 2700 8101 1586 6370 8829 3827 5545 8506 2049 5933 9894 7803 4813 2496 7062 9457 155
8131 1638 7955 3414 9390 8190 1529 636 1615 8516 1049 5043 5379 7662 853 8049 5881 3898 839 5721 6039 9747 5359 6876 1321 2191 8434 5465 2179 7293 4083 3557 128 6630 3009 8562 623 2794 5857 2987 8585 8896 1333 9345 694 9457 7911 3578 5633 1652 8920 6126 3788 6380 4129 1389 8929 108 7232 6422 4831 8245 5084 4219 4525 9677 5762 6825 3740 6068 1529 6684 3002 8051 1588 502 8643 241 5508 8196 6493 9415 287 7763 4099 9280 5869 337 8659 2209 5168
5078 301 3826 6473 1286 41 7639 2120 9261 4458 2654 1099 275 1827 228 3992 8975 3308 6904 1270 9128 2303 3861 1497 8085 7849 9320 2354 3873 4273 7106 6015 9562 9865 9196 467 6057 2809 7374 7250 4814 3765 7700 4594 8225 318 3489 8514 3993 4840 4479 6373 9549 6605 7790 6282 5747 3811 582 4580 143 9416 7061 2365 4773 5428 6882 6757 2108 9214 6971 7067 578 1041 569 4119 9753 8221 9660 4964 7821 9125 419 6509 7710 9447 7658 9210 3901 3504 3650
3899 7466 1799 5079 2807 9520 4486 6219 6020 5733 7222 3501 619 7688 6175 3603 7436 13 4616 472 2930 2799 1541 7927 6730 5100 8781 445 8464 6199 2190 2019 9327 3228 8124 2498 3782 4559 5989 6082 5111 8869 617 7355 345 9974 4153 6182 5757 4369 6125 1361 9337 8954 4710 1562 7083 2949 5135 4393 9437 2436 6489 2041 8576 7650 4745 1551 4026 4879 9611 336 2163 8446 3225 7233 8196 2963 6852 4335 5207 3984 7098 5752 3703 1560 9992 3037 6840 7995 8683
5843 2453 7691 2502 9668 8013 8411 8564 4611 1010 9844 5365 8824 2270 4180 8857 2540 9527 5946 550 3166 8600 4896 5118 8325 4285 4857 5494 3696 382 4111 6638 9415 3325 4165 2897 267 8618 1073 7967 1416 1289 6736 5822 9438 2064 4913 9447 8573 5406 2432 7808 9845 956 4257 1849 1419 9087 2798 1480 3593 6698 1636 6004 5300 7696 4692 7259 7448 4143 5493 2920 4864 2048 2330 8637 1621 7746 1768 2461 2373 1502 3722 1297 1380 8488 5759 2866 8940 9243 9844
2256 9181 9313 110 280 8350 8136 1556 3990 4963 6519 9764 1360 3141 5031 5543 1952 7928 175 8860 9510 9477 5373 1553 3290 7519 9337 5540 1419 9032 4838 335 9830 8597 4652 8207 9855 9404 9028 282 9743 552 8735 7196 3560 6336 4012 8555 7773 691 3032 1781 2264 8503 9255 790 5062 6457 5890 5626 535 4409 1459 3894 2505 8854 9282 1532 1376 1030 4725 8196 4435 8203 5309 4852 7226 4996 4403 3523 3049 3309 4367 893 2662 4281 1668 5115 1246 3856 9057
4554 6935 638 8646 7593 422 5829 7175 7818 820 881 8503 419 1531 4885 5072 7073 9278 8755 1501 3046 5347 5867 9952 998 6589 8498 4953 5187 6967 4943 2613 3667 5423 6628 697 7837 9099 3974 7078 6262 1875 8177 3242 6458 3041 5063 5459 8015 8133 2983 7981 8947 7107 730 5278 1397 8914 4528 6030 2062 7308 1979 9453 1599 7360 571 8469 1742 998 8778 5625 3030 6650 6037 7183 5127 9585 1700 7717 6196 8528 7204 8982 1773 6381 6432 4812 6250 9960 9451
6248 9734 4677 4116 2671 7320 2365 5482 7948 6907 3369 9611 7843 155 9807 2937 5014 3134 1008 6412 7709 3646 4338 1590 1957 5352 970 857 3703 7638 5839 4797 3517 8764 3747 4745 9234 3709 6693 5501 3725 6851 8941 3908 3129 6208 2606 6644 2996 4125 4645 4434 7169 8095 462 9329 7241 2803 3270 2073 4142 8477 7437 7442 1681 3004 8364 4735 117 8314 8282 7838 4936 685 6147 4452 3852 9038 8131 4739 571 7445 9757 6717 8481 8374 2328 1137 8268 7866 5174
8787 151 2267 1000 7119 4202 8235 53 4564 7145 1319 1936 652 8102 7487 229 896 7580 6000 887 1307 1529 5496 1679 3043 8451 8778 8319 491 8660 7951 6966 6539 9231 7671 1771 751 7706 4141 1847 210 3029 6059 1912 9515 7192 6832 5016 3795 7101 7198 8323 2905 4930 8977 806 1611 4339 9792 5221 5753 2710 6985 6817 640 8817 1189 1821 2936 9891 7752 3069 9822 2580 3755 6791 9707 337 5684 3312 7718 5001 9330 1054 9456 1392 6460 8990 2038 2039 1227
2503 7196 8937 6064 8685 3302 6971 2268 2709 4327 3452 1978 6955 6731 2077 3146 3051 807 4417 4443 2570 8523 6820 4833 8237 7936 6923 2274 3560 7054 6166 9177 9915 8727 7501 4165 9178 545 2425 2313 3959 7227 1149 708 6302 1078 5089 9907 5484 376 7922 867 1660 5203 9097 7643 5253 376 2940 9351 9486 5462 3826 5154 480 3572 9182 3151 2772 8756 1968 1388 6770 9881 6506 1467 3495 7084 8305 7035 4606 3913 8925 908 5973 1959 3645 7600 2906 3205 3365
6940 4755 9605 8498 9627 4906 2897 3140 3773 113 1446 3371 9402 2507 2469 350 8496 7987 4869 8429 9094 5947 1240 628 2325 9826 8836 1214 1368 8076 6111 4488 2463 3908 5869 4903 690 1420 8695 5942 9902 795 2922 4950 4767 5935 1447 8939 2640 8638 2020 8135 3508 4612 2708 2711 4972 6252 5741 6727 3197 5833 2600 5614 7253 9389 1757 4495 4728 9436 4434 8629 5159 2335 2356 6123 8243 9536 3479 8214 1478 1801 6317 1184 2163 8911 8741 9972 5565 3892 9793
4336 3384 8491 3599 5830 5973 8112 9231 5445 3388 9377 288 2045 2426 5614 4345 7283 5228 2045 4329 2757 7211 850 450 1251 1205 223 1882 974 8805 4990 1291 4720 7496 2371 1155 2016 7578 4836 4677 4347 8106 5911 5267 9432 6115 330 6073 2860 8952 8630 4867 1553 9658 9468 4536 2977 9127 8736 2275 334 2449 888 1715 9913 9567 7954 7392 2796 9177 5932 8767 2919 7642 5817 9064 8065 7440 9447 7899 7617 858 7004 3339 3601 3248 1613 6997 4709 3748 9475
8652 8663 6020 6262 3306 9121 3336 2154 384 1066 742 7567 6304 6880 6682 3610 3065 4290 8968 1362 8872 6361 8479 8099 6919 7190 6546 8855 9272 4244 5162 1840 3398 4820 8212 3176 4450 676 5325 4372 1681 6711 6955 7653 7804 2179 9153 1156 7705 4959 4578 5494 2466 7168 7108 3466 4354 2888 4732 6881 6158 2318 6570 3781 8365 9029 7523 8976 8733 2003 4830 4233 5700 4201 1581 6403 1114 7534 4896 2348 7591 4891 272 7747 7776 6282 5951 4786 9073 237 5889
1165 3203 1447 8293 4568 656 6023 6675 3784 1353 3717 2516 3169 4790 6929 5111 5277 2469 9079 4370 5141 2293 5560 6219 7174 4119 4496 9355 638 9441 7685 2531 626 2185 5755 1445 7541 5947 7154 7798 1348 8384 3270 4350 1836 487 4740 7594 1485 3187 19 4112 6269 4623 9072 1242 641 4804 8534 1534 9835 750 2405 9210 249 639 2714 2151 7826 2183 5215 2867 2090 224 3856 6008 4057 204 1130 5605 1672 7081 4050 4825 7364 8423 6949 1821 5825 3545 3811
708 3729 3394 2881 1942 8662 7647 7240 3983 6153 5385 8129 9872 8940 996 3179 8432 9448 5517 1300 5711 8134 8078 5070 3419 3122 7161 796 8910 5230 7257 3317 2344 7043 7929 8432 2484 1982 341 4708 6022 3866 3370 7710 3702 4321 1869 9082 2359 1321 6361 6130 6921 9773 4472 970 2021 7742 7612 5030 511 3574 5481 6825 9957 9381 4115 3727 8155 4509 746 9608 9118 3432 9351 901 3736 3660 1771 3158 8384 4542 3904 3958 5692 9364 2107 2296 1057 5621 6104
3999 4670 3775 2348 6446 3861 3914 5900 345 1369 1712 3116 9928 8810 7685 1757 9775 6419 9647 6676 1685 6086 6898 6106 4650 4537 2990 8652 8699 8833 2010 3242 619 6914 5050 6791 4966 9251 4080 1452 393 9691 7579 6559 7133 814 9664 6459 4628 3279 1607 5882 8329 2675 4024 2406 7359 2515 5234 8069 2361 6221 5800 1313 2931 9533 4146 5751 2172 5342 1638 9677 6907 5489 3109 6402 2833 9045 7909 7565 7995 5386 3782 6039 6287 2193 3216 5571 668 8646 3246
9840 5771 5936 6800 9029 4016 1341 1801 1912 3569 6179 3235 9120 2086 4110 9005 6198 1260 1256 3578 9265 3466 9359 5181 2245 344 8112 9282 7014 1297 9581 5056 183 1816 5567 562 5710 7786 7247 3492 1243 1433 1689 6147 9320 6012 6429 8073 849 9062 4463 7875 2100 1495 8138 1113 5852 8229 1780 2421 2581 1386 1413 4117 212 5928 9942 2130 9805 2478 7984 9468 3356 5338 5717 5705 4241 639 598 504 7551 638 9966 7762 1836 959 7452 5659 5323 7871 2906
5649 5963 9107 9956 8892 5892 179 3220 7430 1695 1605 5091 5234 9410 5343 8236 5572 569 5684 825 7128 6274 5952 7384 1195 1264 2991 6393 9451 6511 1678 5842 5827 4721 9695 9163 6060 9576 10000 3817 1298 6107 7697 5432 259 2271 7630 9651 7502 6751 9202 3176 9150 3925 5384 4214 9300 8495 1611 9140 4941 3528 4417 144 2076 832 5357 654 5824 843 3700 893 6052 7135 5243 5050 1385 2027 7529 4591 3766 4538 4400 8370 9630 6965 809 3308 2418 3171 413
6691 2975 227 1194 2488 6572 1684 2464 552 3588 7887 1544 2198 9237 1684 6683 3398 7848 9638 5948 7104 5416 5277 5713 6351 7919 6789 9551 8740 1627 6418 8684 36 7106 740 555 6001 2608 4992 2614 6817 6548 2893 4056 7665 7767 1542 2303 4655 575 1458 7018 6536 6066 8847 6925 6941 565 4082 5282 2843 3041 6422 6946 5243 4350 2169 1581 6588 4824 1536 7656 8882 5668 2868 702 4866 1719 7770 4190 9397 5 4811 5267 3167 303 9910 1420 635 2173 1780
7983 6662 5696 7866 1810 7349 5977 7617 9914 9365 7581 2877 2089 1982 8193 6542 612 336 5263 9895 2193 9658 6348 4475 9421 3569 795 6719 3920 2371 7310 109 3833 8632 4285 7443 3446 9130 6555 8212 7799 6020 6571 6625 2590 3819 5965 1396 4190 2007 3673 6397 9821 4018 8261 4209 5203 8140 7637 5894 4496 4493 2310 5118 5299 5622 9633 8931 6939 5592 8755 9894 3589 8153 3750 2370 528 7778 821 5135 6180 2224 2951 1889 1932 3165 8425 3182 8291 9435 9499
4595 3196 7726 1800 8833 6637 3543 8688 6639 5225 7447 593 6393 5748 8575 9234 2203 9317 292 7886 3939 6490 698 5178 5172 5877 1441 1641 6379 6208 4112 998 9096 837 1657 4762 2592 8132 9346 2803 4688 9554 4347 5310 7157 2374 1918 1792 3259 4917 7286 3445 9180 7763 8605 4447 5211 4263 7937 2503 9081 4525 9487 8852 2456 8481 477 3665 4042 4918 9191 5403 3922 4307 8988 1504 4964 3936 873 2525 2700 825 4188 1576 1586 1976 4635 2346 4647 899 2524
122 873 5263 1957 7087 9423 6317 638 6443 4933 5831 977 2420 6935 4730 6264 9054 6730 1269 7050 8611 4057 5841 6104 9970 2405 5814 283 47 5122 6707 7915 5126 6791 445 8105 5905 5630 2705 2553 6934 463 6525 1516 3217 9384 8498 9256 8941 762 1630 4522 5512 4487 6086 1979 5803 7178 4610 7427 1461 143 8756 1759 9306 8677 1584 837 4847 3677 522 8046 3283 7778 5639 3291 5081 5696 4079 7673 4454 8151 2872 2126 3476 8190 1238 8780 777 8727 3434
1538 5452 8455 704 4949 9753 4265 1494 489 3376 9654 7196 5964 1633 9672 8083 6230 5243 68 5850 4168 3786 1617 6442 2582 2018 780 4495 9263 5285 1273 307 908 7441 8609 7052 4486 1660 4371 602 8446 4938 3479 8327 7094 8277 5172 170 1563 9069 6972 1149 3937 4370 9348 4629 2127 7646 6741 1120 5293 1758 8397 1213 5978 500 8311 3116 5463 2144 814 9362 3294 7248 8390 8805 2349 817 3975 4906 4286 2669 3652 2976 8789 5493 2060 5079 9615 794 7084
176 5853 8762 5377 974 8225 7247 7981 8286 1816 707 7972 7636 1528 422 7415 6433 7027 838 1322 9993 5155 2517 6806 5735 1307 2355 848 3855 3533 8366 8868 9744 8929 1343 88 8942 6134 5431 4191 7940 6998 9505 2423 105 7622 1039 4112 7789 7330 2881 8683 9533 4431 8710 1184 9235 1361 2763 2050 3585 8008 5266 5908 3311 6895 5739 8917 6783 9446 4976 7863 10000 9755 1610 1382 8494 9050 2848 3242 1309 7688 4069 4274 662 5511 821 983 2136 6772 4535
5130 5197 4782 5250 5378 9422 1470 6079 9582 9508 9318 1120 3969 6732 6218 2163 1866 1139 5829 9581 7310 6965 1922 3354 3739 3003 9630 2173 2895 7572 4236 9237 8867 582 7638 5670 2190 5121 722 369 7806 2191 4193 611 3497 3673 8304 2589 4040 1913 2312 3081 8167 9222 925 9227 3906 8232 4833 3745 8950 2063 1449 6622 5171 226 6502 8586 7028 9934 2155 7325 1925 6618 587 784 8107 8716 4523 4583 6650 4462 4814 6971 5092 2292 9679 2582 9442 3402 8185
1755 6747 2375 6064 3191 4515 8937 8978 7529 4268 1346 2649 2789 3842 3451 9467 4132 1390 8081 898 6738 7828 1303 6076 274 1802 8231 7295 2271 2461 340 1760 1503 1160 4178 8357 6204 5742 6474 3182 9351 7461 6322 4254 2780 4356 359 4822 7155 8383 1552 3118 802 3151 6434 8681 4698 6887 3197 5086 5287 151 2571 5631 3655 1699 3502 7036 5624 5091 9172 5946 6874 8608 5299 3923 1396 8720 5689 6042 7281 9857 7691 1060 3112 3847 9871 1946 3267 8063 5579
8785 621 6682 8905 9706 2866 4881 6107 4384 9396 2274 8050 9517 3489 3647 6482 5805 5888 8099 4948 4504 8082 8241 3057 1779 4935 5331 293 4658 8560 6703 7106 3968 5870 5270 3128 7899 6568 5705 5592 2739 470 211 3327 9948 9932 5516 301 5231 7550 1279 4357 2412 4301 4207 9014 9826 4147 5542 6203 436 3108 9427 9171 8488 6323 1073 3848 1179 5894 7242 6194 1231 9867 6672 5202 9065 7498 6755 2731 2234 8216 2327 822 615 1430 2566 9049 3596 1118 4560
1425 3495 1356 8755 8555 4879 6691 1147 2977 6990 2689 3368 8447 8091 819 2127 182 9464 6742 6970 8388 1080 3283 4053 8707 653 1569 2526 6328 907 2644 3157 527 1408 5968 5042 9594 2836 1576 3291 4385 4397 730 5736 483 1986 9986 5959 286 1588 9263 4448 4272 3531 8173 6233 2980 1395 8459 5232 5069 8780 6948 594 1408 6251 5303 2973 1996 2345 8634 3998 2218 8027 5189 8350 3249 2696 2565 1348 2296 4377 7608 3907 7526 3773 137 9472 4395 8183 4713
9868 8957 7976 5778 4814 5666 4853 5485 7988 5325 190 9242 4781 7857 470 2828 4944 8424 5514 9750 5958 4788 4385 4984 6790 7938 6764 7183 5451 3974 7918 5904 2652 5986 4791 5108 4817 1754 4205 1506 9509 1687 4284 4403 7811 863 5281 9783 7532 607 7303 7586 7812 2760 2326 4719 3501 8181 4047 2753 2135 3772 8594 2499 1582 6133 2561 8709 6996 5953 9677 6034 1326 4789 6648 4389 6672 9924 3214 614 7197 7364 6514 8664 122 8979 8897 4370 9999 5313 3726
7049 1427 4041 1423 8627 1697 355 9278 8116 3603 6460 6450 5100 5996 5125 694 5172 7190 3938 7449 8108 2867 4187 3178 2803 2721 1501 9377 8717 9115 7993 5686 2157 6758 5759 7534 379 6854 6581 8479 2319 1139 4699 3502 9268 181 3453 2230 3775 9214 3606 3624 4320 9623 7475 2136 1599 2198 5072 2978 3593 7143 770 7407 953 9338 1048 1319 832 1475 2251 6012 1513 9720 4534 7514 2220 5490 547 7602 2337 6495 4424 2239 7023 9336 173 3455 9639 3176 3322
4126 3267 1098 2641 9066 9559 1145 610 5514 5193 8481 3457 5783 8488 2680 8300 5779 2651 1451 5153 7100 5513 5075 5035 7039 4653 2114 2948 506 8013 59 7542 9522 965 8675 3507 9957 8042 4928 6893 3628 2331 1860 2716 1260 5468 2067 1906 8007 4927 7456 247 7412 9941 2046 3384 873 6594 6880 2685 3584 6105 7649 3669 3874 6465 9123 1448 6997 5742 4433 3355 7864 1506 6250 594 7748 2765 5122 5322 8810 6556 6303 7873 7353 145 6114 6748 1425 4208 5993